listing_id,restaurant_id,date,item_name,original_price,discount_pct,discounted_price,quantity_listed,quantity_sold,quantity_wasted,option,posted_time,revenue_rescued,money_saved,food_rescued_pct,area_cluster,category,ward
L00001,R000,2026-06-01,Bún bò giò heo,49000,38,30000,9,3,6,delivery,18:45,90000,57000,0.333,Công nhân,Bún bò,Phường Đông Hòa
L00002,R000,2026-06-01,Bún bò thập cẩm,42000,31,29000,8,2,6,pickup,18:45,58000,26000,0.25,Công nhân,Bún bò,Phường Đông Hòa
L00003,R000,2026-06-01,Bún bò gân,35000,33,23000,10,5,5,pickup,18:00,115000,60000,0.5,Công nhân,Bún bò,Phường Đông Hòa
L00004,R001,2026-06-01,Cơm tấm sườn nướng,31000,37,20000,2,0,2,pickup,19:45,0,0,0.0,Ngoại ô,Cơm tấm,Xã Bình Chánh
L00005,R001,2026-06-01,Cơm tấm bì,29000,37,18000,2,1,1,pickup,19:00,18000,11000,0.5,Ngoại ô,Cơm tấm,Xã Bình Chánh
L00006,R001,2026-06-01,Cơm tấm đặc biệt,49000,36,31000,1,0,1,pickup,19:15,0,0,0.0,Ngoại ô,Cơm tấm,Xã Bình Chánh
L00007,R002,2026-06-01,Hủ tiếu Nam Vang,48000,34,32000,2,1,1,delivery,20:45,32000,16000,0.5,Dân cư đông,Hủ tiếu,Phường An Nhơn
L00008,R002,2026-06-01,Hủ tiếu sa tế,46000,37,29000,3,1,2,delivery,20:30,29000,17000,0.333,Dân cư đông,Hủ tiếu,Phường An Nhơn
L00009,R002,2026-06-01,Hủ tiếu mì,47000,41,28000,3,2,1,delivery,20:45,56000,38000,0.667,Dân cư đông,Hủ tiếu,Phường An Nhơn
L00010,R002,2026-06-01,Hủ tiếu bò kho,49000,40,29000,3,2,1,pickup,20:00,58000,40000,0.667,Dân cư đông,Hủ tiếu,Phường An Nhơn
L00011,R002,2026-06-01,Hủ tiếu thập cẩm,55000,41,32000,3,2,1,pickup,20:00,64000,46000,0.667,Dân cư đông,Hủ tiếu,Phường An Nhơn
L00012,R003,2026-06-01,Phở bò chín,62000,57,27000,5,3,2,delivery,18:30,81000,105000,0.6,Công nhân,Phở,Phường Bình Hòa
L00013,R003,2026-06-01,Phở bò tái nạm,52000,52,25000,7,6,1,pickup,18:15,150000,162000,0.857,Công nhân,Phở,Phường Bình Hòa
L00014,R003,2026-06-01,Phở gà,41000,56,18000,6,5,1,delivery,18:00,90000,115000,0.833,Công nhân,Phở,Phường Bình Hòa
L00015,R003,2026-06-01,Phở bò viên,45000,57,19000,5,4,1,delivery,18:15,76000,104000,0.8,Công nhân,Phở,Phường Bình Hòa
L00016,R004,2026-06-01,Hủ tiếu bò kho,52000,47,28000,1,0,1,delivery,16:15,0,0,0.0,Sinh viên,Hủ tiếu,Phường Cát Lái
L00017,R004,2026-06-01,Hủ tiếu sa tế,48000,56,21000,1,0,1,delivery,16:30,0,0,0.0,Sinh viên,Hủ tiếu,Phường Cát Lái
L00018,R004,2026-06-01,Hủ tiếu Nam Vang,47000,50,24000,1,0,1,delivery,16:00,0,0,0.0,Sinh viên,Hủ tiếu,Phường Cát Lái
L00019,R004,2026-06-01,Hủ tiếu thập cẩm,43000,53,20000,1,0,1,delivery,16:15,0,0,0.0,Sinh viên,Hủ tiếu,Phường Cát Lái
L00020,R005,2026-06-01,Hủ tiếu mì,47000,50,24000,3,2,1,pickup,10:30,48000,46000,0.667,Sinh viên,Hủ tiếu,Phường Long Bình
L00021,R005,2026-06-01,Hủ tiếu sa tế,41000,55,18000,3,2,1,pickup,10:00,36000,46000,0.667,Sinh viên,Hủ tiếu,Phường Long Bình
L00022,R005,2026-06-01,Hủ tiếu thập cẩm,50000,55,22000,3,2,1,pickup,10:00,44000,56000,0.667,Sinh viên,Hủ tiếu,Phường Long Bình
L00023,R005,2026-06-01,Hủ tiếu Nam Vang,42000,57,18000,3,2,1,pickup,10:00,36000,48000,0.667,Sinh viên,Hủ tiếu,Phường Long Bình
L00024,R006,2026-06-01,Bún bò thập cẩm,42000,43,24000,1,0,1,delivery,17:00,0,0,0.0,Trung tâm,Bún bò,Phường Nhiêu Lộc
L00025,R006,2026-06-01,Bún bò viên,44000,42,26000,1,0,1,delivery,17:00,0,0,0.0,Trung tâm,Bún bò,Phường Nhiêu Lộc
L00026,R006,2026-06-01,Bún bò giò heo,64000,46,35000,1,0,1,delivery,17:15,0,0,0.0,Trung tâm,Bún bò,Phường Nhiêu Lộc
L00027,R006,2026-06-01,Bún bò gân,38000,36,24000,1,0,1,delivery,17:15,0,0,0.0,Trung tâm,Bún bò,Phường Nhiêu Lộc
L00028,R007,2026-06-01,Phở bò tái nạm,49000,37,31000,20,11,9,pickup,09:30,341000,198000,0.55,Dân cư đông,Phở,Phường An Hội Đông
L00029,R008,2026-06-01,Hủ tiếu thập cẩm,62000,44,35000,4,2,2,delivery,16:00,70000,54000,0.5,Công nhân,Hủ tiếu,Phường Thuận An
L00030,R008,2026-06-01,Hủ tiếu sa tế,48000,41,28000,4,2,2,pickup,16:30,56000,40000,0.5,Công nhân,Hủ tiếu,Phường Thuận An
L00031,R008,2026-06-01,Hủ tiếu bò kho,54000,42,31000,5,3,2,delivery,16:00,93000,69000,0.6,Công nhân,Hủ tiếu,Phường Thuận An
L00032,R009,2026-06-01,Cơm tấm đặc biệt,31000,54,14000,4,3,1,pickup,20:15,42000,51000,0.75,Dân cư đông,Cơm tấm,Phường Tân Bình
L00033,R009,2026-06-01,Cơm tấm bì,41000,57,18000,3,2,1,pickup,20:45,36000,46000,0.667,Dân cư đông,Cơm tấm,Phường Tân Bình
L00034,R009,2026-06-01,Cơm tấm sườn bì chả,34000,52,16000,4,3,1,pickup,20:30,48000,54000,0.75,Dân cư đông,Cơm tấm,Phường Tân Bình
L00035,R010,2026-06-01,Cơm tấm sườn nướng,47000,48,24000,1,0,1,pickup,19:45,0,0,0.0,Trung tâm,Cơm tấm,Phường Đức Nhuận
L00036,R010,2026-06-01,Cơm tấm sườn trứng,32000,46,17000,1,0,1,delivery,19:45,0,0,0.0,Trung tâm,Cơm tấm,Phường Đức Nhuận
L00037,R010,2026-06-01,Cơm tấm bì,41000,42,24000,1,0,1,delivery,19:15,0,0,0.0,Trung tâm,Cơm tấm,Phường Đức Nhuận
L00038,R011,2026-06-01,Bánh mì trứng,17000,32,12000,5,1,4,delivery,20:45,12000,5000,0.2,Ngoại ô,Bánh mì,Xã Hiệp Phước
L00039,R012,2026-06-01,Phở bò viên,46000,59,19000,2,1,1,delivery,20:15,19000,27000,0.5,Dân cư đông,Phở,Phường Khánh Hội
L00040,R012,2026-06-01,Phở bò chín,46000,58,19000,2,1,1,delivery,20:30,19000,27000,0.5,Dân cư đông,Phở,Phường Khánh Hội
L00041,R013,2026-06-01,Phở gà,48000,50,24000,4,2,2,delivery,12:45,48000,48000,0.5,Sinh viên,Phở,Phường Long Bình
L00042,R013,2026-06-01,Phở bò tái nạm,50000,46,27000,3,2,1,delivery,12:15,54000,46000,0.667,Sinh viên,Phở,Phường Long Bình
L00043,R013,2026-06-01,Phở bò viên,46000,54,21000,4,3,1,delivery,12:15,63000,75000,0.75,Sinh viên,Phở,Phường Long Bình
L00044,R013,2026-06-01,Phở bò tái,60000,46,32000,4,2,2,delivery,12:45,64000,56000,0.5,Sinh viên,Phở,Phường Long Bình
L00045,R013,2026-06-01,Phở bò chín,45000,47,24000,4,2,2,pickup,12:15,48000,42000,0.5,Sinh viên,Phở,Phường Long Bình
L00046,R014,2026-06-01,Bánh mì thịt nguội,26000,55,12000,1,0,1,delivery,12:15,0,0,0.0,Sinh viên,Bánh mì,Phường An Khánh
L00047,R014,2026-06-01,Bánh mì chả lụa,29000,57,12000,1,0,1,delivery,12:00,0,0,0.0,Sinh viên,Bánh mì,Phường An Khánh
L00048,R015,2026-06-01,Hủ tiếu sa tế,50000,46,27000,5,2,3,pickup,13:45,54000,46000,0.4,Sinh viên,Hủ tiếu,Phường Hiệp Bình
L00049,R015,2026-06-01,Hủ tiếu Nam Vang,52000,39,32000,6,2,4,delivery,13:15,64000,40000,0.333,Sinh viên,Hủ tiếu,Phường Hiệp Bình
L00050,R015,2026-06-01,Hủ tiếu thập cẩm,51000,39,31000,5,2,3,delivery,13:00,62000,40000,0.4,Sinh viên,Hủ tiếu,Phường Hiệp Bình
L00051,R016,2026-06-01,Phở gà,55000,47,29000,3,1,2,delivery,16:45,29000,26000,0.333,Sinh viên,Phở,Phường Tăng Nhơn Phú
L00052,R016,2026-06-01,Phở bò tái,43000,46,23000,4,2,2,pickup,16:45,46000,40000,0.5,Sinh viên,Phở,Phường Tăng Nhơn Phú
L00053,R016,2026-06-01,Phở bò tái nạm,48000,48,25000,4,2,2,delivery,16:15,50000,46000,0.5,Sinh viên,Phở,Phường Tăng Nhơn Phú
L00054,R017,2026-06-01,Cơm tấm bì,34000,34,22000,19,6,13,delivery,13:00,132000,72000,0.316,Công nhân,Cơm tấm,Phường Dĩ An
L00055,R018,2026-06-01,Cơm tấm sườn nướng,32000,41,19000,2,1,1,delivery,16:00,19000,13000,0.5,Công nhân,Cơm tấm,Phường Lái Thiêu
L00056,R019,2026-06-01,Bún bò gân,51000,41,30000,7,4,3,delivery,18:45,120000,84000,0.571,Sinh viên,Bún bò,Phường Long Bình
L00057,R019,2026-06-01,Bún bò giò heo,42000,42,24000,7,3,4,delivery,18:00,72000,54000,0.429,Sinh viên,Bún bò,Phường Long Bình
L00058,R020,2026-06-01,Phở bò viên,47000,43,27000,2,1,1,delivery,09:00,27000,20000,0.5,Công nhân,Phở,Phường Đông Hòa
L00059,R020,2026-06-01,Phở gà,42000,38,26000,1,0,1,delivery,09:15,0,0,0.0,Công nhân,Phở,Phường Đông Hòa
L00060,R020,2026-06-01,Phở bò tái nạm,57000,37,36000,2,0,2,delivery,09:15,0,0,0.0,Công nhân,Phở,Phường Đông Hòa
L00061,R020,2026-06-01,Phở bò chín,48000,41,28000,2,1,1,delivery,09:45,28000,20000,0.5,Công nhân,Phở,Phường Đông Hòa
L00062,R021,2026-06-01,Hủ tiếu sa tế,46000,36,29000,3,1,2,pickup,20:30,29000,17000,0.333,Sinh viên,Hủ tiếu,Phường Bình Trưng
L00063,R021,2026-06-01,Hủ tiếu thập cẩm,50000,36,32000,3,1,2,pickup,20:15,32000,18000,0.333,Sinh viên,Hủ tiếu,Phường Bình Trưng
L00064,R022,2026-06-01,Bánh mì trứng,22000,56,10000,2,1,1,delivery,18:15,10000,12000,0.5,Sinh viên,Bánh mì,Phường Long Bình
L00065,R022,2026-06-01,Bánh mì chả lụa,29000,60,12000,2,1,1,delivery,18:30,12000,17000,0.5,Sinh viên,Bánh mì,Phường Long Bình
L00066,R022,2026-06-01,Bánh mì thịt nguội,26000,60,10000,2,1,1,pickup,18:00,10000,16000,0.5,Sinh viên,Bánh mì,Phường Long Bình
L00067,R022,2026-06-01,Bánh mì gà,24000,58,10000,2,1,1,pickup,18:00,10000,14000,0.5,Sinh viên,Bánh mì,Phường Long Bình
L00068,R022,2026-06-01,Bánh mì xíu mại,19000,54,9000,2,1,1,delivery,18:15,9000,10000,0.5,Sinh viên,Bánh mì,Phường Long Bình
L00069,R023,2026-06-01,Bánh mì trứng,27000,34,18000,3,1,2,delivery,17:45,18000,9000,0.333,Công nhân,Bánh mì,Phường Tân Đông Hiệp
L00070,R023,2026-06-01,Bánh mì xíu mại,22000,36,14000,3,1,2,delivery,17:00,14000,8000,0.333,Công nhân,Bánh mì,Phường Tân Đông Hiệp
L00071,R024,2026-06-01,Hủ tiếu bò kho,51000,50,26000,17,13,4,pickup,14:00,338000,325000,0.765,Công nhân,Hủ tiếu,Phường An Phú
L00072,R025,2026-06-01,Cơm thịt kho trứng,43000,33,29000,2,1,1,delivery,11:00,29000,14000,0.5,Dân cư đông,Cơm văn phòng,Phường An Hội Đông
L00073,R025,2026-06-01,Cơm sườn đậu hũ,29000,36,19000,1,0,1,pickup,11:30,0,0,0.0,Dân cư đông,Cơm văn phòng,Phường An Hội Đông
L00074,R025,2026-06-01,Cơm gà xối mỡ,51000,35,33000,2,1,1,pickup,11:00,33000,18000,0.5,Dân cư đông,Cơm văn phòng,Phường An Hội Đông
L00075,R025,2026-06-01,Cơm canh chua,36000,34,24000,2,0,2,pickup,11:15,0,0,0.0,Dân cư đông,Cơm văn phòng,Phường An Hội Đông
L00076,R025,2026-06-01,Cơm gà luộc,38000,32,26000,1,0,1,delivery,11:00,0,0,0.0,Dân cư đông,Cơm văn phòng,Phường An Hội Đông
L00077,R026,2026-06-01,Bún riêu cua đồng,43000,37,27000,4,1,3,delivery,16:00,27000,16000,0.25,Sinh viên,Bún riêu,Phường Tam Bình
L00078,R027,2026-06-01,Bún bò thập cẩm,45000,30,31000,2,0,2,pickup,17:15,0,0,0.0,Công nhân,Bún bò,Phường Hòa Lợi
L00079,R028,2026-06-01,Bánh mì thịt nguội,19000,60,8000,6,5,1,pickup,14:45,40000,55000,0.833,Công nhân,Bánh mì,Phường Tân Đông Hiệp
L00080,R029,2026-06-01,Phở bò chín,43000,56,19000,1,0,1,pickup,19:00,0,0,0.0,Trung tâm,Phở,Phường Bến Thành
L00081,R029,2026-06-01,Phở bò tái nạm,57000,56,25000,1,0,1,pickup,19:45,0,0,0.0,Trung tâm,Phở,Phường Bến Thành
L00082,R029,2026-06-01,Phở bò viên,61000,52,29000,1,0,1,delivery,19:30,0,0,0.0,Trung tâm,Phở,Phường Bến Thành
L00083,R029,2026-06-01,Phở gà,50000,56,22000,1,0,1,pickup,19:30,0,0,0.0,Trung tâm,Phở,Phường Bến Thành
L00084,R030,2026-06-01,Bún bò Huế đặc biệt,45000,56,20000,10,7,3,delivery,15:15,140000,175000,0.7,Công nhân,Bún bò,Phường An Phú
L00085,R030,2026-06-01,Bún bò gân,44000,51,22000,11,10,1,pickup,15:15,220000,220000,0.909,Công nhân,Bún bò,Phường An Phú
L00086,R031,2026-06-01,Phở bò chín,51000,39,31000,6,3,3,pickup,09:45,93000,60000,0.5,Sinh viên,Phở,Phường Phước Long
L00087,R031,2026-06-01,Phở gà,58000,46,31000,5,3,2,pickup,09:00,93000,81000,0.6,Sinh viên,Phở,Phường Phước Long
L00088,R032,2026-06-01,Cơm thịt kho trứng,52000,37,33000,5,2,3,delivery,13:15,66000,38000,0.4,Trung tâm,Cơm văn phòng,Phường Cầu Ông Lãnh
L00089,R033,2026-06-01,Cơm tấm sườn trứng,29000,50,14000,1,0,1,pickup,13:00,0,0,0.0,Dân cư đông,Cơm tấm,Phường Tân Hòa
L00090,R033,2026-06-01,Cơm tấm đặc biệt,30000,42,17000,1,0,1,pickup,13:00,0,0,0.0,Dân cư đông,Cơm tấm,Phường Tân Hòa
L00091,R033,2026-06-01,Cơm tấm bì,39000,46,21000,2,1,1,pickup,13:15,21000,18000,0.5,Dân cư đông,Cơm tấm,Phường Tân Hòa
L00092,R033,2026-06-01,Cơm tấm sườn nướng,34000,50,17000,2,1,1,pickup,13:30,17000,17000,0.5,Dân cư đông,Cơm tấm,Phường Tân Hòa
L00093,R033,2026-06-01,Cơm tấm sườn bì chả,33000,42,19000,1,0,1,pickup,13:45,0,0,0.0,Dân cư đông,Cơm tấm,Phường Tân Hòa
L00094,R034,2026-06-01,Bún bò Huế đặc biệt,48000,32,33000,4,2,2,delivery,18:45,66000,30000,0.5,Ngoại ô,Bún bò,Xã Bình Chánh
L00095,R034,2026-06-01,Bún bò thập cẩm,61000,37,38000,6,2,4,delivery,18:30,76000,46000,0.333,Ngoại ô,Bún bò,Xã Bình Chánh
L00096,R035,2026-06-01,Bánh mì gà,30000,52,14000,1,0,1,delivery,12:15,0,0,0.0,Dân cư đông,Bánh mì,Phường Tân Sơn Nhất
L00097,R035,2026-06-01,Bánh mì xíu mại,24000,53,11000,1,0,1,delivery,12:45,0,0,0.0,Dân cư đông,Bánh mì,Phường Tân Sơn Nhất
L00098,R035,2026-06-01,Bánh mì trứng,23000,57,10000,1,0,1,delivery,12:00,0,0,0.0,Dân cư đông,Bánh mì,Phường Tân Sơn Nhất
L00099,R035,2026-06-01,Bánh mì thịt nguội,20000,58,8000,1,0,1,delivery,12:00,0,0,0.0,Dân cư đông,Bánh mì,Phường Tân Sơn Nhất
L00100,R035,2026-06-01,Bánh mì chả lụa,23000,52,11000,1,0,1,delivery,12:15,0,0,0.0,Dân cư đông,Bánh mì,Phường Tân Sơn Nhất
L00101,R036,2026-06-01,Bún bò viên,40000,39,24000,4,1,3,delivery,14:30,24000,16000,0.25,Sinh viên,Bún bò,Phường Phước Long
L00102,R036,2026-06-01,Bún bò Huế đặc biệt,50000,38,31000,3,1,2,delivery,14:45,31000,19000,0.333,Sinh viên,Bún bò,Phường Phước Long
L00103,R036,2026-06-01,Bún bò gân,51000,32,35000,4,2,2,delivery,14:00,70000,32000,0.5,Sinh viên,Bún bò,Phường Phước Long
L00104,R037,2026-06-01,Bún bò gân,49000,42,28000,6,3,3,delivery,15:15,84000,63000,0.5,Trung tâm,Bún bò,Phường Tân Định
L00105,R038,2026-06-01,Bún bò viên,38000,52,18000,2,1,1,pickup,17:15,18000,20000,0.5,Công nhân,Bún bò,Phường Thuận Giao
L00106,R038,2026-06-01,Bún bò gân,56000,44,31000,1,0,1,pickup,17:00,0,0,0.0,Công nhân,Bún bò,Phường Thuận Giao
L00107,R039,2026-06-01,Bún riêu cua mọc,37000,60,15000,19,15,4,pickup,09:30,225000,330000,0.789,Công nhân,Bún riêu,Phường Đông Hòa
L00108,R040,2026-06-01,Bún bò viên,41000,56,18000,1,0,1,delivery,14:30,0,0,0.0,Sinh viên,Bún bò,Phường Bình Trưng
L00109,R041,2026-06-01,Phở bò viên,46000,49,23000,3,2,1,delivery,15:30,46000,46000,0.667,Công nhân,Phở,Phường Tân Khánh
L00110,R041,2026-06-01,Phở gà,43000,50,22000,3,2,1,delivery,15:00,44000,42000,0.667,Công nhân,Phở,Phường Tân Khánh
L00111,R042,2026-06-01,Cơm tấm bì,37000,56,16000,3,2,1,delivery,11:45,32000,42000,0.667,Trung tâm,Cơm tấm,Phường Tân Định
L00112,R042,2026-06-01,Cơm tấm đặc biệt,39000,60,16000,3,2,1,delivery,11:15,32000,46000,0.667,Trung tâm,Cơm tấm,Phường Tân Định
L00113,R042,2026-06-01,Cơm tấm sườn nướng,34000,60,14000,3,2,1,pickup,11:00,28000,40000,0.667,Trung tâm,Cơm tấm,Phường Tân Định
L00114,R043,2026-06-01,Cơm canh chua,37000,60,15000,2,1,1,pickup,16:15,15000,22000,0.5,Dân cư đông,Cơm văn phòng,Phường Bảy Hiền
L00115,R043,2026-06-01,Cơm thịt kho trứng,47000,60,19000,2,1,1,pickup,16:30,19000,28000,0.5,Dân cư đông,Cơm văn phòng,Phường Bảy Hiền
L00116,R043,2026-06-01,Cơm gà xối mỡ,52000,59,21000,2,1,1,pickup,16:45,21000,31000,0.5,Dân cư đông,Cơm văn phòng,Phường Bảy Hiền
L00117,R043,2026-06-01,Cơm sườn đậu hũ,26000,59,11000,3,2,1,pickup,16:45,22000,30000,0.667,Dân cư đông,Cơm văn phòng,Phường Bảy Hiền
L00118,R043,2026-06-01,Cơm gà luộc,45000,55,20000,3,2,1,pickup,16:45,40000,50000,0.667,Dân cư đông,Cơm văn phòng,Phường Bảy Hiền
L00119,R044,2026-06-01,Hủ tiếu sa tế,61000,48,32000,2,1,1,delivery,13:00,32000,29000,0.5,Sinh viên,Hủ tiếu,Phường Tam Bình
L00120,R044,2026-06-01,Hủ tiếu thập cẩm,52000,50,26000,3,2,1,delivery,13:45,52000,52000,0.667,Sinh viên,Hủ tiếu,Phường Tam Bình
L00121,R044,2026-06-01,Hủ tiếu Nam Vang,49000,50,24000,3,2,1,delivery,13:30,48000,50000,0.667,Sinh viên,Hủ tiếu,Phường Tam Bình
L00122,R045,2026-06-01,Bún bò gân,40000,40,24000,4,2,2,delivery,17:30,48000,32000,0.5,Công nhân,Bún bò,Phường Thuận An
L00123,R045,2026-06-01,Bún bò Huế đặc biệt,46000,36,29000,4,2,2,pickup,17:15,58000,34000,0.5,Công nhân,Bún bò,Phường Thuận An
L00124,R045,2026-06-01,Bún bò thập cẩm,52000,44,29000,3,1,2,delivery,17:00,29000,23000,0.333,Công nhân,Bún bò,Phường Thuận An
L00125,R046,2026-06-01,Bánh mì xíu mại,27000,51,13000,3,2,1,pickup,13:00,26000,28000,0.667,Sinh viên,Bánh mì,Phường Cát Lái
L00126,R046,2026-06-01,Bánh mì trứng,25000,52,12000,2,1,1,pickup,13:15,12000,13000,0.5,Sinh viên,Bánh mì,Phường Cát Lái
L00127,R046,2026-06-01,Bánh mì thịt nguội,28000,55,13000,3,2,1,pickup,13:45,26000,30000,0.667,Sinh viên,Bánh mì,Phường Cát Lái
L00128,R046,2026-06-01,Bánh mì chả lụa,21000,55,9000,3,2,1,pickup,13:00,18000,24000,0.667,Sinh viên,Bánh mì,Phường Cát Lái
L00129,R046,2026-06-01,Bánh mì gà,30000,55,13000,2,1,1,pickup,13:00,13000,17000,0.5,Sinh viên,Bánh mì,Phường Cát Lái
L00130,R047,2026-06-01,Bún bò Huế đặc biệt,50000,47,26000,30,21,9,delivery,17:45,546000,504000,0.7,Công nhân,Bún bò,Phường Tân Khánh
L00131,R048,2026-06-01,Bánh mì xíu mại,34000,56,15000,4,2,2,delivery,18:30,30000,38000,0.5,Công nhân,Bánh mì,Phường An Phú
L00132,R048,2026-06-01,Bánh mì gà,20000,49,10000,3,2,1,pickup,18:00,20000,20000,0.667,Công nhân,Bánh mì,Phường An Phú
L00133,R049,2026-06-01,Phở bò tái,50000,43,28000,1,0,1,delivery,12:45,0,0,0.0,Sinh viên,Phở,Phường Thủ Đức
L00134,R049,2026-06-01,Phở bò chín,37000,38,23000,1,0,1,delivery,12:30,0,0,0.0,Sinh viên,Phở,Phường Thủ Đức
L00135,R049,2026-06-01,Phở bò tái nạm,55000,45,30000,1,0,1,delivery,12:30,0,0,0.0,Sinh viên,Phở,Phường Thủ Đức
L00136,R049,2026-06-01,Phở gà,59000,45,32000,1,0,1,delivery,12:00,0,0,0.0,Sinh viên,Phở,Phường Thủ Đức
L00137,R050,2026-06-01,Bánh mì chả lụa,30000,43,17000,1,0,1,pickup,17:15,0,0,0.0,Ngoại ô,Bánh mì,Xã Hưng Long
L00138,R051,2026-06-01,Hủ tiếu thập cẩm,40000,56,18000,4,3,1,pickup,13:00,54000,66000,0.75,Dân cư đông,Hủ tiếu,Phường Hạnh Thông
L00139,R052,2026-06-01,Cơm tấm sườn trứng,45000,34,30000,3,1,2,delivery,18:30,30000,15000,0.333,Dân cư đông,Cơm tấm,Phường Xóm Chiếu
L00140,R052,2026-06-01,Cơm tấm bì,40000,42,23000,3,2,1,delivery,18:15,46000,34000,0.667,Dân cư đông,Cơm tấm,Phường Xóm Chiếu
L00141,R052,2026-06-01,Cơm tấm sườn nướng,26000,42,15000,4,2,2,delivery,18:45,30000,22000,0.5,Dân cư đông,Cơm tấm,Phường Xóm Chiếu
L00142,R053,2026-06-01,Bánh mì chả lụa,22000,55,10000,3,2,1,delivery,17:30,20000,24000,0.667,Dân cư đông,Bánh mì,Phường Gia Định
L00143,R053,2026-06-01,Bánh mì gà,19000,60,8000,3,2,1,delivery,17:00,16000,22000,0.667,Dân cư đông,Bánh mì,Phường Gia Định
L00144,R053,2026-06-01,Bánh mì xíu mại,22000,60,9000,4,3,1,delivery,17:00,27000,39000,0.75,Dân cư đông,Bánh mì,Phường Gia Định
L00145,R053,2026-06-01,Bánh mì trứng,32000,60,13000,3,2,1,delivery,17:45,26000,38000,0.667,Dân cư đông,Bánh mì,Phường Gia Định
L00146,R053,2026-06-01,Bánh mì thịt nguội,20000,60,8000,3,2,1,delivery,17:30,16000,24000,0.667,Dân cư đông,Bánh mì,Phường Gia Định
L00147,R054,2026-06-01,Bánh mì thịt nguội,20000,56,9000,3,2,1,delivery,11:30,18000,22000,0.667,Công nhân,Bánh mì,Phường Bình Hòa
L00148,R054,2026-06-01,Bánh mì trứng,24000,49,12000,3,1,2,delivery,11:30,12000,12000,0.333,Công nhân,Bánh mì,Phường Bình Hòa
L00149,R054,2026-06-01,Bánh mì gà,22000,55,10000,3,2,1,delivery,11:15,20000,24000,0.667,Công nhân,Bánh mì,Phường Bình Hòa
L00150,R054,2026-06-01,Bánh mì chả lụa,24000,49,12000,4,2,2,delivery,11:15,24000,24000,0.5,Công nhân,Bánh mì,Phường Bình Hòa
L00151,R055,2026-06-01,Cơm tấm sườn nướng,33000,60,13000,1,0,1,delivery,12:00,0,0,0.0,Dân cư đông,Cơm tấm,Phường Thông Tây Hội
L00152,R055,2026-06-01,Cơm tấm bì,32000,55,14000,2,1,1,pickup,12:30,14000,18000,0.5,Dân cư đông,Cơm tấm,Phường Thông Tây Hội
L00153,R055,2026-06-01,Cơm tấm sườn bì chả,42000,60,17000,1,0,1,pickup,12:45,0,0,0.0,Dân cư đông,Cơm tấm,Phường Thông Tây Hội
L00154,R055,2026-06-01,Cơm tấm sườn trứng,33000,60,13000,2,1,1,delivery,12:30,13000,20000,0.5,Dân cư đông,Cơm tấm,Phường Thông Tây Hội
L00155,R055,2026-06-01,Cơm tấm đặc biệt,45000,57,19000,2,1,1,delivery,12:15,19000,26000,0.5,Dân cư đông,Cơm tấm,Phường Thông Tây Hội
L00156,R056,2026-06-01,Hủ tiếu sa tế,55000,33,37000,4,2,2,delivery,17:00,74000,36000,0.5,Trung tâm,Hủ tiếu,Phường Nhiêu Lộc
L00157,R056,2026-06-01,Hủ tiếu bò kho,53000,39,32000,4,1,3,delivery,17:45,32000,21000,0.25,Trung tâm,Hủ tiếu,Phường Nhiêu Lộc
L00158,R057,2026-06-01,Bún bò gân,62000,50,31000,1,0,1,pickup,18:00,0,0,0.0,Sinh viên,Bún bò,Phường Bình Trưng
L00159,R057,2026-06-01,Bún bò viên,48000,52,23000,1,0,1,pickup,18:00,0,0,0.0,Sinh viên,Bún bò,Phường Bình Trưng
L00160,R058,2026-06-01,Bánh mì gà,23000,38,14000,1,0,1,pickup,19:00,0,0,0.0,Trung tâm,Bánh mì,Phường Cầu Kiệu
L00161,R058,2026-06-01,Bánh mì trứng,26000,34,17000,1,0,1,pickup,19:00,0,0,0.0,Trung tâm,Bánh mì,Phường Cầu Kiệu
L00162,R058,2026-06-01,Bánh mì chả lụa,24000,30,17000,1,0,1,pickup,19:00,0,0,0.0,Trung tâm,Bánh mì,Phường Cầu Kiệu
L00163,R058,2026-06-01,Bánh mì xíu mại,26000,33,17000,1,0,1,pickup,19:00,0,0,0.0,Trung tâm,Bánh mì,Phường Cầu Kiệu
L00164,R059,2026-06-01,Cơm tấm sườn trứng,34000,33,23000,2,0,2,delivery,14:00,0,0,0.0,Sinh viên,Cơm tấm,Phường Tam Bình
L00165,R059,2026-06-01,Cơm tấm sườn nướng,36000,34,24000,1,0,1,delivery,14:15,0,0,0.0,Sinh viên,Cơm tấm,Phường Tam Bình
L00166,R060,2026-06-01,Phở bò chín,44000,58,18000,3,2,1,delivery,10:45,36000,52000,0.667,Công nhân,Phở,Phường Tân Đông Hiệp
L00167,R061,2026-06-01,Cơm tấm đặc biệt,37000,48,19000,4,3,1,pickup,15:00,57000,54000,0.75,Sinh viên,Cơm tấm,Phường Tam Bình
L00168,R061,2026-06-01,Cơm tấm sườn nướng,38000,43,22000,4,2,2,delivery,15:15,44000,32000,0.5,Sinh viên,Cơm tấm,Phường Tam Bình
L00169,R062,2026-06-01,Phở bò tái nạm,47000,35,31000,1,0,1,delivery,10:00,0,0,0.0,Dân cư đông,Phở,Phường Hạnh Thông
L00170,R062,2026-06-01,Phở bò chín,52000,34,34000,1,0,1,delivery,10:30,0,0,0.0,Dân cư đông,Phở,Phường Hạnh Thông
L00171,R062,2026-06-01,Phở bò viên,40000,30,28000,1,0,1,delivery,10:15,0,0,0.0,Dân cư đông,Phở,Phường Hạnh Thông
L00172,R062,2026-06-01,Phở bò tái,45000,37,28000,1,0,1,delivery,10:00,0,0,0.0,Dân cư đông,Phở,Phường Hạnh Thông
L00173,R062,2026-06-01,Phở gà,51000,30,36000,1,0,1,delivery,10:15,0,0,0.0,Dân cư đông,Phở,Phường Hạnh Thông
L00174,R063,2026-06-01,Hủ tiếu bò kho,52000,42,30000,4,3,1,delivery,19:15,90000,66000,0.75,Công nhân,Hủ tiếu,Phường Thuận Giao
L00175,R063,2026-06-01,Hủ tiếu Nam Vang,43000,46,23000,4,2,2,delivery,19:15,46000,40000,0.5,Công nhân,Hủ tiếu,Phường Thuận Giao
L00176,R063,2026-06-01,Hủ tiếu thập cẩm,52000,43,30000,3,2,1,delivery,19:15,60000,44000,0.667,Công nhân,Hủ tiếu,Phường Thuận Giao
L00177,R064,2026-06-01,Bún bò gân,52000,46,28000,2,1,1,delivery,10:30,28000,24000,0.5,Sinh viên,Bún bò,Phường Tăng Nhơn Phú
L00178,R064,2026-06-01,Bún bò Huế đặc biệt,47000,41,28000,3,2,1,delivery,10:15,56000,38000,0.667,Sinh viên,Bún bò,Phường Tăng Nhơn Phú
L00179,R064,2026-06-01,Bún bò viên,51000,45,28000,3,1,2,delivery,10:15,28000,23000,0.333,Sinh viên,Bún bò,Phường Tăng Nhơn Phú
L00180,R065,2026-06-01,Cơm tấm sườn trứng,36000,54,17000,2,1,1,pickup,19:00,17000,19000,0.5,Công nhân,Cơm tấm,Phường Đông Hòa
L00181,R065,2026-06-01,Cơm tấm sườn nướng,41000,49,21000,2,1,1,pickup,19:00,21000,20000,0.5,Công nhân,Cơm tấm,Phường Đông Hòa
L00182,R065,2026-06-01,Cơm tấm đặc biệt,33000,54,15000,2,1,1,pickup,19:15,15000,18000,0.5,Công nhân,Cơm tấm,Phường Đông Hòa
L00183,R066,2026-06-01,Cơm sườn đậu hũ,49000,60,20000,4,3,1,pickup,09:45,60000,87000,0.75,Sinh viên,Cơm văn phòng,Phường An Khánh
L00184,R066,2026-06-01,Cơm thịt kho trứng,30000,58,13000,4,3,1,pickup,09:45,39000,51000,0.75,Sinh viên,Cơm văn phòng,Phường An Khánh
L00185,R066,2026-06-01,Cơm gà xối mỡ,52000,60,21000,5,3,2,pickup,09:30,63000,93000,0.6,Sinh viên,Cơm văn phòng,Phường An Khánh
L00186,R067,2026-06-01,Cơm canh chua,37000,49,19000,1,0,1,delivery,19:15,0,0,0.0,Dân cư đông,Cơm văn phòng,Phường An Hội Đông
L00187,R067,2026-06-01,Cơm sườn đậu hũ,34000,46,18000,1,0,1,delivery,19:00,0,0,0.0,Dân cư đông,Cơm văn phòng,Phường An Hội Đông
L00188,R067,2026-06-01,Cơm gà luộc,31000,52,15000,1,0,1,pickup,19:30,0,0,0.0,Dân cư đông,Cơm văn phòng,Phường An Hội Đông
L00189,R067,2026-06-01,Cơm gà xối mỡ,52000,49,27000,1,0,1,pickup,19:00,0,0,0.0,Dân cư đông,Cơm văn phòng,Phường An Hội Đông
L00190,R067,2026-06-01,Cơm thịt kho trứng,29000,49,15000,1,0,1,pickup,19:00,0,0,0.0,Dân cư đông,Cơm văn phòng,Phường An Hội Đông
L00191,R068,2026-06-01,Bún riêu cua đồng,37000,37,23000,1,0,1,delivery,19:15,0,0,0.0,Trung tâm,Bún riêu,Phường Xuân Hòa
L00192,R068,2026-06-01,Bún riêu cua mọc,39000,32,27000,1,0,1,delivery,19:30,0,0,0.0,Trung tâm,Bún riêu,Phường Xuân Hòa
L00193,R068,2026-06-01,Bún riêu cua,50000,37,32000,1,0,1,delivery,19:30,0,0,0.0,Trung tâm,Bún riêu,Phường Xuân Hòa
L00194,R069,2026-06-01,Bánh mì thịt nguội,20000,44,11000,1,0,1,delivery,20:30,0,0,0.0,Ngoại ô,Bánh mì,Xã Xuân Thới Sơn
L00195,R069,2026-06-01,Bánh mì gà,30000,46,16000,1,0,1,pickup,20:30,0,0,0.0,Ngoại ô,Bánh mì,Xã Xuân Thới Sơn
L00196,R069,2026-06-01,Bánh mì chả lụa,23000,44,13000,1,0,1,pickup,20:00,0,0,0.0,Ngoại ô,Bánh mì,Xã Xuân Thới Sơn
L00197,R070,2026-06-01,Hủ tiếu bò kho,44000,59,18000,1,0,1,pickup,19:15,0,0,0.0,Dân cư đông,Hủ tiếu,Phường Gò Vấp
L00198,R070,2026-06-01,Hủ tiếu sa tế,60000,58,25000,1,0,1,delivery,19:00,0,0,0.0,Dân cư đông,Hủ tiếu,Phường Gò Vấp
L00199,R070,2026-06-01,Hủ tiếu mì,49000,60,20000,1,0,1,pickup,19:45,0,0,0.0,Dân cư đông,Hủ tiếu,Phường Gò Vấp
L00200,R070,2026-06-01,Hủ tiếu thập cẩm,44000,59,18000,1,0,1,pickup,19:45,0,0,0.0,Dân cư đông,Hủ tiếu,Phường Gò Vấp
L00201,R071,2026-06-01,Cơm tấm đặc biệt,45000,37,28000,4,2,2,delivery,11:30,56000,34000,0.5,Sinh viên,Cơm tấm,Phường Bình Trưng
L00202,R071,2026-06-01,Cơm tấm sườn nướng,32000,39,20000,4,2,2,delivery,11:30,40000,24000,0.5,Sinh viên,Cơm tấm,Phường Bình Trưng
L00203,R071,2026-06-01,Cơm tấm sườn trứng,31000,39,19000,4,1,3,pickup,11:15,19000,12000,0.25,Sinh viên,Cơm tấm,Phường Bình Trưng
L00204,R071,2026-06-01,Cơm tấm bì,45000,35,29000,4,1,3,delivery,11:30,29000,16000,0.25,Sinh viên,Cơm tấm,Phường Bình Trưng
L00205,R071,2026-06-01,Cơm tấm sườn bì chả,40000,30,28000,4,2,2,delivery,11:30,56000,24000,0.5,Sinh viên,Cơm tấm,Phường Bình Trưng
L00206,R072,2026-06-01,Cơm gà xối mỡ,45000,53,21000,4,2,2,pickup,14:45,42000,48000,0.5,Trung tâm,Cơm văn phòng,Phường Bến Thành
L00207,R072,2026-06-01,Cơm thịt kho trứng,49000,49,25000,5,3,2,pickup,14:15,75000,72000,0.6,Trung tâm,Cơm văn phòng,Phường Bến Thành
L00208,R073,2026-06-01,Bánh mì chả lụa,29000,43,17000,2,1,1,delivery,16:45,17000,12000,0.5,Dân cư đông,Bánh mì,Phường Vĩnh Hội
L00209,R073,2026-06-01,Bánh mì xíu mại,17000,45,9000,2,1,1,pickup,16:30,9000,8000,0.5,Dân cư đông,Bánh mì,Phường Vĩnh Hội
L00210,R074,2026-06-01,Cơm gà xối mỡ,54000,30,38000,2,0,2,pickup,17:00,0,0,0.0,Dân cư đông,Cơm văn phòng,Phường Bình Lợi Trung
L00211,R074,2026-06-01,Cơm thịt kho trứng,44000,35,29000,2,0,2,pickup,17:15,0,0,0.0,Dân cư đông,Cơm văn phòng,Phường Bình Lợi Trung
L00212,R074,2026-06-01,Cơm gà luộc,33000,35,21000,2,0,2,pickup,17:00,0,0,0.0,Dân cư đông,Cơm văn phòng,Phường Bình Lợi Trung
L00213,R074,2026-06-01,Cơm canh chua,28000,30,20000,2,1,1,pickup,17:00,20000,8000,0.5,Dân cư đông,Cơm văn phòng,Phường Bình Lợi Trung
L00214,R074,2026-06-01,Cơm sườn đậu hũ,36000,33,24000,2,0,2,pickup,17:30,0,0,0.0,Dân cư đông,Cơm văn phòng,Phường Bình Lợi Trung
L00215,R075,2026-06-01,Cơm tấm bì,33000,45,18000,4,2,2,delivery,15:30,36000,30000,0.5,Dân cư đông,Cơm tấm,Phường Vĩnh Hội
L00216,R075,2026-06-01,Cơm tấm đặc biệt,38000,53,18000,3,2,1,pickup,15:30,36000,40000,0.667,Dân cư đông,Cơm tấm,Phường Vĩnh Hội
L00217,R075,2026-06-01,Cơm tấm sườn trứng,38000,51,19000,3,2,1,delivery,15:00,38000,38000,0.667,Dân cư đông,Cơm tấm,Phường Vĩnh Hội
L00218,R076,2026-06-01,Phở bò tái,47000,44,26000,7,3,4,pickup,12:45,78000,63000,0.429,Dân cư đông,Phở,Phường An Nhơn
L00219,R076,2026-06-01,Phở bò viên,49000,46,26000,5,2,3,pickup,12:15,52000,46000,0.4,Dân cư đông,Phở,Phường An Nhơn
L00220,R076,2026-06-01,Phở gà,44000,45,24000,6,3,3,pickup,12:45,72000,60000,0.5,Dân cư đông,Phở,Phường An Nhơn
L00221,R077,2026-06-01,Cơm tấm bì,36000,44,20000,2,1,1,pickup,14:00,20000,16000,0.5,Trung tâm,Cơm tấm,Phường Xuân Hòa
L00222,R077,2026-06-01,Cơm tấm sườn nướng,48000,49,24000,3,1,2,delivery,14:00,24000,24000,0.333,Trung tâm,Cơm tấm,Phường Xuân Hòa
L00223,R077,2026-06-01,Cơm tấm sườn trứng,39000,44,22000,2,1,1,pickup,14:15,22000,17000,0.5,Trung tâm,Cơm tấm,Phường Xuân Hòa
L00224,R078,2026-06-01,Bún riêu cua,42000,41,25000,2,1,1,delivery,13:45,25000,17000,0.5,Công nhân,Bún riêu,Phường Tân Đông Hiệp
L00225,R078,2026-06-01,Bún riêu thập cẩm,39000,38,24000,2,0,2,pickup,13:15,0,0,0.0,Công nhân,Bún riêu,Phường Tân Đông Hiệp
L00226,R078,2026-06-01,Bún riêu cua mọc,33000,33,22000,2,1,1,delivery,13:30,22000,11000,0.5,Công nhân,Bún riêu,Phường Tân Đông Hiệp
L00227,R078,2026-06-01,Bún riêu cua đồng,50000,39,30000,2,1,1,delivery,13:45,30000,20000,0.5,Công nhân,Bún riêu,Phường Tân Đông Hiệp
L00228,R079,2026-06-01,Cơm tấm sườn bì chả,44000,45,24000,7,4,3,delivery,16:15,96000,80000,0.571,Sinh viên,Cơm tấm,Phường Bình Trưng
L00229,R080,2026-06-01,Cơm tấm bì,38000,50,19000,1,0,1,pickup,09:45,0,0,0.0,Dân cư đông,Cơm tấm,Phường An Hội Đông
L00230,R080,2026-06-01,Cơm tấm sườn bì chả,32000,43,18000,1,0,1,pickup,09:45,0,0,0.0,Dân cư đông,Cơm tấm,Phường An Hội Đông
L00231,R080,2026-06-01,Cơm tấm sườn trứng,46000,45,25000,1,0,1,delivery,09:15,0,0,0.0,Dân cư đông,Cơm tấm,Phường An Hội Đông
L00232,R080,2026-06-01,Cơm tấm đặc biệt,41000,45,23000,1,0,1,pickup,09:30,0,0,0.0,Dân cư đông,Cơm tấm,Phường An Hội Đông
L00233,R080,2026-06-01,Cơm tấm sườn nướng,36000,46,19000,1,0,1,delivery,09:45,0,0,0.0,Dân cư đông,Cơm tấm,Phường An Hội Đông
L00234,R081,2026-06-01,Bún riêu thập cẩm,45000,52,22000,4,3,1,pickup,09:45,66000,69000,0.75,Công nhân,Bún riêu,Phường Đông Hòa
L00235,R081,2026-06-01,Bún riêu cua đồng,53000,56,23000,3,2,1,pickup,09:30,46000,60000,0.667,Công nhân,Bún riêu,Phường Đông Hòa
L00236,R081,2026-06-01,Bún riêu cua mọc,40000,53,19000,4,3,1,pickup,09:45,57000,63000,0.75,Công nhân,Bún riêu,Phường Đông Hòa
L00237,R081,2026-06-01,Bún riêu cua,49000,54,23000,4,3,1,pickup,09:30,69000,78000,0.75,Công nhân,Bún riêu,Phường Đông Hòa
L00238,R082,2026-06-01,Hủ tiếu thập cẩm,50000,55,22000,8,7,1,delivery,19:15,154000,196000,0.875,Sinh viên,Hủ tiếu,Phường Tăng Nhơn Phú
L00239,R082,2026-06-01,Hủ tiếu Nam Vang,58000,54,27000,10,8,2,delivery,19:15,216000,248000,0.8,Sinh viên,Hủ tiếu,Phường Tăng Nhơn Phú
L00240,R083,2026-06-01,Cơm tấm bì,30000,35,20000,1,0,1,pickup,14:30,0,0,0.0,Trung tâm,Cơm tấm,Phường Sài Gòn
L00241,R083,2026-06-01,Cơm tấm sườn trứng,36000,36,23000,1,0,1,pickup,14:00,0,0,0.0,Trung tâm,Cơm tấm,Phường Sài Gòn
L00242,R083,2026-06-01,Cơm tấm sườn nướng,43000,35,28000,1,0,1,delivery,14:30,0,0,0.0,Trung tâm,Cơm tấm,Phường Sài Gòn
L00243,R084,2026-06-01,Bún riêu cua đồng,39000,45,21000,1,0,1,delivery,18:00,0,0,0.0,Sinh viên,Bún riêu,Phường Hiệp Bình
L00244,R085,2026-06-01,Bánh mì thịt nguội,20000,54,9000,17,12,5,pickup,20:30,108000,132000,0.706,Sinh viên,Bánh mì,Phường Tăng Nhơn Phú
L00245,R086,2026-06-01,Phở bò tái nạm,55000,57,24000,1,0,1,delivery,10:30,0,0,0.0,Dân cư đông,Phở,Phường Tân Sơn Nhất
L00246,R086,2026-06-01,Phở bò chín,48000,53,23000,1,0,1,delivery,10:15,0,0,0.0,Dân cư đông,Phở,Phường Tân Sơn Nhất
L00247,R086,2026-06-01,Phở bò tái,43000,59,18000,1,0,1,delivery,10:30,0,0,0.0,Dân cư đông,Phở,Phường Tân Sơn Nhất
L00248,R086,2026-06-01,Phở gà,42000,60,17000,1,0,1,delivery,10:00,0,0,0.0,Dân cư đông,Phở,Phường Tân Sơn Nhất
L00249,R086,2026-06-01,Phở bò viên,51000,53,24000,1,0,1,delivery,10:45,0,0,0.0,Dân cư đông,Phở,Phường Tân Sơn Nhất
L00250,R087,2026-06-01,Phở bò tái,61000,35,40000,12,5,7,pickup,13:30,200000,105000,0.417,Công nhân,Phở,Phường Thuận An
L00251,R087,2026-06-01,Phở bò tái nạm,45000,34,30000,13,4,9,pickup,13:45,120000,60000,0.308,Công nhân,Phở,Phường Thuận An
L00252,R088,2026-06-01,Cơm tấm sườn bì chả,32000,57,14000,3,2,1,pickup,09:45,28000,36000,0.667,Dân cư đông,Cơm tấm,Phường Gò Vấp
L00253,R088,2026-06-01,Cơm tấm bì,50000,54,23000,2,1,1,pickup,09:30,23000,27000,0.5,Dân cư đông,Cơm tấm,Phường Gò Vấp
L00254,R088,2026-06-01,Cơm tấm sườn nướng,38000,53,18000,3,2,1,pickup,09:00,36000,40000,0.667,Dân cư đông,Cơm tấm,Phường Gò Vấp
L00255,R088,2026-06-01,Cơm tấm sườn trứng,49000,56,22000,2,1,1,delivery,09:45,22000,27000,0.5,Dân cư đông,Cơm tấm,Phường Gò Vấp
L00256,R088,2026-06-01,Cơm tấm đặc biệt,41000,60,16000,3,2,1,pickup,09:15,32000,50000,0.667,Dân cư đông,Cơm tấm,Phường Gò Vấp
L00257,R089,2026-06-01,Hủ tiếu bò kho,54000,37,34000,1,0,1,pickup,15:15,0,0,0.0,Công nhân,Hủ tiếu,Phường Đông Hòa
L00258,R089,2026-06-01,Hủ tiếu mì,51000,34,34000,1,0,1,pickup,15:30,0,0,0.0,Công nhân,Hủ tiếu,Phường Đông Hòa
L00259,R089,2026-06-01,Hủ tiếu sa tế,55000,36,35000,1,0,1,pickup,15:00,0,0,0.0,Công nhân,Hủ tiếu,Phường Đông Hòa
L00260,R089,2026-06-01,Hủ tiếu thập cẩm,46000,35,30000,1,0,1,delivery,15:00,0,0,0.0,Công nhân,Hủ tiếu,Phường Đông Hòa
L00261,R090,2026-06-01,Hủ tiếu mì,43000,44,24000,15,10,5,delivery,09:15,240000,190000,0.667,Sinh viên,Hủ tiếu,Phường Thủ Đức
L00262,R091,2026-06-01,Bánh mì xíu mại,29000,53,14000,2,1,1,delivery,12:15,14000,15000,0.5,Dân cư đông,Bánh mì,Phường Xóm Chiếu
L00263,R092,2026-06-01,Cơm tấm bì,34000,33,23000,3,1,2,pickup,17:15,23000,11000,0.333,Dân cư đông,Cơm tấm,Phường Gia Định
L00264,R092,2026-06-01,Cơm tấm sườn nướng,42000,40,25000,3,1,2,delivery,17:30,25000,17000,0.333,Dân cư đông,Cơm tấm,Phường Gia Định
L00265,R092,2026-06-01,Cơm tấm đặc biệt,30000,38,19000,3,1,2,delivery,17:45,19000,11000,0.333,Dân cư đông,Cơm tấm,Phường Gia Định
L00266,R092,2026-06-01,Cơm tấm sườn trứng,35000,31,24000,3,1,2,pickup,17:00,24000,11000,0.333,Dân cư đông,Cơm tấm,Phường Gia Định
L00267,R092,2026-06-01,Cơm tấm sườn bì chả,35000,32,24000,2,1,1,delivery,17:15,24000,11000,0.5,Dân cư đông,Cơm tấm,Phường Gia Định
L00268,R093,2026-06-01,Phở bò tái nạm,41000,41,24000,5,2,3,pickup,09:30,48000,34000,0.4,Công nhân,Phở,Phường Tân Đông Hiệp
L00269,R093,2026-06-01,Phở gà,52000,38,32000,5,2,3,delivery,09:45,64000,40000,0.4,Công nhân,Phở,Phường Tân Đông Hiệp
L00270,R093,2026-06-01,Phở bò tái,47000,37,30000,6,3,3,delivery,09:00,90000,51000,0.5,Công nhân,Phở,Phường Tân Đông Hiệp
L00271,R093,2026-06-01,Phở bò viên,60000,37,38000,6,3,3,delivery,09:45,114000,66000,0.5,Công nhân,Phở,Phường Tân Đông Hiệp
L00272,R094,2026-06-01,Hủ tiếu sa tế,46000,57,20000,9,8,1,delivery,12:15,160000,208000,0.889,Dân cư đông,Hủ tiếu,Phường Bình Lợi Trung
L00273,R095,2026-06-01,Cơm tấm sườn trứng,36000,60,14000,2,1,1,pickup,14:15,14000,22000,0.5,Công nhân,Cơm tấm,Phường Lái Thiêu
L00274,R095,2026-06-01,Cơm tấm đặc biệt,39000,55,18000,2,1,1,pickup,14:30,18000,21000,0.5,Công nhân,Cơm tấm,Phường Lái Thiêu
L00275,R095,2026-06-01,Cơm tấm sườn nướng,32000,59,13000,2,1,1,pickup,14:45,13000,19000,0.5,Công nhân,Cơm tấm,Phường Lái Thiêu
L00276,R095,2026-06-01,Cơm tấm sườn bì chả,34000,60,14000,2,1,1,pickup,14:30,14000,20000,0.5,Công nhân,Cơm tấm,Phường Lái Thiêu
L00277,R096,2026-06-01,Cơm gà xối mỡ,42000,38,26000,10,3,7,pickup,14:45,78000,48000,0.3,Công nhân,Cơm văn phòng,Phường Lái Thiêu
L00278,R096,2026-06-01,Cơm thịt kho trứng,31000,47,16000,8,4,4,pickup,14:45,64000,60000,0.5,Công nhân,Cơm văn phòng,Phường Lái Thiêu
L00279,R097,2026-06-01,Hủ tiếu sa tế,46000,48,24000,3,1,2,delivery,20:45,24000,22000,0.333,Công nhân,Hủ tiếu,Phường Tân Đông Hiệp
L00280,R097,2026-06-01,Hủ tiếu mì,55000,52,26000,2,1,1,pickup,20:45,26000,29000,0.5,Công nhân,Hủ tiếu,Phường Tân Đông Hiệp
L00281,R097,2026-06-01,Hủ tiếu Nam Vang,51000,53,24000,3,2,1,delivery,20:15,48000,54000,0.667,Công nhân,Hủ tiếu,Phường Tân Đông Hiệp
L00282,R098,2026-06-01,Bún riêu thập cẩm,40000,37,25000,2,1,1,delivery,16:45,25000,15000,0.5,Trung tâm,Bún riêu,Phường Xuân Hòa
L00283,R099,2026-06-01,Cơm gà luộc,43000,60,17000,1,0,1,pickup,09:15,0,0,0.0,Sinh viên,Cơm văn phòng,Phường An Khánh
L00284,R099,2026-06-01,Cơm canh chua,45000,54,21000,1,0,1,pickup,09:45,0,0,0.0,Sinh viên,Cơm văn phòng,Phường An Khánh
L00285,R099,2026-06-01,Cơm gà xối mỡ,48000,60,19000,1,0,1,pickup,09:45,0,0,0.0,Sinh viên,Cơm văn phòng,Phường An Khánh
L00286,R099,2026-06-01,Cơm sườn đậu hũ,42000,60,17000,1,0,1,pickup,09:00,0,0,0.0,Sinh viên,Cơm văn phòng,Phường An Khánh
L00287,R099,2026-06-01,Cơm thịt kho trứng,30000,59,12000,1,0,1,pickup,09:30,0,0,0.0,Sinh viên,Cơm văn phòng,Phường An Khánh
L00288,R100,2026-06-01,Hủ tiếu sa tế,38000,37,24000,3,1,2,delivery,15:00,24000,14000,0.333,Trung tâm,Hủ tiếu,Phường Tân Định
L00289,R100,2026-06-01,Hủ tiếu mì,59000,45,32000,2,1,1,pickup,15:15,32000,27000,0.5,Trung tâm,Hủ tiếu,Phường Tân Định
L00290,R101,2026-06-01,Phở gà,54000,31,37000,1,0,1,pickup,09:45,0,0,0.0,Công nhân,Phở,Phường Bình Hòa
L00291,R101,2026-06-01,Phở bò tái,59000,35,38000,1,0,1,pickup,09:00,0,0,0.0,Công nhân,Phở,Phường Bình Hòa
L00292,R101,2026-06-01,Phở bò viên,56000,31,39000,1,0,1,pickup,09:30,0,0,0.0,Công nhân,Phở,Phường Bình Hòa
L00293,R102,2026-06-01,Bún bò thập cẩm,42000,50,21000,1,0,1,pickup,15:15,0,0,0.0,Sinh viên,Bún bò,Phường Thủ Đức
L00294,R102,2026-06-01,Bún bò gân,55000,57,24000,2,1,1,delivery,15:30,24000,31000,0.5,Sinh viên,Bún bò,Phường Thủ Đức
L00295,R102,2026-06-01,Bún bò Huế đặc biệt,50000,54,23000,1,0,1,delivery,15:30,0,0,0.0,Sinh viên,Bún bò,Phường Thủ Đức
L00296,R102,2026-06-01,Bún bò giò heo,42000,53,20000,1,0,1,delivery,15:45,0,0,0.0,Sinh viên,Bún bò,Phường Thủ Đức
L00297,R103,2026-06-01,Cơm thịt kho trứng,31000,34,20000,7,3,4,delivery,11:15,60000,33000,0.429,Công nhân,Cơm văn phòng,Phường Đông Hòa
L00298,R103,2026-06-01,Cơm sườn đậu hũ,27000,32,18000,5,2,3,delivery,11:30,36000,18000,0.4,Công nhân,Cơm văn phòng,Phường Đông Hòa
L00299,R103,2026-06-01,Cơm gà luộc,33000,39,20000,7,2,5,pickup,11:00,40000,26000,0.286,Công nhân,Cơm văn phòng,Phường Đông Hòa
L00300,R104,2026-06-01,Bánh mì trứng,19000,46,10000,1,0,1,pickup,19:45,0,0,0.0,Dân cư đông,Bánh mì,Phường Thông Tây Hội
L00301,R104,2026-06-01,Bánh mì chả lụa,24000,50,12000,1,0,1,pickup,19:00,0,0,0.0,Dân cư đông,Bánh mì,Phường Thông Tây Hội
L00302,R104,2026-06-01,Bánh mì gà,22000,47,12000,1,0,1,pickup,19:15,0,0,0.0,Dân cư đông,Bánh mì,Phường Thông Tây Hội
L00303,R104,2026-06-01,Bánh mì xíu mại,19000,47,10000,1,0,1,pickup,19:45,0,0,0.0,Dân cư đông,Bánh mì,Phường Thông Tây Hội
L00304,R104,2026-06-01,Bánh mì thịt nguội,22000,49,11000,1,0,1,pickup,19:00,0,0,0.0,Dân cư đông,Bánh mì,Phường Thông Tây Hội
L00305,R105,2026-06-01,Bánh mì xíu mại,19000,32,13000,4,1,3,pickup,16:30,13000,6000,0.25,Sinh viên,Bánh mì,Phường Tam Bình
L00306,R105,2026-06-01,Bánh mì gà,26000,35,17000,5,2,3,pickup,16:00,34000,18000,0.4,Sinh viên,Bánh mì,Phường Tam Bình
L00307,R106,2026-06-01,Phở bò tái nạm,43000,55,19000,7,6,1,pickup,11:45,114000,144000,0.857,Công nhân,Phở,Phường An Phú
L00308,R106,2026-06-01,Phở gà,44000,60,18000,6,4,2,pickup,11:45,72000,104000,0.667,Công nhân,Phở,Phường An Phú
L00309,R106,2026-06-01,Phở bò chín,42000,54,19000,6,5,1,pickup,11:45,95000,115000,0.833,Công nhân,Phở,Phường An Phú
L00310,R107,2026-06-01,Hủ tiếu thập cẩm,56000,41,33000,16,11,5,pickup,09:00,363000,253000,0.688,Dân cư đông,Hủ tiếu,Phường Gò Vấp
L00311,R108,2026-06-01,Cơm tấm sườn nướng,37000,44,21000,4,3,1,delivery,16:45,63000,48000,0.75,Sinh viên,Cơm tấm,Phường Thủ Đức
L00312,R108,2026-06-01,Cơm tấm bì,45000,50,22000,4,3,1,pickup,16:45,66000,69000,0.75,Sinh viên,Cơm tấm,Phường Thủ Đức
L00313,R108,2026-06-01,Cơm tấm đặc biệt,47000,50,24000,3,2,1,delivery,16:45,48000,46000,0.667,Sinh viên,Cơm tấm,Phường Thủ Đức
L00314,R108,2026-06-01,Cơm tấm sườn trứng,37000,51,18000,4,2,2,delivery,16:30,36000,38000,0.5,Sinh viên,Cơm tấm,Phường Thủ Đức
L00315,R109,2026-06-01,Hủ tiếu sa tế,38000,56,17000,1,0,1,delivery,11:15,0,0,0.0,Trung tâm,Hủ tiếu,Phường Sài Gòn
L00316,R109,2026-06-01,Hủ tiếu bò kho,61000,55,27000,1,0,1,delivery,11:30,0,0,0.0,Trung tâm,Hủ tiếu,Phường Sài Gòn
L00317,R109,2026-06-01,Hủ tiếu mì,49000,58,21000,1,0,1,delivery,11:15,0,0,0.0,Trung tâm,Hủ tiếu,Phường Sài Gòn
L00318,R110,2026-06-01,Phở bò viên,50000,56,22000,4,3,1,delivery,10:45,66000,84000,0.75,Sinh viên,Phở,Phường Hiệp Bình
L00319,R110,2026-06-01,Phở bò chín,53000,60,21000,4,3,1,delivery,10:30,63000,96000,0.75,Sinh viên,Phở,Phường Hiệp Bình
L00320,R111,2026-06-01,Bánh mì xíu mại,33000,51,16000,4,3,1,delivery,09:45,48000,51000,0.75,Sinh viên,Bánh mì,Phường Long Bình
L00321,R112,2026-06-01,Hủ tiếu Nam Vang,58000,51,28000,1,0,1,delivery,11:15,0,0,0.0,Dân cư đông,Hủ tiếu,Phường Gò Vấp
L00322,R112,2026-06-01,Hủ tiếu thập cẩm,50000,50,25000,1,0,1,pickup,11:45,0,0,0.0,Dân cư đông,Hủ tiếu,Phường Gò Vấp
L00323,R112,2026-06-01,Hủ tiếu mì,57000,52,27000,1,0,1,pickup,11:15,0,0,0.0,Dân cư đông,Hủ tiếu,Phường Gò Vấp
L00324,R112,2026-06-01,Hủ tiếu bò kho,55000,53,26000,1,0,1,pickup,11:15,0,0,0.0,Dân cư đông,Hủ tiếu,Phường Gò Vấp
L00325,R112,2026-06-01,Hủ tiếu sa tế,55000,52,26000,1,0,1,delivery,11:45,0,0,0.0,Dân cư đông,Hủ tiếu,Phường Gò Vấp
L00326,R113,2026-06-01,Bánh mì thịt nguội,31000,44,17000,1,0,1,delivery,10:00,0,0,0.0,Dân cư đông,Bánh mì,Phường Tân Hòa
L00327,R113,2026-06-01,Bánh mì chả lụa,28000,45,15000,1,0,1,delivery,10:45,0,0,0.0,Dân cư đông,Bánh mì,Phường Tân Hòa
L00328,R113,2026-06-01,Bánh mì trứng,24000,43,14000,1,0,1,delivery,10:30,0,0,0.0,Dân cư đông,Bánh mì,Phường Tân Hòa
L00329,R113,2026-06-01,Bánh mì gà,20000,49,10000,1,0,1,delivery,10:00,0,0,0.0,Dân cư đông,Bánh mì,Phường Tân Hòa
L00330,R113,2026-06-01,Bánh mì xíu mại,20000,52,10000,1,0,1,delivery,10:45,0,0,0.0,Dân cư đông,Bánh mì,Phường Tân Hòa
L00331,R114,2026-06-01,Cơm sườn đậu hũ,30000,46,16000,2,1,1,delivery,10:00,16000,14000,0.5,Công nhân,Cơm văn phòng,Phường Bình Hòa
L00332,R114,2026-06-01,Cơm canh chua,40000,47,21000,1,0,1,delivery,10:00,0,0,0.0,Công nhân,Cơm văn phòng,Phường Bình Hòa
L00333,R114,2026-06-01,Cơm gà luộc,26000,46,14000,1,0,1,pickup,10:15,0,0,0.0,Công nhân,Cơm văn phòng,Phường Bình Hòa
L00334,R114,2026-06-01,Cơm thịt kho trứng,50000,45,28000,1,0,1,pickup,10:30,0,0,0.0,Công nhân,Cơm văn phòng,Phường Bình Hòa
L00335,R115,2026-06-01,Cơm tấm sườn trứng,40000,47,21000,1,0,1,delivery,14:00,0,0,0.0,Dân cư đông,Cơm tấm,Phường Khánh Hội
L00336,R115,2026-06-01,Cơm tấm đặc biệt,26000,44,15000,1,0,1,pickup,14:45,0,0,0.0,Dân cư đông,Cơm tấm,Phường Khánh Hội
L00337,R116,2026-06-01,Cơm canh chua,46000,36,29000,2,0,2,delivery,20:30,0,0,0.0,Dân cư đông,Cơm văn phòng,Phường Bình Lợi Trung
L00338,R116,2026-06-01,Cơm sườn đậu hũ,29000,41,17000,2,1,1,pickup,20:30,17000,12000,0.5,Dân cư đông,Cơm văn phòng,Phường Bình Lợi Trung
L00339,R117,2026-06-01,Bánh mì trứng,20000,42,12000,1,0,1,delivery,09:15,0,0,0.0,Sinh viên,Bánh mì,Phường Hiệp Bình
L00340,R117,2026-06-01,Bánh mì thịt nguội,20000,38,12000,1,0,1,delivery,09:45,0,0,0.0,Sinh viên,Bánh mì,Phường Hiệp Bình
L00341,R117,2026-06-01,Bánh mì xíu mại,19000,35,12000,1,0,1,delivery,09:15,0,0,0.0,Sinh viên,Bánh mì,Phường Hiệp Bình
L00342,R118,2026-06-01,Bánh mì chả lụa,34000,31,23000,4,2,2,pickup,10:00,46000,22000,0.5,Dân cư đông,Bánh mì,Phường Gò Vấp
L00343,R118,2026-06-01,Bánh mì trứng,24000,36,15000,3,1,2,pickup,10:30,15000,9000,0.333,Dân cư đông,Bánh mì,Phường Gò Vấp
L00344,R118,2026-06-01,Bánh mì xíu mại,22000,34,15000,4,2,2,pickup,10:00,30000,14000,0.5,Dân cư đông,Bánh mì,Phường Gò Vấp
L00345,R119,2026-06-01,Bún bò gân,38000,49,19000,6,4,2,pickup,14:15,76000,76000,0.667,Công nhân,Bún bò,Phường Đông Hòa
L00346,R120,2026-06-01,Bún bò viên,59000,59,24000,1,0,1,pickup,11:15,0,0,0.0,Dân cư đông,Bún bò,Phường Hạnh Thông
L00347,R120,2026-06-01,Bún bò gân,55000,54,25000,2,1,1,pickup,11:00,25000,30000,0.5,Dân cư đông,Bún bò,Phường Hạnh Thông
L00348,R120,2026-06-01,Bún bò Huế đặc biệt,47000,55,21000,1,0,1,pickup,11:15,0,0,0.0,Dân cư đông,Bún bò,Phường Hạnh Thông
L00349,R120,2026-06-01,Bún bò giò heo,48000,50,24000,2,1,1,pickup,11:45,24000,24000,0.5,Dân cư đông,Bún bò,Phường Hạnh Thông
L00350,R120,2026-06-01,Bún bò thập cẩm,42000,58,18000,2,1,1,pickup,11:45,18000,24000,0.5,Dân cư đông,Bún bò,Phường Hạnh Thông
L00351,R121,2026-06-01,Cơm canh chua,29000,38,18000,1,0,1,pickup,12:30,0,0,0.0,Dân cư đông,Cơm văn phòng,Phường Gò Vấp
L00352,R121,2026-06-01,Cơm sườn đậu hũ,44000,42,26000,1,0,1,pickup,12:15,0,0,0.0,Dân cư đông,Cơm văn phòng,Phường Gò Vấp
L00353,R121,2026-06-01,Cơm gà luộc,45000,38,28000,1,0,1,pickup,12:00,0,0,0.0,Dân cư đông,Cơm văn phòng,Phường Gò Vấp
L00354,R121,2026-06-01,Cơm thịt kho trứng,29000,34,19000,1,0,1,pickup,12:00,0,0,0.0,Dân cư đông,Cơm văn phòng,Phường Gò Vấp
L00355,R121,2026-06-01,Cơm gà xối mỡ,35000,43,20000,1,0,1,pickup,12:30,0,0,0.0,Dân cư đông,Cơm văn phòng,Phường Gò Vấp
L00356,R122,2026-06-01,Bún riêu cua,51000,47,27000,7,4,3,pickup,09:15,108000,96000,0.571,Sinh viên,Bún riêu,Phường Linh Xuân
L00357,R123,2026-06-01,Cơm canh chua,51000,54,23000,13,11,2,delivery,16:45,253000,308000,0.846,Sinh viên,Cơm văn phòng,Phường Bình Trưng
L00358,R124,2026-06-01,Bún bò giò heo,61000,35,40000,3,0,3,pickup,15:30,0,0,0.0,Sinh viên,Bún bò,Phường Cát Lái
L00359,R124,2026-06-01,Bún bò thập cẩm,56000,33,38000,2,0,2,pickup,15:00,0,0,0.0,Sinh viên,Bún bò,Phường Cát Lái
L00360,R124,2026-06-01,Bún bò viên,52000,35,34000,3,1,2,delivery,15:15,34000,18000,0.333,Sinh viên,Bún bò,Phường Cát Lái
L00361,R124,2026-06-01,Bún bò gân,47000,30,33000,2,0,2,delivery,15:15,0,0,0.0,Sinh viên,Bún bò,Phường Cát Lái
L00362,R124,2026-06-01,Bún bò Huế đặc biệt,51000,30,36000,3,1,2,delivery,15:30,36000,15000,0.333,Sinh viên,Bún bò,Phường Cát Lái
L00363,R125,2026-06-01,Bánh mì thịt nguội,22000,50,11000,2,1,1,pickup,15:45,11000,11000,0.5,Công nhân,Bánh mì,Phường Lái Thiêu
L00364,R125,2026-06-01,Bánh mì trứng,29000,57,12000,2,1,1,pickup,15:15,12000,17000,0.5,Công nhân,Bánh mì,Phường Lái Thiêu
L00365,R126,2026-06-01,Phở bò tái,43000,38,27000,3,1,2,delivery,11:45,27000,16000,0.333,Dân cư đông,Phở,Phường Gò Vấp
L00366,R126,2026-06-01,Phở bò tái nạm,38000,38,24000,3,0,3,delivery,11:30,0,0,0.0,Dân cư đông,Phở,Phường Gò Vấp
L00367,R126,2026-06-01,Phở bò chín,48000,33,32000,3,1,2,delivery,11:30,32000,16000,0.333,Dân cư đông,Phở,Phường Gò Vấp
L00368,R126,2026-06-01,Phở gà,55000,31,38000,2,0,2,delivery,11:00,0,0,0.0,Dân cư đông,Phở,Phường Gò Vấp
L00369,R126,2026-06-01,Phở bò viên,43000,39,26000,3,0,3,delivery,11:45,0,0,0.0,Dân cư đông,Phở,Phường Gò Vấp
L00370,R127,2026-06-01,Cơm sườn đậu hũ,40000,36,26000,2,0,2,delivery,18:45,0,0,0.0,Dân cư đông,Cơm văn phòng,Phường Tân Sơn Nhất
L00371,R127,2026-06-01,Cơm canh chua,44000,35,29000,2,1,1,delivery,18:00,29000,15000,0.5,Dân cư đông,Cơm văn phòng,Phường Tân Sơn Nhất
L00372,R127,2026-06-01,Cơm gà luộc,34000,36,22000,3,1,2,delivery,18:45,22000,12000,0.333,Dân cư đông,Cơm văn phòng,Phường Tân Sơn Nhất
L00373,R127,2026-06-01,Cơm gà xối mỡ,32000,33,21000,2,1,1,delivery,18:45,21000,11000,0.5,Dân cư đông,Cơm văn phòng,Phường Tân Sơn Nhất
L00374,R127,2026-06-01,Cơm thịt kho trứng,37000,34,24000,2,1,1,delivery,18:30,24000,13000,0.5,Dân cư đông,Cơm văn phòng,Phường Tân Sơn Nhất
L00375,R128,2026-06-01,Bánh mì chả lụa,33000,35,21000,3,1,2,pickup,18:15,21000,12000,0.333,Trung tâm,Bánh mì,Phường Đức Nhuận
L00376,R128,2026-06-01,Bánh mì trứng,29000,39,18000,3,1,2,delivery,18:00,18000,11000,0.333,Trung tâm,Bánh mì,Phường Đức Nhuận
L00377,R129,2026-06-01,Phở bò viên,40000,50,20000,2,1,1,pickup,11:45,20000,20000,0.5,Công nhân,Phở,Phường Dĩ An
L00378,R129,2026-06-01,Phở bò chín,55000,47,29000,2,1,1,pickup,11:45,29000,26000,0.5,Công nhân,Phở,Phường Dĩ An
L00379,R129,2026-06-01,Phở bò tái nạm,47000,54,22000,2,1,1,pickup,11:15,22000,25000,0.5,Công nhân,Phở,Phường Dĩ An
L00380,R130,2026-06-01,Phở bò tái,41000,48,21000,3,1,2,delivery,10:00,21000,20000,0.333,Công nhân,Phở,Phường Lái Thiêu
L00381,R130,2026-06-01,Phở bò viên,57000,41,34000,4,2,2,delivery,10:15,68000,46000,0.5,Công nhân,Phở,Phường Lái Thiêu
L00382,R130,2026-06-01,Phở bò chín,47000,44,26000,4,2,2,delivery,10:45,52000,42000,0.5,Công nhân,Phở,Phường Lái Thiêu
L00383,R130,2026-06-01,Phở bò tái nạm,61000,41,36000,4,2,2,delivery,10:00,72000,50000,0.5,Công nhân,Phở,Phường Lái Thiêu
L00384,R131,2026-06-01,Bún bò Huế đặc biệt,51000,52,24000,1,0,1,delivery,20:45,0,0,0.0,Sinh viên,Bún bò,Phường Phước Long
L00385,R131,2026-06-01,Bún bò viên,40000,49,20000,1,0,1,delivery,20:15,0,0,0.0,Sinh viên,Bún bò,Phường Phước Long
L00386,R131,2026-06-01,Bún bò gân,40000,55,18000,1,0,1,pickup,20:15,0,0,0.0,Sinh viên,Bún bò,Phường Phước Long
L00387,R131,2026-06-01,Bún bò thập cẩm,43000,55,19000,1,0,1,pickup,20:15,0,0,0.0,Sinh viên,Bún bò,Phường Phước Long
L00388,R132,2026-06-01,Cơm gà luộc,32000,42,19000,3,1,2,delivery,09:45,19000,13000,0.333,Sinh viên,Cơm văn phòng,Phường Linh Xuân
L00389,R132,2026-06-01,Cơm thịt kho trứng,31000,43,18000,4,3,1,delivery,09:45,54000,39000,0.75,Sinh viên,Cơm văn phòng,Phường Linh Xuân
L00390,R132,2026-06-01,Cơm sườn đậu hũ,36000,50,18000,3,2,1,delivery,09:00,36000,36000,0.667,Sinh viên,Cơm văn phòng,Phường Linh Xuân
L00391,R133,2026-06-01,Hủ tiếu sa tế,54000,36,35000,15,9,6,delivery,15:15,315000,171000,0.6,Sinh viên,Hủ tiếu,Phường Cát Lái
L00392,R134,2026-06-01,Cơm tấm sườn nướng,46000,34,30000,1,0,1,delivery,15:45,0,0,0.0,Dân cư đông,Cơm tấm,Phường An Nhơn
L00393,R134,2026-06-01,Cơm tấm đặc biệt,29000,30,20000,1,0,1,delivery,15:30,0,0,0.0,Dân cư đông,Cơm tấm,Phường An Nhơn
L00394,R134,2026-06-01,Cơm tấm sườn trứng,33000,35,21000,1,0,1,pickup,15:45,0,0,0.0,Dân cư đông,Cơm tấm,Phường An Nhơn
L00395,R135,2026-06-01,Bún bò gân,62000,50,31000,6,4,2,pickup,20:15,124000,124000,0.667,Sinh viên,Bún bò,Phường Cát Lái
L00396,R135,2026-06-01,Bún bò thập cẩm,38000,46,21000,7,4,3,pickup,20:15,84000,68000,0.571,Sinh viên,Bún bò,Phường Cát Lái
L00397,R135,2026-06-01,Bún bò viên,48000,48,25000,7,4,3,pickup,20:00,100000,92000,0.571,Sinh viên,Bún bò,Phường Cát Lái
L00398,R136,2026-06-01,Bún bò giò heo,58000,53,27000,5,4,1,delivery,10:45,108000,124000,0.8,Công nhân,Bún bò,Phường Đông Hòa
L00399,R136,2026-06-01,Bún bò thập cẩm,48000,57,21000,7,5,2,delivery,10:30,105000,135000,0.714,Công nhân,Bún bò,Phường Đông Hòa
L00400,R136,2026-06-01,Bún bò Huế đặc biệt,45000,53,21000,5,3,2,pickup,10:30,63000,72000,0.6,Công nhân,Bún bò,Phường Đông Hòa
L00401,R137,2026-06-01,Hủ tiếu bò kho,48000,44,27000,1,0,1,delivery,15:00,0,0,0.0,Dân cư đông,Hủ tiếu,Phường Tân Sơn Nhất
L00402,R137,2026-06-01,Hủ tiếu mì,44000,48,23000,1,0,1,delivery,15:30,0,0,0.0,Dân cư đông,Hủ tiếu,Phường Tân Sơn Nhất
L00403,R137,2026-06-01,Hủ tiếu thập cẩm,44000,46,24000,1,0,1,delivery,15:00,0,0,0.0,Dân cư đông,Hủ tiếu,Phường Tân Sơn Nhất
L00404,R137,2026-06-01,Hủ tiếu Nam Vang,38000,46,21000,1,0,1,delivery,15:45,0,0,0.0,Dân cư đông,Hủ tiếu,Phường Tân Sơn Nhất
L00405,R137,2026-06-01,Hủ tiếu sa tế,47000,49,24000,1,0,1,delivery,15:00,0,0,0.0,Dân cư đông,Hủ tiếu,Phường Tân Sơn Nhất
L00406,R138,2026-06-01,Cơm tấm đặc biệt,37000,53,17000,1,0,1,delivery,16:15,0,0,0.0,Công nhân,Cơm tấm,Phường Đông Hòa
L00407,R138,2026-06-01,Cơm tấm sườn bì chả,29000,60,12000,1,0,1,delivery,16:45,0,0,0.0,Công nhân,Cơm tấm,Phường Đông Hòa
L00408,R138,2026-06-01,Cơm tấm sườn nướng,37000,57,16000,1,0,1,delivery,16:15,0,0,0.0,Công nhân,Cơm tấm,Phường Đông Hòa
L00409,R138,2026-06-01,Cơm tấm sườn trứng,29000,60,12000,1,0,1,delivery,16:00,0,0,0.0,Công nhân,Cơm tấm,Phường Đông Hòa
L00410,R139,2026-06-01,Bánh mì xíu mại,29000,57,12000,3,2,1,delivery,09:00,24000,34000,0.667,Ngoại ô,Bánh mì,Xã Bà Điểm
L00411,R139,2026-06-01,Bánh mì trứng,18000,60,7000,3,2,1,delivery,09:15,14000,22000,0.667,Ngoại ô,Bánh mì,Xã Bà Điểm
L00412,R139,2026-06-01,Bánh mì gà,22000,53,10000,2,1,1,delivery,09:45,10000,12000,0.5,Ngoại ô,Bánh mì,Xã Bà Điểm
L00413,R140,2026-06-01,Bún riêu cua mọc,39000,43,22000,5,3,2,pickup,17:45,66000,51000,0.6,Ngoại ô,Bún riêu,Xã Hiệp Phước
L00414,R140,2026-06-01,Bún riêu thập cẩm,31000,40,19000,6,3,3,pickup,17:15,57000,36000,0.5,Ngoại ô,Bún riêu,Xã Hiệp Phước
L00415,R141,2026-06-01,Cơm canh chua,36000,30,25000,2,1,1,delivery,15:45,25000,11000,0.5,Sinh viên,Cơm văn phòng,Phường Long Bình
L00416,R141,2026-06-01,Cơm gà xối mỡ,30000,36,19000,3,1,2,delivery,15:00,19000,11000,0.333,Sinh viên,Cơm văn phòng,Phường Long Bình
L00417,R142,2026-06-01,Bún riêu cua đồng,43000,44,24000,5,3,2,pickup,11:15,72000,57000,0.6,Công nhân,Bún riêu,Phường Thuận An
L00418,R142,2026-06-01,Bún riêu cua,36000,50,18000,5,4,1,pickup,11:45,72000,72000,0.8,Công nhân,Bún riêu,Phường Thuận An
L00419,R142,2026-06-01,Bún riêu cua mọc,43000,46,23000,4,3,1,pickup,11:15,69000,60000,0.75,Công nhân,Bún riêu,Phường Thuận An
L00420,R142,2026-06-01,Bún riêu thập cẩm,53000,43,30000,6,3,3,pickup,11:15,90000,69000,0.5,Công nhân,Bún riêu,Phường Thuận An
L00421,R143,2026-06-01,Bánh mì trứng,23000,46,12000,2,1,1,delivery,16:30,12000,11000,0.5,Sinh viên,Bánh mì,Phường Cát Lái
L00422,R143,2026-06-01,Bánh mì thịt nguội,28000,47,15000,2,1,1,pickup,16:15,15000,13000,0.5,Sinh viên,Bánh mì,Phường Cát Lái
L00423,R143,2026-06-01,Bánh mì chả lụa,18000,50,9000,2,1,1,pickup,16:45,9000,9000,0.5,Sinh viên,Bánh mì,Phường Cát Lái
L00424,R143,2026-06-01,Bánh mì xíu mại,22000,44,12000,2,1,1,pickup,16:30,12000,10000,0.5,Sinh viên,Bánh mì,Phường Cát Lái
L00425,R144,2026-06-01,Bún bò thập cẩm,52000,54,24000,3,2,1,pickup,15:15,48000,56000,0.667,Sinh viên,Bún bò,Phường Phước Long
L00426,R144,2026-06-01,Bún bò Huế đặc biệt,47000,57,20000,3,1,2,pickup,15:00,20000,27000,0.333,Sinh viên,Bún bò,Phường Phước Long
L00427,R144,2026-06-01,Bún bò giò heo,42000,60,17000,3,2,1,pickup,15:45,34000,50000,0.667,Sinh viên,Bún bò,Phường Phước Long
L00428,R145,2026-06-01,Cơm tấm sườn nướng,39000,41,23000,2,1,1,pickup,19:15,23000,16000,0.5,Trung tâm,Cơm tấm,Phường Phú Nhuận
L00429,R145,2026-06-01,Cơm tấm sườn bì chả,39000,46,21000,2,1,1,pickup,19:00,21000,18000,0.5,Trung tâm,Cơm tấm,Phường Phú Nhuận
L00430,R145,2026-06-01,Cơm tấm sườn trứng,33000,48,17000,2,1,1,pickup,19:45,17000,16000,0.5,Trung tâm,Cơm tấm,Phường Phú Nhuận
L00431,R145,2026-06-01,Cơm tấm đặc biệt,33000,51,16000,1,0,1,delivery,19:15,0,0,0.0,Trung tâm,Cơm tấm,Phường Phú Nhuận
L00432,R146,2026-06-01,Bún bò giò heo,57000,52,27000,2,1,1,delivery,16:30,27000,30000,0.5,Công nhân,Bún bò,Phường Tân Đông Hiệp
L00433,R146,2026-06-01,Bún bò viên,63000,56,28000,2,1,1,delivery,16:30,28000,35000,0.5,Công nhân,Bún bò,Phường Tân Đông Hiệp
L00434,R146,2026-06-01,Bún bò thập cẩm,38000,53,18000,2,1,1,delivery,16:00,18000,20000,0.5,Công nhân,Bún bò,Phường Tân Đông Hiệp
L00435,R147,2026-06-01,Phở gà,55000,30,38000,3,1,2,delivery,14:30,38000,17000,0.333,Công nhân,Phở,Phường Dĩ An
L00436,R147,2026-06-01,Phở bò tái nạm,48000,31,33000,3,1,2,delivery,14:30,33000,15000,0.333,Công nhân,Phở,Phường Dĩ An
L00437,R148,2026-06-01,Bún bò thập cẩm,42000,30,29000,4,1,3,delivery,17:00,29000,13000,0.25,Trung tâm,Bún bò,Phường Cầu Kiệu
L00438,R148,2026-06-01,Bún bò giò heo,44000,32,30000,4,1,3,pickup,17:00,30000,14000,0.25,Trung tâm,Bún bò,Phường Cầu Kiệu
L00439,R149,2026-06-01,Bún bò giò heo,58000,40,35000,17,13,4,pickup,13:00,455000,299000,0.765,Sinh viên,Bún bò,Phường An Khánh
L00440,R000,2026-06-02,Bún bò gân,41000,30,29000,9,4,5,delivery,18:15,116000,48000,0.444,Công nhân,Bún bò,Phường Đông Hòa
L00441,R000,2026-06-02,Bún bò thập cẩm,42000,31,29000,10,4,6,delivery,18:45,116000,52000,0.4,Công nhân,Bún bò,Phường Đông Hòa
L00442,R000,2026-06-02,Bún bò Huế đặc biệt,49000,38,30000,9,4,5,delivery,18:15,120000,76000,0.444,Công nhân,Bún bò,Phường Đông Hòa
L00443,R001,2026-06-02,Cơm tấm sườn nướng,46000,45,25000,2,1,1,pickup,19:30,25000,21000,0.5,Ngoại ô,Cơm tấm,Xã Bình Chánh
L00444,R001,2026-06-02,Cơm tấm sườn trứng,39000,41,23000,2,1,1,pickup,19:45,23000,16000,0.5,Ngoại ô,Cơm tấm,Xã Bình Chánh
L00445,R001,2026-06-02,Cơm tấm sườn bì chả,29000,35,19000,2,1,1,pickup,19:00,19000,10000,0.5,Ngoại ô,Cơm tấm,Xã Bình Chánh
L00446,R002,2026-06-02,Hủ tiếu sa tế,48000,38,30000,3,0,3,delivery,20:00,0,0,0.0,Dân cư đông,Hủ tiếu,Phường An Nhơn
L00447,R002,2026-06-02,Hủ tiếu Nam Vang,56000,41,33000,2,1,1,delivery,20:45,33000,23000,0.5,Dân cư đông,Hủ tiếu,Phường An Nhơn
L00448,R002,2026-06-02,Hủ tiếu bò kho,45000,34,30000,3,1,2,pickup,20:30,30000,15000,0.333,Dân cư đông,Hủ tiếu,Phường An Nhơn
L00449,R002,2026-06-02,Hủ tiếu thập cẩm,43000,41,25000,3,2,1,delivery,20:30,50000,36000,0.667,Dân cư đông,Hủ tiếu,Phường An Nhơn
L00450,R002,2026-06-02,Hủ tiếu mì,45000,36,29000,2,1,1,delivery,20:45,29000,16000,0.5,Dân cư đông,Hủ tiếu,Phường An Nhơn
L00451,R003,2026-06-02,Phở bò chín,52000,57,22000,7,5,2,pickup,18:15,110000,150000,0.714,Công nhân,Phở,Phường Bình Hòa
L00452,R003,2026-06-02,Phở gà,46000,55,21000,6,4,2,delivery,18:15,84000,100000,0.667,Công nhân,Phở,Phường Bình Hòa
L00453,R003,2026-06-02,Phở bò tái,59000,51,29000,7,4,3,delivery,18:15,116000,120000,0.571,Công nhân,Phở,Phường Bình Hòa
L00454,R003,2026-06-02,Phở bò tái nạm,40000,56,18000,6,5,1,delivery,18:15,90000,110000,0.833,Công nhân,Phở,Phường Bình Hòa
L00455,R004,2026-06-02,Hủ tiếu Nam Vang,44000,48,23000,1,0,1,pickup,16:15,0,0,0.0,Sinh viên,Hủ tiếu,Phường Cát Lái
L00456,R004,2026-06-02,Hủ tiếu mì,44000,52,21000,1,0,1,delivery,16:00,0,0,0.0,Sinh viên,Hủ tiếu,Phường Cát Lái
L00457,R004,2026-06-02,Hủ tiếu thập cẩm,43000,51,21000,1,0,1,delivery,16:00,0,0,0.0,Sinh viên,Hủ tiếu,Phường Cát Lái
L00458,R004,2026-06-02,Hủ tiếu bò kho,57000,53,27000,1,0,1,delivery,16:45,0,0,0.0,Sinh viên,Hủ tiếu,Phường Cát Lái
L00459,R005,2026-06-02,Hủ tiếu Nam Vang,43000,51,21000,3,2,1,pickup,10:15,42000,44000,0.667,Sinh viên,Hủ tiếu,Phường Long Bình
L00460,R005,2026-06-02,Hủ tiếu mì,41000,57,18000,4,3,1,pickup,10:15,54000,69000,0.75,Sinh viên,Hủ tiếu,Phường Long Bình
L00461,R005,2026-06-02,Hủ tiếu bò kho,42000,48,22000,3,1,2,pickup,10:15,22000,20000,0.333,Sinh viên,Hủ tiếu,Phường Long Bình
L00462,R005,2026-06-02,Hủ tiếu thập cẩm,44000,47,23000,4,2,2,pickup,10:30,46000,42000,0.5,Sinh viên,Hủ tiếu,Phường Long Bình
L00463,R006,2026-06-02,Bún bò gân,49000,36,31000,2,0,2,delivery,17:15,0,0,0.0,Trung tâm,Bún bò,Phường Nhiêu Lộc
L00464,R006,2026-06-02,Bún bò viên,45000,44,25000,1,0,1,delivery,17:45,0,0,0.0,Trung tâm,Bún bò,Phường Nhiêu Lộc
L00465,R006,2026-06-02,Bún bò thập cẩm,45000,38,28000,1,0,1,delivery,17:15,0,0,0.0,Trung tâm,Bún bò,Phường Nhiêu Lộc
L00466,R006,2026-06-02,Bún bò giò heo,54000,38,33000,1,0,1,delivery,17:00,0,0,0.0,Trung tâm,Bún bò,Phường Nhiêu Lộc
L00467,R007,2026-06-02,Phở bò chín,48000,31,33000,21,13,8,pickup,09:00,429000,195000,0.619,Dân cư đông,Phở,Phường An Hội Đông
L00468,R008,2026-06-02,Hủ tiếu thập cẩm,51000,39,31000,5,1,4,delivery,16:45,31000,20000,0.2,Công nhân,Hủ tiếu,Phường Thuận An
L00469,R008,2026-06-02,Hủ tiếu Nam Vang,44000,43,25000,5,3,2,pickup,16:00,75000,57000,0.6,Công nhân,Hủ tiếu,Phường Thuận An
L00470,R008,2026-06-02,Hủ tiếu sa tế,45000,45,25000,4,2,2,delivery,16:30,50000,40000,0.5,Công nhân,Hủ tiếu,Phường Thuận An
L00471,R009,2026-06-02,Cơm tấm bì,29000,56,13000,4,2,2,pickup,20:00,26000,32000,0.5,Dân cư đông,Cơm tấm,Phường Tân Bình
L00472,R009,2026-06-02,Cơm tấm sườn bì chả,46000,56,20000,4,3,1,pickup,20:30,60000,78000,0.75,Dân cư đông,Cơm tấm,Phường Tân Bình
L00473,R009,2026-06-02,Cơm tấm đặc biệt,40000,51,20000,4,3,1,pickup,20:00,60000,60000,0.75,Dân cư đông,Cơm tấm,Phường Tân Bình
L00474,R010,2026-06-02,Cơm tấm bì,31000,43,18000,1,0,1,pickup,19:00,0,0,0.0,Trung tâm,Cơm tấm,Phường Đức Nhuận
L00475,R010,2026-06-02,Cơm tấm sườn trứng,37000,41,22000,1,0,1,delivery,19:30,0,0,0.0,Trung tâm,Cơm tấm,Phường Đức Nhuận
L00476,R010,2026-06-02,Cơm tấm sườn bì chả,45000,46,24000,1,0,1,delivery,19:00,0,0,0.0,Trung tâm,Cơm tấm,Phường Đức Nhuận
L00477,R011,2026-06-02,Bánh mì gà,29000,30,20000,6,2,4,delivery,20:00,40000,18000,0.333,Ngoại ô,Bánh mì,Xã Hiệp Phước
L00478,R012,2026-06-02,Phở bò tái nạm,44000,60,18000,2,1,1,delivery,20:15,18000,26000,0.5,Dân cư đông,Phở,Phường Khánh Hội
L00479,R012,2026-06-02,Phở bò tái,51000,56,22000,2,1,1,delivery,20:45,22000,29000,0.5,Dân cư đông,Phở,Phường Khánh Hội
L00480,R013,2026-06-02,Phở bò viên,37000,56,16000,3,2,1,delivery,12:00,32000,42000,0.667,Sinh viên,Phở,Phường Long Bình
L00481,R013,2026-06-02,Phở gà,37000,50,18000,3,2,1,pickup,12:30,36000,38000,0.667,Sinh viên,Phở,Phường Long Bình
L00482,R013,2026-06-02,Phở bò chín,46000,56,20000,3,2,1,delivery,12:45,40000,52000,0.667,Sinh viên,Phở,Phường Long Bình
L00483,R013,2026-06-02,Phở bò tái nạm,38000,56,17000,4,3,1,pickup,12:45,51000,63000,0.75,Sinh viên,Phở,Phường Long Bình
L00484,R013,2026-06-02,Phở bò tái,46000,49,23000,3,2,1,pickup,12:00,46000,46000,0.667,Sinh viên,Phở,Phường Long Bình
L00485,R014,2026-06-02,Bánh mì gà,26000,52,12000,1,0,1,pickup,12:00,0,0,0.0,Sinh viên,Bánh mì,Phường An Khánh
L00486,R014,2026-06-02,Bánh mì xíu mại,25000,59,10000,1,0,1,delivery,12:00,0,0,0.0,Sinh viên,Bánh mì,Phường An Khánh
L00487,R015,2026-06-02,Hủ tiếu thập cẩm,57000,45,31000,6,4,2,delivery,13:30,124000,104000,0.667,Sinh viên,Hủ tiếu,Phường Hiệp Bình
L00488,R015,2026-06-02,Hủ tiếu sa tế,48000,40,29000,7,4,3,pickup,13:30,116000,76000,0.571,Sinh viên,Hủ tiếu,Phường Hiệp Bình
L00489,R015,2026-06-02,Hủ tiếu bò kho,59000,42,34000,6,3,3,delivery,13:30,102000,75000,0.5,Sinh viên,Hủ tiếu,Phường Hiệp Bình
L00490,R016,2026-06-02,Phở bò viên,37000,45,20000,3,1,2,delivery,16:00,20000,17000,0.333,Sinh viên,Phở,Phường Tăng Nhơn Phú
L00491,R016,2026-06-02,Phở gà,48000,51,24000,5,4,1,delivery,16:15,96000,96000,0.8,Sinh viên,Phở,Phường Tăng Nhơn Phú
L00492,R016,2026-06-02,Phở bò tái nạm,53000,51,26000,5,3,2,delivery,16:30,78000,81000,0.6,Sinh viên,Phở,Phường Tăng Nhơn Phú
L00493,R017,2026-06-02,Cơm tấm sườn nướng,31000,35,20000,18,10,8,pickup,13:45,200000,110000,0.556,Công nhân,Cơm tấm,Phường Dĩ An
L00494,R018,2026-06-02,Cơm tấm bì,38000,47,20000,3,2,1,pickup,16:00,40000,36000,0.667,Công nhân,Cơm tấm,Phường Lái Thiêu
L00495,R019,2026-06-02,Bún bò giò heo,42000,42,24000,8,5,3,pickup,18:45,120000,90000,0.625,Sinh viên,Bún bò,Phường Long Bình
L00496,R019,2026-06-02,Bún bò thập cẩm,52000,38,32000,8,4,4,delivery,18:45,128000,80000,0.5,Sinh viên,Bún bò,Phường Long Bình
L00497,R020,2026-06-02,Phở bò tái,47000,37,30000,1,0,1,delivery,09:00,0,0,0.0,Công nhân,Phở,Phường Đông Hòa
L00498,R020,2026-06-02,Phở bò tái nạm,54000,37,34000,1,0,1,delivery,09:15,0,0,0.0,Công nhân,Phở,Phường Đông Hòa
L00499,R020,2026-06-02,Phở gà,50000,38,31000,2,0,2,delivery,09:00,0,0,0.0,Công nhân,Phở,Phường Đông Hòa
L00500,R020,2026-06-02,Phở bò viên,49000,44,27000,1,0,1,delivery,09:15,0,0,0.0,Công nhân,Phở,Phường Đông Hòa
L00501,R021,2026-06-02,Hủ tiếu mì,40000,40,24000,3,1,2,pickup,20:00,24000,16000,0.333,Sinh viên,Hủ tiếu,Phường Bình Trưng
L00502,R021,2026-06-02,Hủ tiếu Nam Vang,51000,45,28000,2,1,1,pickup,20:15,28000,23000,0.5,Sinh viên,Hủ tiếu,Phường Bình Trưng
L00503,R022,2026-06-02,Bánh mì gà,27000,54,12000,1,0,1,delivery,18:15,0,0,0.0,Sinh viên,Bánh mì,Phường Long Bình
L00504,R022,2026-06-02,Bánh mì thịt nguội,31000,60,12000,2,1,1,pickup,18:00,12000,19000,0.5,Sinh viên,Bánh mì,Phường Long Bình
L00505,R022,2026-06-02,Bánh mì chả lụa,24000,60,10000,2,1,1,pickup,18:00,10000,14000,0.5,Sinh viên,Bánh mì,Phường Long Bình
L00506,R022,2026-06-02,Bánh mì trứng,30000,57,13000,2,1,1,pickup,18:00,13000,17000,0.5,Sinh viên,Bánh mì,Phường Long Bình
L00507,R022,2026-06-02,Bánh mì xíu mại,17000,54,8000,1,0,1,pickup,18:00,0,0,0.0,Sinh viên,Bánh mì,Phường Long Bình
L00508,R023,2026-06-02,Bánh mì xíu mại,25000,30,18000,2,0,2,pickup,17:00,0,0,0.0,Công nhân,Bánh mì,Phường Tân Đông Hiệp
L00509,R023,2026-06-02,Bánh mì trứng,30000,32,20000,2,1,1,delivery,17:15,20000,10000,0.5,Công nhân,Bánh mì,Phường Tân Đông Hiệp
L00510,R024,2026-06-02,Hủ tiếu Nam Vang,43000,54,20000,14,9,5,delivery,14:30,180000,207000,0.643,Công nhân,Hủ tiếu,Phường An Phú
L00511,R025,2026-06-02,Cơm gà luộc,49000,31,34000,1,0,1,delivery,11:30,0,0,0.0,Dân cư đông,Cơm văn phòng,Phường An Hội Đông
L00512,R025,2026-06-02,Cơm canh chua,35000,30,24000,2,1,1,delivery,11:45,24000,11000,0.5,Dân cư đông,Cơm văn phòng,Phường An Hội Đông
L00513,R025,2026-06-02,Cơm gà xối mỡ,46000,33,31000,1,0,1,delivery,11:00,0,0,0.0,Dân cư đông,Cơm văn phòng,Phường An Hội Đông
L00514,R025,2026-06-02,Cơm sườn đậu hũ,31000,35,20000,1,0,1,delivery,11:15,0,0,0.0,Dân cư đông,Cơm văn phòng,Phường An Hội Đông
L00515,R025,2026-06-02,Cơm thịt kho trứng,42000,34,28000,1,0,1,delivery,11:00,0,0,0.0,Dân cư đông,Cơm văn phòng,Phường An Hội Đông
L00516,R026,2026-06-02,Bún riêu cua,45000,39,27000,3,1,2,pickup,16:00,27000,18000,0.333,Sinh viên,Bún riêu,Phường Tam Bình
L00517,R027,2026-06-02,Bún bò viên,45000,34,30000,2,0,2,pickup,17:30,0,0,0.0,Công nhân,Bún bò,Phường Hòa Lợi
L00518,R028,2026-06-02,Bánh mì gà,33000,60,13000,8,7,1,delivery,14:45,91000,140000,0.875,Công nhân,Bánh mì,Phường Tân Đông Hiệp
L00519,R029,2026-06-02,Phở bò chín,52000,60,21000,1,0,1,delivery,19:00,0,0,0.0,Trung tâm,Phở,Phường Bến Thành
L00520,R029,2026-06-02,Phở bò viên,39000,59,16000,1,0,1,pickup,19:30,0,0,0.0,Trung tâm,Phở,Phường Bến Thành
L00521,R029,2026-06-02,Phở gà,53000,56,23000,1,0,1,pickup,19:30,0,0,0.0,Trung tâm,Phở,Phường Bến Thành
L00522,R029,2026-06-02,Phở bò tái nạm,59000,58,25000,1,0,1,delivery,19:30,0,0,0.0,Trung tâm,Phở,Phường Bến Thành
L00523,R030,2026-06-02,Bún bò viên,52000,55,23000,14,10,4,pickup,15:00,230000,290000,0.714,Công nhân,Bún bò,Phường An Phú
L00524,R030,2026-06-02,Bún bò thập cẩm,43000,50,22000,11,10,1,pickup,15:30,220000,210000,0.909,Công nhân,Bún bò,Phường An Phú
L00525,R031,2026-06-02,Phở bò chín,48000,39,29000,6,2,4,delivery,09:45,58000,38000,0.333,Sinh viên,Phở,Phường Phước Long
L00526,R031,2026-06-02,Phở bò viên,46000,39,28000,6,3,3,delivery,09:15,84000,54000,0.5,Sinh viên,Phở,Phường Phước Long
L00527,R032,2026-06-02,Cơm thịt kho trứng,33000,47,17000,4,2,2,delivery,13:15,34000,32000,0.5,Trung tâm,Cơm văn phòng,Phường Cầu Ông Lãnh
L00528,R033,2026-06-02,Cơm tấm bì,38000,52,18000,1,0,1,pickup,13:45,0,0,0.0,Dân cư đông,Cơm tấm,Phường Tân Hòa
L00529,R033,2026-06-02,Cơm tấm sườn nướng,44000,44,25000,1,0,1,pickup,13:45,0,0,0.0,Dân cư đông,Cơm tấm,Phường Tân Hòa
L00530,R033,2026-06-02,Cơm tấm sườn trứng,46000,45,25000,1,0,1,pickup,13:45,0,0,0.0,Dân cư đông,Cơm tấm,Phường Tân Hòa
L00531,R033,2026-06-02,Cơm tấm đặc biệt,46000,44,26000,1,0,1,pickup,13:45,0,0,0.0,Dân cư đông,Cơm tấm,Phường Tân Hòa
L00532,R033,2026-06-02,Cơm tấm sườn bì chả,40000,44,22000,1,0,1,pickup,13:30,0,0,0.0,Dân cư đông,Cơm tấm,Phường Tân Hòa
L00533,R034,2026-06-02,Bún bò Huế đặc biệt,39000,30,27000,6,1,5,delivery,18:00,27000,12000,0.167,Ngoại ô,Bún bò,Xã Bình Chánh
L00534,R034,2026-06-02,Bún bò viên,50000,30,35000,5,2,3,pickup,18:00,70000,30000,0.4,Ngoại ô,Bún bò,Xã Bình Chánh
L00535,R035,2026-06-02,Bánh mì gà,26000,55,12000,1,0,1,delivery,12:15,0,0,0.0,Dân cư đông,Bánh mì,Phường Tân Sơn Nhất
L00536,R035,2026-06-02,Bánh mì chả lụa,31000,54,14000,1,0,1,delivery,12:30,0,0,0.0,Dân cư đông,Bánh mì,Phường Tân Sơn Nhất
L00537,R035,2026-06-02,Bánh mì trứng,27000,56,12000,1,0,1,delivery,12:45,0,0,0.0,Dân cư đông,Bánh mì,Phường Tân Sơn Nhất
L00538,R035,2026-06-02,Bánh mì thịt nguội,21000,60,8000,1,0,1,delivery,12:45,0,0,0.0,Dân cư đông,Bánh mì,Phường Tân Sơn Nhất
L00539,R035,2026-06-02,Bánh mì xíu mại,24000,51,12000,1,0,1,delivery,12:15,0,0,0.0,Dân cư đông,Bánh mì,Phường Tân Sơn Nhất
L00540,R036,2026-06-02,Bún bò gân,52000,39,32000,5,1,4,delivery,14:30,32000,20000,0.2,Sinh viên,Bún bò,Phường Phước Long
L00541,R036,2026-06-02,Bún bò Huế đặc biệt,43000,39,26000,4,2,2,pickup,14:45,52000,34000,0.5,Sinh viên,Bún bò,Phường Phước Long
L00542,R036,2026-06-02,Bún bò giò heo,61000,41,36000,4,2,2,delivery,14:30,72000,50000,0.5,Sinh viên,Bún bò,Phường Phước Long
L00543,R037,2026-06-02,Bún bò thập cẩm,47000,40,28000,8,5,3,delivery,15:15,140000,95000,0.625,Trung tâm,Bún bò,Phường Tân Định
L00544,R038,2026-06-02,Bún bò gân,49000,52,24000,1,0,1,pickup,17:45,0,0,0.0,Công nhân,Bún bò,Phường Thuận Giao
L00545,R038,2026-06-02,Bún bò Huế đặc biệt,48000,54,22000,2,1,1,pickup,17:00,22000,26000,0.5,Công nhân,Bún bò,Phường Thuận Giao
L00546,R039,2026-06-02,Bún riêu cua mọc,36000,60,14000,18,15,3,pickup,09:30,210000,330000,0.833,Công nhân,Bún riêu,Phường Đông Hòa
L00547,R040,2026-06-02,Bún bò gân,50000,57,22000,1,0,1,delivery,14:30,0,0,0.0,Sinh viên,Bún bò,Phường Bình Trưng
L00548,R041,2026-06-02,Phở bò tái nạm,52000,46,28000,3,2,1,delivery,15:15,56000,48000,0.667,Công nhân,Phở,Phường Tân Khánh
L00549,R041,2026-06-02,Phở gà,45000,44,25000,3,2,1,pickup,15:45,50000,40000,0.667,Công nhân,Phở,Phường Tân Khánh
L00550,R042,2026-06-02,Cơm tấm sườn nướng,54000,53,25000,2,1,1,pickup,11:15,25000,29000,0.5,Trung tâm,Cơm tấm,Phường Tân Định
L00551,R042,2026-06-02,Cơm tấm đặc biệt,30000,53,14000,3,2,1,delivery,11:45,28000,32000,0.667,Trung tâm,Cơm tấm,Phường Tân Định
L00552,R042,2026-06-02,Cơm tấm bì,34000,60,14000,2,1,1,delivery,11:15,14000,20000,0.5,Trung tâm,Cơm tấm,Phường Tân Định
L00553,R043,2026-06-02,Cơm gà luộc,39000,55,18000,2,1,1,pickup,16:30,18000,21000,0.5,Dân cư đông,Cơm văn phòng,Phường Bảy Hiền
L00554,R043,2026-06-02,Cơm thịt kho trứng,44000,56,19000,3,2,1,pickup,16:30,38000,50000,0.667,Dân cư đông,Cơm văn phòng,Phường Bảy Hiền
L00555,R043,2026-06-02,Cơm sườn đậu hũ,33000,60,13000,3,2,1,pickup,16:30,26000,40000,0.667,Dân cư đông,Cơm văn phòng,Phường Bảy Hiền
L00556,R043,2026-06-02,Cơm gà xối mỡ,38000,56,17000,3,2,1,pickup,16:00,34000,42000,0.667,Dân cư đông,Cơm văn phòng,Phường Bảy Hiền
L00557,R043,2026-06-02,Cơm canh chua,39000,60,16000,3,2,1,pickup,16:45,32000,46000,0.667,Dân cư đông,Cơm văn phòng,Phường Bảy Hiền
L00558,R044,2026-06-02,Hủ tiếu mì,54000,49,28000,3,1,2,pickup,13:30,28000,26000,0.333,Sinh viên,Hủ tiếu,Phường Tam Bình
L00559,R044,2026-06-02,Hủ tiếu thập cẩm,46000,48,24000,3,1,2,delivery,13:30,24000,22000,0.333,Sinh viên,Hủ tiếu,Phường Tam Bình
L00560,R044,2026-06-02,Hủ tiếu bò kho,55000,50,28000,2,1,1,delivery,13:00,28000,27000,0.5,Sinh viên,Hủ tiếu,Phường Tam Bình
L00561,R045,2026-06-02,Bún bò thập cẩm,38000,36,24000,4,2,2,delivery,17:15,48000,28000,0.5,Công nhân,Bún bò,Phường Thuận An
L00562,R045,2026-06-02,Bún bò Huế đặc biệt,58000,40,35000,4,2,2,delivery,17:15,70000,46000,0.5,Công nhân,Bún bò,Phường Thuận An
L00563,R045,2026-06-02,Bún bò gân,53000,38,33000,5,2,3,pickup,17:30,66000,40000,0.4,Công nhân,Bún bò,Phường Thuận An
L00564,R046,2026-06-02,Bánh mì xíu mại,23000,58,10000,3,2,1,pickup,13:00,20000,26000,0.667,Sinh viên,Bánh mì,Phường Cát Lái
L00565,R046,2026-06-02,Bánh mì trứng,18000,56,8000,3,2,1,pickup,13:30,16000,20000,0.667,Sinh viên,Bánh mì,Phường Cát Lái
L00566,R046,2026-06-02,Bánh mì chả lụa,28000,53,13000,2,1,1,pickup,13:15,13000,15000,0.5,Sinh viên,Bánh mì,Phường Cát Lái
L00567,R046,2026-06-02,Bánh mì thịt nguội,21000,49,11000,3,1,2,pickup,13:00,11000,10000,0.333,Sinh viên,Bánh mì,Phường Cát Lái
L00568,R046,2026-06-02,Bánh mì gà,24000,51,12000,3,2,1,pickup,13:00,24000,24000,0.667,Sinh viên,Bánh mì,Phường Cát Lái
L00569,R047,2026-06-02,Bún bò viên,47000,48,24000,24,12,12,delivery,17:00,288000,276000,0.5,Công nhân,Bún bò,Phường Tân Khánh
L00570,R048,2026-06-02,Bánh mì trứng,26000,54,12000,3,2,1,pickup,18:00,24000,28000,0.667,Công nhân,Bánh mì,Phường An Phú
L00571,R048,2026-06-02,Bánh mì gà,27000,49,14000,4,2,2,delivery,18:15,28000,26000,0.5,Công nhân,Bánh mì,Phường An Phú
L00572,R049,2026-06-02,Phở bò viên,44000,45,24000,1,0,1,delivery,12:15,0,0,0.0,Sinh viên,Phở,Phường Thủ Đức
L00573,R049,2026-06-02,Phở bò tái nạm,50000,42,29000,1,0,1,delivery,12:30,0,0,0.0,Sinh viên,Phở,Phường Thủ Đức
L00574,R049,2026-06-02,Phở gà,53000,43,30000,1,0,1,delivery,12:30,0,0,0.0,Sinh viên,Phở,Phường Thủ Đức
L00575,R049,2026-06-02,Phở bò chín,56000,38,35000,1,0,1,pickup,12:00,0,0,0.0,Sinh viên,Phở,Phường Thủ Đức
L00576,R050,2026-06-02,Bánh mì xíu mại,24000,39,15000,1,0,1,pickup,17:30,0,0,0.0,Ngoại ô,Bánh mì,Xã Hưng Long
L00577,R051,2026-06-02,Hủ tiếu thập cẩm,57000,55,26000,5,4,1,pickup,13:00,104000,124000,0.8,Dân cư đông,Hủ tiếu,Phường Hạnh Thông
L00578,R052,2026-06-02,Cơm tấm sườn trứng,37000,38,23000,3,1,2,delivery,18:15,23000,14000,0.333,Dân cư đông,Cơm tấm,Phường Xóm Chiếu
L00579,R052,2026-06-02,Cơm tấm bì,27000,42,16000,3,1,2,delivery,18:00,16000,11000,0.333,Dân cư đông,Cơm tấm,Phường Xóm Chiếu
L00580,R052,2026-06-02,Cơm tấm đặc biệt,46000,42,27000,4,2,2,delivery,18:30,54000,38000,0.5,Dân cư đông,Cơm tấm,Phường Xóm Chiếu
L00581,R053,2026-06-02,Bánh mì gà,29000,56,13000,3,1,2,delivery,17:00,13000,16000,0.333,Dân cư đông,Bánh mì,Phường Gia Định
L00582,R053,2026-06-02,Bánh mì chả lụa,30000,55,13000,4,2,2,pickup,17:45,26000,34000,0.5,Dân cư đông,Bánh mì,Phường Gia Định
L00583,R053,2026-06-02,Bánh mì trứng,27000,57,12000,3,2,1,delivery,17:15,24000,30000,0.667,Dân cư đông,Bánh mì,Phường Gia Định
L00584,R053,2026-06-02,Bánh mì xíu mại,33000,57,14000,3,2,1,delivery,17:00,28000,38000,0.667,Dân cư đông,Bánh mì,Phường Gia Định
L00585,R053,2026-06-02,Bánh mì thịt nguội,18000,60,7000,3,2,1,delivery,17:30,14000,22000,0.667,Dân cư đông,Bánh mì,Phường Gia Định
L00586,R054,2026-06-02,Bánh mì thịt nguội,31000,59,13000,3,2,1,pickup,11:00,26000,36000,0.667,Công nhân,Bánh mì,Phường Bình Hòa
L00587,R054,2026-06-02,Bánh mì trứng,28000,56,12000,3,2,1,delivery,11:45,24000,32000,0.667,Công nhân,Bánh mì,Phường Bình Hòa
L00588,R054,2026-06-02,Bánh mì xíu mại,24000,55,11000,3,2,1,pickup,11:30,22000,26000,0.667,Công nhân,Bánh mì,Phường Bình Hòa
L00589,R054,2026-06-02,Bánh mì chả lụa,25000,59,10000,4,2,2,delivery,11:45,20000,30000,0.5,Công nhân,Bánh mì,Phường Bình Hòa
L00590,R055,2026-06-02,Cơm tấm bì,39000,60,16000,2,1,1,delivery,12:15,16000,23000,0.5,Dân cư đông,Cơm tấm,Phường Thông Tây Hội
L00591,R055,2026-06-02,Cơm tấm sườn trứng,35000,60,14000,2,1,1,delivery,12:30,14000,21000,0.5,Dân cư đông,Cơm tấm,Phường Thông Tây Hội
L00592,R055,2026-06-02,Cơm tấm sườn bì chả,40000,56,18000,1,0,1,pickup,12:45,0,0,0.0,Dân cư đông,Cơm tấm,Phường Thông Tây Hội
L00593,R055,2026-06-02,Cơm tấm sườn nướng,39000,60,16000,2,1,1,delivery,12:15,16000,23000,0.5,Dân cư đông,Cơm tấm,Phường Thông Tây Hội
L00594,R055,2026-06-02,Cơm tấm đặc biệt,50000,55,22000,1,0,1,pickup,12:30,0,0,0.0,Dân cư đông,Cơm tấm,Phường Thông Tây Hội
L00595,R056,2026-06-02,Hủ tiếu Nam Vang,48000,35,31000,4,2,2,delivery,17:45,62000,34000,0.5,Trung tâm,Hủ tiếu,Phường Nhiêu Lộc
L00596,R056,2026-06-02,Hủ tiếu sa tế,39000,35,25000,5,2,3,pickup,17:30,50000,28000,0.4,Trung tâm,Hủ tiếu,Phường Nhiêu Lộc
L00597,R057,2026-06-02,Bún bò gân,47000,44,26000,1,0,1,pickup,18:15,0,0,0.0,Sinh viên,Bún bò,Phường Bình Trưng
L00598,R057,2026-06-02,Bún bò thập cẩm,56000,46,30000,1,0,1,pickup,18:45,0,0,0.0,Sinh viên,Bún bò,Phường Bình Trưng
L00599,R058,2026-06-02,Bánh mì xíu mại,30000,36,19000,1,0,1,pickup,19:30,0,0,0.0,Trung tâm,Bánh mì,Phường Cầu Kiệu
L00600,R058,2026-06-02,Bánh mì thịt nguội,28000,30,20000,1,0,1,pickup,19:00,0,0,0.0,Trung tâm,Bánh mì,Phường Cầu Kiệu
L00601,R058,2026-06-02,Bánh mì chả lụa,18000,39,11000,1,0,1,pickup,19:30,0,0,0.0,Trung tâm,Bánh mì,Phường Cầu Kiệu
L00602,R058,2026-06-02,Bánh mì gà,28000,38,17000,1,0,1,pickup,19:30,0,0,0.0,Trung tâm,Bánh mì,Phường Cầu Kiệu
L00603,R059,2026-06-02,Cơm tấm sườn bì chả,31000,30,22000,1,0,1,pickup,14:15,0,0,0.0,Sinh viên,Cơm tấm,Phường Tam Bình
L00604,R059,2026-06-02,Cơm tấm sườn nướng,35000,30,24000,2,0,2,delivery,14:15,0,0,0.0,Sinh viên,Cơm tấm,Phường Tam Bình
L00605,R060,2026-06-02,Phở bò viên,36000,56,16000,3,2,1,pickup,10:15,32000,40000,0.667,Công nhân,Phở,Phường Tân Đông Hiệp
L00606,R061,2026-06-02,Cơm tấm sườn nướng,37000,50,18000,4,2,2,delivery,15:45,36000,38000,0.5,Sinh viên,Cơm tấm,Phường Tam Bình
L00607,R061,2026-06-02,Cơm tấm đặc biệt,48000,42,28000,4,2,2,delivery,15:30,56000,40000,0.5,Sinh viên,Cơm tấm,Phường Tam Bình
L00608,R062,2026-06-02,Phở bò tái nạm,56000,36,36000,1,0,1,delivery,10:00,0,0,0.0,Dân cư đông,Phở,Phường Hạnh Thông
L00609,R062,2026-06-02,Phở bò chín,59000,30,41000,1,0,1,delivery,10:15,0,0,0.0,Dân cư đông,Phở,Phường Hạnh Thông
L00610,R062,2026-06-02,Phở bò tái,59000,31,41000,1,0,1,delivery,10:30,0,0,0.0,Dân cư đông,Phở,Phường Hạnh Thông
L00611,R062,2026-06-02,Phở gà,52000,35,34000,1,0,1,delivery,10:15,0,0,0.0,Dân cư đông,Phở,Phường Hạnh Thông
L00612,R062,2026-06-02,Phở bò viên,50000,30,35000,1,0,1,delivery,10:45,0,0,0.0,Dân cư đông,Phở,Phường Hạnh Thông
L00613,R063,2026-06-02,Hủ tiếu Nam Vang,55000,38,34000,4,1,3,delivery,19:45,34000,21000,0.25,Công nhân,Hủ tiếu,Phường Thuận Giao
L00614,R063,2026-06-02,Hủ tiếu mì,42000,44,24000,3,2,1,delivery,19:15,48000,36000,0.667,Công nhân,Hủ tiếu,Phường Thuận Giao
L00615,R063,2026-06-02,Hủ tiếu thập cẩm,50000,46,27000,5,3,2,delivery,19:00,81000,69000,0.6,Công nhân,Hủ tiếu,Phường Thuận Giao
L00616,R064,2026-06-02,Bún bò gân,40000,48,21000,3,2,1,delivery,10:15,42000,38000,0.667,Sinh viên,Bún bò,Phường Tăng Nhơn Phú
L00617,R064,2026-06-02,Bún bò thập cẩm,39000,47,21000,3,1,2,pickup,10:45,21000,18000,0.333,Sinh viên,Bún bò,Phường Tăng Nhơn Phú
L00618,R064,2026-06-02,Bún bò viên,51000,48,27000,2,1,1,pickup,10:30,27000,24000,0.5,Sinh viên,Bún bò,Phường Tăng Nhơn Phú
L00619,R065,2026-06-02,Cơm tấm sườn trứng,31000,50,16000,2,1,1,pickup,19:15,16000,15000,0.5,Công nhân,Cơm tấm,Phường Đông Hòa
L00620,R065,2026-06-02,Cơm tấm sườn nướng,40000,56,18000,2,1,1,pickup,19:30,18000,22000,0.5,Công nhân,Cơm tấm,Phường Đông Hòa
L00621,R065,2026-06-02,Cơm tấm đặc biệt,31000,54,14000,2,1,1,pickup,19:45,14000,17000,0.5,Công nhân,Cơm tấm,Phường Đông Hòa
L00622,R066,2026-06-02,Cơm thịt kho trứng,39000,55,18000,4,2,2,pickup,09:45,36000,42000,0.5,Sinh viên,Cơm văn phòng,Phường An Khánh
L00623,R066,2026-06-02,Cơm canh chua,37000,55,17000,4,2,2,pickup,09:15,34000,40000,0.5,Sinh viên,Cơm văn phòng,Phường An Khánh
L00624,R066,2026-06-02,Cơm sườn đậu hũ,37000,57,16000,4,3,1,pickup,09:15,48000,63000,0.75,Sinh viên,Cơm văn phòng,Phường An Khánh
L00625,R067,2026-06-02,Cơm gà luộc,40000,49,20000,1,0,1,delivery,19:00,0,0,0.0,Dân cư đông,Cơm văn phòng,Phường An Hội Đông
L00626,R067,2026-06-02,Cơm sườn đậu hũ,35000,45,19000,1,0,1,pickup,19:30,0,0,0.0,Dân cư đông,Cơm văn phòng,Phường An Hội Đông
L00627,R067,2026-06-02,Cơm canh chua,30000,49,15000,1,0,1,delivery,19:15,0,0,0.0,Dân cư đông,Cơm văn phòng,Phường An Hội Đông
L00628,R067,2026-06-02,Cơm thịt kho trứng,42000,46,23000,1,0,1,pickup,19:45,0,0,0.0,Dân cư đông,Cơm văn phòng,Phường An Hội Đông
L00629,R067,2026-06-02,Cơm gà xối mỡ,40000,48,21000,1,0,1,delivery,19:30,0,0,0.0,Dân cư đông,Cơm văn phòng,Phường An Hội Đông
L00630,R068,2026-06-02,Bún riêu cua đồng,40000,36,26000,1,0,1,delivery,19:00,0,0,0.0,Trung tâm,Bún riêu,Phường Xuân Hòa
L00631,R068,2026-06-02,Bún riêu thập cẩm,44000,35,29000,1,0,1,delivery,19:15,0,0,0.0,Trung tâm,Bún riêu,Phường Xuân Hòa
L00632,R068,2026-06-02,Bún riêu cua,42000,34,28000,1,0,1,delivery,19:45,0,0,0.0,Trung tâm,Bún riêu,Phường Xuân Hòa
L00633,R069,2026-06-02,Bánh mì xíu mại,23000,50,12000,1,0,1,delivery,20:30,0,0,0.0,Ngoại ô,Bánh mì,Xã Xuân Thới Sơn
L00634,R069,2026-06-02,Bánh mì chả lụa,19000,43,11000,1,0,1,pickup,20:30,0,0,0.0,Ngoại ô,Bánh mì,Xã Xuân Thới Sơn
L00635,R069,2026-06-02,Bánh mì trứng,19000,42,11000,1,0,1,delivery,20:00,0,0,0.0,Ngoại ô,Bánh mì,Xã Xuân Thới Sơn
L00636,R070,2026-06-02,Hủ tiếu thập cẩm,43000,60,17000,1,0,1,pickup,19:30,0,0,0.0,Dân cư đông,Hủ tiếu,Phường Gò Vấp
L00637,R070,2026-06-02,Hủ tiếu mì,49000,58,21000,1,0,1,delivery,19:00,0,0,0.0,Dân cư đông,Hủ tiếu,Phường Gò Vấp
L00638,R070,2026-06-02,Hủ tiếu bò kho,57000,59,23000,1,0,1,delivery,19:00,0,0,0.0,Dân cư đông,Hủ tiếu,Phường Gò Vấp
L00639,R070,2026-06-02,Hủ tiếu sa tế,44000,60,18000,1,0,1,delivery,19:00,0,0,0.0,Dân cư đông,Hủ tiếu,Phường Gò Vấp
L00640,R071,2026-06-02,Cơm tấm sườn nướng,52000,37,33000,3,1,2,delivery,11:45,33000,19000,0.333,Sinh viên,Cơm tấm,Phường Bình Trưng
L00641,R071,2026-06-02,Cơm tấm sườn trứng,34000,38,21000,3,1,2,pickup,11:00,21000,13000,0.333,Sinh viên,Cơm tấm,Phường Bình Trưng
L00642,R071,2026-06-02,Cơm tấm sườn bì chả,34000,30,24000,3,1,2,delivery,11:15,24000,10000,0.333,Sinh viên,Cơm tấm,Phường Bình Trưng
L00643,R071,2026-06-02,Cơm tấm đặc biệt,49000,35,32000,3,1,2,delivery,11:15,32000,17000,0.333,Sinh viên,Cơm tấm,Phường Bình Trưng
L00644,R071,2026-06-02,Cơm tấm bì,39000,33,26000,4,1,3,pickup,11:45,26000,13000,0.25,Sinh viên,Cơm tấm,Phường Bình Trưng
L00645,R072,2026-06-02,Cơm canh chua,54000,50,27000,5,3,2,pickup,14:00,81000,81000,0.6,Trung tâm,Cơm văn phòng,Phường Bến Thành
L00646,R072,2026-06-02,Cơm gà xối mỡ,43000,55,19000,5,4,1,delivery,14:30,76000,96000,0.8,Trung tâm,Cơm văn phòng,Phường Bến Thành
L00647,R073,2026-06-02,Bánh mì chả lụa,18000,43,10000,2,1,1,pickup,16:00,10000,8000,0.5,Dân cư đông,Bánh mì,Phường Vĩnh Hội
L00648,R073,2026-06-02,Bánh mì xíu mại,20000,42,12000,2,1,1,delivery,16:45,12000,8000,0.5,Dân cư đông,Bánh mì,Phường Vĩnh Hội
L00649,R074,2026-06-02,Cơm canh chua,33000,35,21000,2,0,2,pickup,17:00,0,0,0.0,Dân cư đông,Cơm văn phòng,Phường Bình Lợi Trung
L00650,R074,2026-06-02,Cơm sườn đậu hũ,33000,30,23000,2,1,1,pickup,17:30,23000,10000,0.5,Dân cư đông,Cơm văn phòng,Phường Bình Lợi Trung
L00651,R074,2026-06-02,Cơm gà luộc,33000,34,22000,2,1,1,pickup,17:00,22000,11000,0.5,Dân cư đông,Cơm văn phòng,Phường Bình Lợi Trung
L00652,R074,2026-06-02,Cơm gà xối mỡ,48000,30,34000,2,0,2,pickup,17:00,0,0,0.0,Dân cư đông,Cơm văn phòng,Phường Bình Lợi Trung
L00653,R074,2026-06-02,Cơm thịt kho trứng,37000,32,25000,2,1,1,pickup,17:30,25000,12000,0.5,Dân cư đông,Cơm văn phòng,Phường Bình Lợi Trung
L00654,R075,2026-06-02,Cơm tấm sườn nướng,41000,47,22000,4,2,2,delivery,15:15,44000,38000,0.5,Dân cư đông,Cơm tấm,Phường Vĩnh Hội
L00655,R075,2026-06-02,Cơm tấm sườn trứng,35000,46,19000,3,2,1,delivery,15:45,38000,32000,0.667,Dân cư đông,Cơm tấm,Phường Vĩnh Hội
L00656,R075,2026-06-02,Cơm tấm sườn bì chả,34000,55,15000,4,3,1,delivery,15:15,45000,57000,0.75,Dân cư đông,Cơm tấm,Phường Vĩnh Hội
L00657,R076,2026-06-02,Phở bò tái nạm,45000,40,27000,7,3,4,pickup,12:45,81000,54000,0.429,Dân cư đông,Phở,Phường An Nhơn
L00658,R076,2026-06-02,Phở bò chín,44000,39,27000,6,3,3,pickup,12:00,81000,51000,0.5,Dân cư đông,Phở,Phường An Nhơn
L00659,R076,2026-06-02,Phở gà,42000,39,26000,7,4,3,pickup,12:45,104000,64000,0.571,Dân cư đông,Phở,Phường An Nhơn
L00660,R077,2026-06-02,Cơm tấm sườn trứng,34000,45,19000,2,1,1,delivery,14:15,19000,15000,0.5,Trung tâm,Cơm tấm,Phường Xuân Hòa
L00661,R077,2026-06-02,Cơm tấm sườn nướng,26000,44,15000,2,1,1,pickup,14:45,15000,11000,0.5,Trung tâm,Cơm tấm,Phường Xuân Hòa
L00662,R077,2026-06-02,Cơm tấm đặc biệt,32000,46,17000,2,1,1,pickup,14:45,17000,15000,0.5,Trung tâm,Cơm tấm,Phường Xuân Hòa
L00663,R078,2026-06-02,Bún riêu cua mọc,44000,42,26000,2,1,1,pickup,13:15,26000,18000,0.5,Công nhân,Bún riêu,Phường Tân Đông Hiệp
L00664,R078,2026-06-02,Bún riêu cua đồng,49000,39,30000,2,0,2,delivery,13:15,0,0,0.0,Công nhân,Bún riêu,Phường Tân Đông Hiệp
L00665,R078,2026-06-02,Bún riêu thập cẩm,37000,42,21000,2,1,1,pickup,13:45,21000,16000,0.5,Công nhân,Bún riêu,Phường Tân Đông Hiệp
L00666,R078,2026-06-02,Bún riêu cua,45000,33,30000,2,0,2,pickup,13:15,0,0,0.0,Công nhân,Bún riêu,Phường Tân Đông Hiệp
L00667,R079,2026-06-02,Cơm tấm sườn bì chả,39000,48,20000,8,5,3,pickup,16:45,100000,95000,0.625,Sinh viên,Cơm tấm,Phường Bình Trưng
L00668,R080,2026-06-02,Cơm tấm sườn bì chả,31000,43,18000,1,0,1,pickup,09:30,0,0,0.0,Dân cư đông,Cơm tấm,Phường An Hội Đông
L00669,R080,2026-06-02,Cơm tấm sườn nướng,39000,44,22000,1,0,1,pickup,09:00,0,0,0.0,Dân cư đông,Cơm tấm,Phường An Hội Đông
L00670,R080,2026-06-02,Cơm tấm đặc biệt,30000,45,16000,2,1,1,delivery,09:00,16000,14000,0.5,Dân cư đông,Cơm tấm,Phường An Hội Đông
L00671,R080,2026-06-02,Cơm tấm bì,33000,51,16000,1,0,1,pickup,09:45,0,0,0.0,Dân cư đông,Cơm tấm,Phường An Hội Đông
L00672,R080,2026-06-02,Cơm tấm sườn trứng,46000,47,24000,1,0,1,delivery,09:30,0,0,0.0,Dân cư đông,Cơm tấm,Phường An Hội Đông
L00673,R081,2026-06-02,Bún riêu cua mọc,53000,57,23000,4,2,2,pickup,09:15,46000,60000,0.5,Công nhân,Bún riêu,Phường Đông Hòa
L00674,R081,2026-06-02,Bún riêu thập cẩm,39000,55,18000,3,2,1,pickup,09:00,36000,42000,0.667,Công nhân,Bún riêu,Phường Đông Hòa
L00675,R081,2026-06-02,Bún riêu cua,41000,56,18000,4,3,1,pickup,09:00,54000,69000,0.75,Công nhân,Bún riêu,Phường Đông Hòa
L00676,R081,2026-06-02,Bún riêu cua đồng,42000,54,19000,3,2,1,pickup,09:30,38000,46000,0.667,Công nhân,Bún riêu,Phường Đông Hòa
L00677,R082,2026-06-02,Hủ tiếu mì,45000,48,23000,9,5,4,delivery,19:00,115000,110000,0.556,Sinh viên,Hủ tiếu,Phường Tăng Nhơn Phú
L00678,R082,2026-06-02,Hủ tiếu thập cẩm,45000,53,21000,11,9,2,delivery,19:45,189000,216000,0.818,Sinh viên,Hủ tiếu,Phường Tăng Nhơn Phú
L00679,R083,2026-06-02,Cơm tấm sườn trứng,37000,32,25000,1,0,1,delivery,14:00,0,0,0.0,Trung tâm,Cơm tấm,Phường Sài Gòn
L00680,R083,2026-06-02,Cơm tấm sườn bì chả,41000,36,26000,2,1,1,pickup,14:15,26000,15000,0.5,Trung tâm,Cơm tấm,Phường Sài Gòn
L00681,R083,2026-06-02,Cơm tấm sườn nướng,32000,30,22000,1,0,1,delivery,14:15,0,0,0.0,Trung tâm,Cơm tấm,Phường Sài Gòn
L00682,R084,2026-06-02,Bún riêu cua đồng,35000,38,22000,1,0,1,delivery,18:30,0,0,0.0,Sinh viên,Bún riêu,Phường Hiệp Bình
L00683,R085,2026-06-02,Bánh mì chả lụa,23000,58,10000,16,11,5,pickup,20:00,110000,143000,0.688,Sinh viên,Bánh mì,Phường Tăng Nhơn Phú
L00684,R086,2026-06-02,Phở bò viên,45000,55,20000,1,0,1,delivery,10:15,0,0,0.0,Dân cư đông,Phở,Phường Tân Sơn Nhất
L00685,R086,2026-06-02,Phở bò chín,43000,53,20000,1,0,1,delivery,10:45,0,0,0.0,Dân cư đông,Phở,Phường Tân Sơn Nhất
L00686,R086,2026-06-02,Phở bò tái nạm,39000,59,16000,1,0,1,delivery,10:00,0,0,0.0,Dân cư đông,Phở,Phường Tân Sơn Nhất
L00687,R086,2026-06-02,Phở gà,40000,57,17000,1,0,1,delivery,10:30,0,0,0.0,Dân cư đông,Phở,Phường Tân Sơn Nhất
L00688,R086,2026-06-02,Phở bò tái,45000,51,22000,1,0,1,delivery,10:45,0,0,0.0,Dân cư đông,Phở,Phường Tân Sơn Nhất
L00689,R087,2026-06-02,Phở bò tái,44000,38,27000,12,4,8,pickup,13:15,108000,68000,0.333,Công nhân,Phở,Phường Thuận An
L00690,R087,2026-06-02,Phở bò chín,46000,30,32000,14,8,6,pickup,13:00,256000,112000,0.571,Công nhân,Phở,Phường Thuận An
L00691,R088,2026-06-02,Cơm tấm sườn bì chả,37000,56,16000,3,2,1,delivery,09:15,32000,42000,0.667,Dân cư đông,Cơm tấm,Phường Gò Vấp
L00692,R088,2026-06-02,Cơm tấm bì,37000,60,15000,3,2,1,delivery,09:45,30000,44000,0.667,Dân cư đông,Cơm tấm,Phường Gò Vấp
L00693,R088,2026-06-02,Cơm tấm sườn trứng,39000,60,16000,3,1,2,pickup,09:45,16000,23000,0.333,Dân cư đông,Cơm tấm,Phường Gò Vấp
L00694,R088,2026-06-02,Cơm tấm sườn nướng,33000,55,15000,2,1,1,pickup,09:15,15000,18000,0.5,Dân cư đông,Cơm tấm,Phường Gò Vấp
L00695,R088,2026-06-02,Cơm tấm đặc biệt,31000,58,13000,2,1,1,delivery,09:30,13000,18000,0.5,Dân cư đông,Cơm tấm,Phường Gò Vấp
L00696,R089,2026-06-02,Hủ tiếu sa tế,47000,30,33000,1,0,1,pickup,15:30,0,0,0.0,Công nhân,Hủ tiếu,Phường Đông Hòa
L00697,R089,2026-06-02,Hủ tiếu thập cẩm,57000,33,38000,1,0,1,delivery,15:15,0,0,0.0,Công nhân,Hủ tiếu,Phường Đông Hòa
L00698,R089,2026-06-02,Hủ tiếu Nam Vang,41000,36,26000,1,0,1,pickup,15:15,0,0,0.0,Công nhân,Hủ tiếu,Phường Đông Hòa
L00699,R089,2026-06-02,Hủ tiếu mì,51000,35,33000,1,0,1,delivery,15:30,0,0,0.0,Công nhân,Hủ tiếu,Phường Đông Hòa
L00700,R090,2026-06-02,Hủ tiếu Nam Vang,38000,39,23000,14,8,6,delivery,09:00,184000,120000,0.571,Sinh viên,Hủ tiếu,Phường Thủ Đức
L00701,R091,2026-06-02,Bánh mì xíu mại,20000,52,10000,3,1,2,pickup,12:30,10000,10000,0.333,Dân cư đông,Bánh mì,Phường Xóm Chiếu
L00702,R092,2026-06-02,Cơm tấm bì,35000,39,21000,3,1,2,delivery,17:30,21000,14000,0.333,Dân cư đông,Cơm tấm,Phường Gia Định
L00703,R092,2026-06-02,Cơm tấm sườn bì chả,29000,40,17000,2,1,1,delivery,17:30,17000,12000,0.5,Dân cư đông,Cơm tấm,Phường Gia Định
L00704,R092,2026-06-02,Cơm tấm đặc biệt,38000,37,24000,2,0,2,delivery,17:30,0,0,0.0,Dân cư đông,Cơm tấm,Phường Gia Định
L00705,R092,2026-06-02,Cơm tấm sườn trứng,33000,37,21000,3,1,2,delivery,17:15,21000,12000,0.333,Dân cư đông,Cơm tấm,Phường Gia Định
L00706,R092,2026-06-02,Cơm tấm sườn nướng,37000,34,24000,2,0,2,delivery,17:15,0,0,0.0,Dân cư đông,Cơm tấm,Phường Gia Định
L00707,R093,2026-06-02,Phở bò chín,47000,34,31000,6,2,4,delivery,09:45,62000,32000,0.333,Công nhân,Phở,Phường Tân Đông Hiệp
L00708,R093,2026-06-02,Phở gà,58000,34,38000,5,2,3,delivery,09:15,76000,40000,0.4,Công nhân,Phở,Phường Tân Đông Hiệp
L00709,R093,2026-06-02,Phở bò tái,51000,35,33000,5,2,3,delivery,09:30,66000,36000,0.4,Công nhân,Phở,Phường Tân Đông Hiệp
L00710,R093,2026-06-02,Phở bò tái nạm,43000,36,28000,6,2,4,pickup,09:45,56000,30000,0.333,Công nhân,Phở,Phường Tân Đông Hiệp
L00711,R094,2026-06-02,Hủ tiếu bò kho,43000,56,19000,8,5,3,delivery,12:15,95000,120000,0.625,Dân cư đông,Hủ tiếu,Phường Bình Lợi Trung
L00712,R095,2026-06-02,Cơm tấm sườn trứng,30000,58,13000,2,1,1,delivery,14:15,13000,17000,0.5,Công nhân,Cơm tấm,Phường Lái Thiêu
L00713,R095,2026-06-02,Cơm tấm đặc biệt,38000,58,16000,2,1,1,pickup,14:45,16000,22000,0.5,Công nhân,Cơm tấm,Phường Lái Thiêu
L00714,R095,2026-06-02,Cơm tấm bì,38000,57,16000,2,1,1,pickup,14:30,16000,22000,0.5,Công nhân,Cơm tấm,Phường Lái Thiêu
L00715,R095,2026-06-02,Cơm tấm sườn bì chả,36000,60,14000,2,1,1,pickup,14:15,14000,22000,0.5,Công nhân,Cơm tấm,Phường Lái Thiêu
L00716,R096,2026-06-02,Cơm gà xối mỡ,39000,41,23000,11,7,4,pickup,14:30,161000,112000,0.636,Công nhân,Cơm văn phòng,Phường Lái Thiêu
L00717,R096,2026-06-02,Cơm sườn đậu hũ,28000,38,17000,11,5,6,pickup,14:45,85000,55000,0.455,Công nhân,Cơm văn phòng,Phường Lái Thiêu
L00718,R097,2026-06-02,Hủ tiếu sa tế,50000,51,24000,3,2,1,delivery,20:45,48000,52000,0.667,Công nhân,Hủ tiếu,Phường Tân Đông Hiệp
L00719,R097,2026-06-02,Hủ tiếu bò kho,60000,50,30000,2,1,1,pickup,20:00,30000,30000,0.5,Công nhân,Hủ tiếu,Phường Tân Đông Hiệp
L00720,R097,2026-06-02,Hủ tiếu thập cẩm,53000,49,27000,3,2,1,delivery,20:15,54000,52000,0.667,Công nhân,Hủ tiếu,Phường Tân Đông Hiệp
L00721,R098,2026-06-02,Bún riêu thập cẩm,44000,42,26000,2,1,1,pickup,16:15,26000,18000,0.5,Trung tâm,Bún riêu,Phường Xuân Hòa
L00722,R099,2026-06-02,Cơm thịt kho trứng,40000,57,17000,1,0,1,pickup,09:30,0,0,0.0,Sinh viên,Cơm văn phòng,Phường An Khánh
L00723,R099,2026-06-02,Cơm gà luộc,35000,60,14000,1,0,1,pickup,09:45,0,0,0.0,Sinh viên,Cơm văn phòng,Phường An Khánh
L00724,R099,2026-06-02,Cơm gà xối mỡ,37000,60,15000,1,0,1,pickup,09:00,0,0,0.0,Sinh viên,Cơm văn phòng,Phường An Khánh
L00725,R099,2026-06-02,Cơm canh chua,28000,55,13000,1,0,1,pickup,09:45,0,0,0.0,Sinh viên,Cơm văn phòng,Phường An Khánh
L00726,R099,2026-06-02,Cơm sườn đậu hũ,38000,55,17000,1,0,1,pickup,09:15,0,0,0.0,Sinh viên,Cơm văn phòng,Phường An Khánh
L00727,R100,2026-06-02,Hủ tiếu sa tế,42000,43,24000,3,1,2,delivery,15:15,24000,18000,0.333,Trung tâm,Hủ tiếu,Phường Tân Định
L00728,R100,2026-06-02,Hủ tiếu thập cẩm,41000,38,25000,3,1,2,delivery,15:45,25000,16000,0.333,Trung tâm,Hủ tiếu,Phường Tân Định
L00729,R101,2026-06-02,Phở bò viên,63000,33,42000,1,0,1,pickup,09:00,0,0,0.0,Công nhân,Phở,Phường Bình Hòa
L00730,R101,2026-06-02,Phở gà,50000,31,34000,1,0,1,pickup,09:45,0,0,0.0,Công nhân,Phở,Phường Bình Hòa
L00731,R101,2026-06-02,Phở bò chín,40000,30,28000,1,0,1,pickup,09:45,0,0,0.0,Công nhân,Phở,Phường Bình Hòa
L00732,R102,2026-06-02,Bún bò viên,51000,49,26000,1,0,1,delivery,15:30,0,0,0.0,Sinh viên,Bún bò,Phường Thủ Đức
L00733,R102,2026-06-02,Bún bò Huế đặc biệt,54000,49,28000,1,0,1,pickup,15:15,0,0,0.0,Sinh viên,Bún bò,Phường Thủ Đức
L00734,R102,2026-06-02,Bún bò thập cẩm,57000,55,26000,1,0,1,pickup,15:30,0,0,0.0,Sinh viên,Bún bò,Phường Thủ Đức
L00735,R102,2026-06-02,Bún bò giò heo,37000,51,18000,2,1,1,delivery,15:15,18000,19000,0.5,Sinh viên,Bún bò,Phường Thủ Đức
L00736,R103,2026-06-02,Cơm sườn đậu hũ,30000,39,18000,7,3,4,pickup,11:00,54000,36000,0.429,Công nhân,Cơm văn phòng,Phường Đông Hòa
L00737,R103,2026-06-02,Cơm gà xối mỡ,33000,37,21000,6,2,4,delivery,11:45,42000,24000,0.333,Công nhân,Cơm văn phòng,Phường Đông Hòa
L00738,R103,2026-06-02,Cơm thịt kho trứng,52000,38,32000,6,2,4,delivery,11:45,64000,40000,0.333,Công nhân,Cơm văn phòng,Phường Đông Hòa
L00739,R104,2026-06-02,Bánh mì chả lụa,22000,44,12000,1,0,1,pickup,19:00,0,0,0.0,Dân cư đông,Bánh mì,Phường Thông Tây Hội
L00740,R104,2026-06-02,Bánh mì thịt nguội,25000,46,14000,1,0,1,pickup,19:45,0,0,0.0,Dân cư đông,Bánh mì,Phường Thông Tây Hội
L00741,R104,2026-06-02,Bánh mì trứng,25000,47,13000,1,0,1,pickup,19:00,0,0,0.0,Dân cư đông,Bánh mì,Phường Thông Tây Hội
L00742,R104,2026-06-02,Bánh mì gà,23000,46,12000,1,0,1,pickup,19:00,0,0,0.0,Dân cư đông,Bánh mì,Phường Thông Tây Hội
L00743,R104,2026-06-02,Bánh mì xíu mại,26000,52,12000,1,0,1,pickup,19:45,0,0,0.0,Dân cư đông,Bánh mì,Phường Thông Tây Hội
L00744,R105,2026-06-02,Bánh mì xíu mại,19000,37,12000,4,1,3,pickup,16:30,12000,7000,0.25,Sinh viên,Bánh mì,Phường Tam Bình
L00745,R105,2026-06-02,Bánh mì gà,25000,36,16000,5,1,4,pickup,16:30,16000,9000,0.2,Sinh viên,Bánh mì,Phường Tam Bình
L00746,R106,2026-06-02,Phở bò chín,39000,60,16000,6,5,1,pickup,11:15,80000,115000,0.833,Công nhân,Phở,Phường An Phú
L00747,R106,2026-06-02,Phở bò tái,44000,56,19000,7,5,2,pickup,11:15,95000,125000,0.714,Công nhân,Phở,Phường An Phú
L00748,R106,2026-06-02,Phở bò viên,42000,53,20000,7,6,1,pickup,11:30,120000,132000,0.857,Công nhân,Phở,Phường An Phú
L00749,R107,2026-06-02,Hủ tiếu Nam Vang,58000,35,38000,13,4,9,pickup,09:15,152000,80000,0.308,Dân cư đông,Hủ tiếu,Phường Gò Vấp
L00750,R108,2026-06-02,Cơm tấm sườn nướng,42000,52,20000,4,3,1,pickup,16:15,60000,66000,0.75,Sinh viên,Cơm tấm,Phường Thủ Đức
L00751,R108,2026-06-02,Cơm tấm sườn bì chả,41000,54,19000,3,2,1,pickup,16:15,38000,44000,0.667,Sinh viên,Cơm tấm,Phường Thủ Đức
L00752,R108,2026-06-02,Cơm tấm đặc biệt,49000,50,24000,3,2,1,delivery,16:30,48000,50000,0.667,Sinh viên,Cơm tấm,Phường Thủ Đức
L00753,R108,2026-06-02,Cơm tấm bì,36000,49,18000,4,2,2,delivery,16:15,36000,36000,0.5,Sinh viên,Cơm tấm,Phường Thủ Đức
L00754,R109,2026-06-02,Hủ tiếu sa tế,45000,60,18000,1,0,1,delivery,11:30,0,0,0.0,Trung tâm,Hủ tiếu,Phường Sài Gòn
L00755,R109,2026-06-02,Hủ tiếu thập cẩm,47000,56,21000,1,0,1,delivery,11:00,0,0,0.0,Trung tâm,Hủ tiếu,Phường Sài Gòn
L00756,R109,2026-06-02,Hủ tiếu Nam Vang,50000,54,23000,1,0,1,delivery,11:00,0,0,0.0,Trung tâm,Hủ tiếu,Phường Sài Gòn
L00757,R110,2026-06-02,Phở gà,41000,59,17000,3,2,1,delivery,10:45,34000,48000,0.667,Sinh viên,Phở,Phường Hiệp Bình
L00758,R110,2026-06-02,Phở bò tái,39000,55,18000,3,1,2,delivery,10:00,18000,21000,0.333,Sinh viên,Phở,Phường Hiệp Bình
L00759,R111,2026-06-02,Bánh mì chả lụa,24000,56,11000,5,4,1,delivery,09:45,44000,52000,0.8,Sinh viên,Bánh mì,Phường Long Bình
L00760,R112,2026-06-02,Hủ tiếu mì,56000,48,29000,1,0,1,delivery,11:15,0,0,0.0,Dân cư đông,Hủ tiếu,Phường Gò Vấp
L00761,R112,2026-06-02,Hủ tiếu sa tế,49000,48,25000,1,0,1,delivery,11:15,0,0,0.0,Dân cư đông,Hủ tiếu,Phường Gò Vấp
L00762,R112,2026-06-02,Hủ tiếu thập cẩm,55000,46,30000,1,0,1,delivery,11:00,0,0,0.0,Dân cư đông,Hủ tiếu,Phường Gò Vấp
L00763,R112,2026-06-02,Hủ tiếu bò kho,56000,51,27000,1,0,1,delivery,11:45,0,0,0.0,Dân cư đông,Hủ tiếu,Phường Gò Vấp
L00764,R112,2026-06-02,Hủ tiếu Nam Vang,46000,49,23000,1,0,1,pickup,11:15,0,0,0.0,Dân cư đông,Hủ tiếu,Phường Gò Vấp
L00765,R113,2026-06-02,Bánh mì xíu mại,31000,53,15000,1,0,1,delivery,10:15,0,0,0.0,Dân cư đông,Bánh mì,Phường Tân Hòa
L00766,R113,2026-06-02,Bánh mì gà,28000,43,16000,1,0,1,delivery,10:00,0,0,0.0,Dân cư đông,Bánh mì,Phường Tân Hòa
L00767,R113,2026-06-02,Bánh mì chả lụa,25000,47,13000,1,0,1,delivery,10:15,0,0,0.0,Dân cư đông,Bánh mì,Phường Tân Hòa
L00768,R113,2026-06-02,Bánh mì trứng,30000,48,16000,1,0,1,delivery,10:00,0,0,0.0,Dân cư đông,Bánh mì,Phường Tân Hòa
L00769,R113,2026-06-02,Bánh mì thịt nguội,20000,53,9000,1,0,1,delivery,10:15,0,0,0.0,Dân cư đông,Bánh mì,Phường Tân Hòa
L00770,R114,2026-06-02,Cơm canh chua,33000,42,19000,1,0,1,delivery,10:00,0,0,0.0,Công nhân,Cơm văn phòng,Phường Bình Hòa
L00771,R114,2026-06-02,Cơm gà luộc,50000,43,28000,1,0,1,delivery,10:30,0,0,0.0,Công nhân,Cơm văn phòng,Phường Bình Hòa
L00772,R114,2026-06-02,Cơm sườn đậu hũ,28000,42,16000,1,0,1,pickup,10:15,0,0,0.0,Công nhân,Cơm văn phòng,Phường Bình Hòa
L00773,R114,2026-06-02,Cơm gà xối mỡ,45000,47,24000,1,0,1,delivery,10:00,0,0,0.0,Công nhân,Cơm văn phòng,Phường Bình Hòa
L00774,R115,2026-06-02,Cơm tấm sườn nướng,34000,40,20000,1,0,1,delivery,14:00,0,0,0.0,Dân cư đông,Cơm tấm,Phường Khánh Hội
L00775,R115,2026-06-02,Cơm tấm sườn bì chả,47000,45,26000,1,0,1,delivery,14:45,0,0,0.0,Dân cư đông,Cơm tấm,Phường Khánh Hội
L00776,R116,2026-06-02,Cơm sườn đậu hũ,38000,36,24000,2,1,1,delivery,20:00,24000,14000,0.5,Dân cư đông,Cơm văn phòng,Phường Bình Lợi Trung
L00777,R116,2026-06-02,Cơm thịt kho trứng,48000,40,29000,2,1,1,delivery,20:45,29000,19000,0.5,Dân cư đông,Cơm văn phòng,Phường Bình Lợi Trung
L00778,R117,2026-06-02,Bánh mì xíu mại,29000,42,17000,1,0,1,delivery,09:15,0,0,0.0,Sinh viên,Bánh mì,Phường Hiệp Bình
L00779,R117,2026-06-02,Bánh mì trứng,19000,44,11000,1,0,1,delivery,09:15,0,0,0.0,Sinh viên,Bánh mì,Phường Hiệp Bình
L00780,R117,2026-06-02,Bánh mì gà,22000,45,12000,1,0,1,delivery,09:00,0,0,0.0,Sinh viên,Bánh mì,Phường Hiệp Bình
L00781,R118,2026-06-02,Bánh mì gà,24000,30,17000,3,1,2,pickup,10:30,17000,7000,0.333,Dân cư đông,Bánh mì,Phường Gò Vấp
L00782,R118,2026-06-02,Bánh mì chả lụa,25000,36,16000,3,1,2,pickup,10:00,16000,9000,0.333,Dân cư đông,Bánh mì,Phường Gò Vấp
L00783,R118,2026-06-02,Bánh mì trứng,17000,30,12000,3,0,3,pickup,10:00,0,0,0.0,Dân cư đông,Bánh mì,Phường Gò Vấp
L00784,R119,2026-06-02,Bún bò Huế đặc biệt,52000,55,23000,7,5,2,pickup,14:00,115000,145000,0.714,Công nhân,Bún bò,Phường Đông Hòa
L00785,R120,2026-06-02,Bún bò viên,51000,56,22000,2,1,1,pickup,11:30,22000,29000,0.5,Dân cư đông,Bún bò,Phường Hạnh Thông
L00786,R120,2026-06-02,Bún bò gân,40000,51,20000,2,1,1,pickup,11:30,20000,20000,0.5,Dân cư đông,Bún bò,Phường Hạnh Thông
L00787,R120,2026-06-02,Bún bò giò heo,63000,54,29000,2,1,1,pickup,11:15,29000,34000,0.5,Dân cư đông,Bún bò,Phường Hạnh Thông
L00788,R120,2026-06-02,Bún bò Huế đặc biệt,43000,58,18000,2,1,1,pickup,11:30,18000,25000,0.5,Dân cư đông,Bún bò,Phường Hạnh Thông
L00789,R120,2026-06-02,Bún bò thập cẩm,42000,55,19000,2,1,1,pickup,11:45,19000,23000,0.5,Dân cư đông,Bún bò,Phường Hạnh Thông
L00790,R121,2026-06-02,Cơm sườn đậu hũ,44000,33,29000,1,0,1,pickup,12:30,0,0,0.0,Dân cư đông,Cơm văn phòng,Phường Gò Vấp
L00791,R121,2026-06-02,Cơm gà xối mỡ,36000,38,22000,1,0,1,pickup,12:30,0,0,0.0,Dân cư đông,Cơm văn phòng,Phường Gò Vấp
L00792,R121,2026-06-02,Cơm canh chua,29000,35,19000,1,0,1,pickup,12:15,0,0,0.0,Dân cư đông,Cơm văn phòng,Phường Gò Vấp
L00793,R121,2026-06-02,Cơm gà luộc,42000,38,26000,1,0,1,pickup,12:45,0,0,0.0,Dân cư đông,Cơm văn phòng,Phường Gò Vấp
L00794,R121,2026-06-02,Cơm thịt kho trứng,36000,38,22000,1,0,1,pickup,12:45,0,0,0.0,Dân cư đông,Cơm văn phòng,Phường Gò Vấp
L00795,R122,2026-06-02,Bún riêu cua mọc,39000,51,19000,6,4,2,pickup,09:30,76000,80000,0.667,Sinh viên,Bún riêu,Phường Linh Xuân
L00796,R123,2026-06-02,Cơm sườn đậu hũ,39000,51,19000,14,9,5,pickup,16:30,171000,180000,0.643,Sinh viên,Cơm văn phòng,Phường Bình Trưng
L00797,R124,2026-06-02,Bún bò Huế đặc biệt,44000,35,29000,3,1,2,delivery,15:00,29000,15000,0.333,Sinh viên,Bún bò,Phường Cát Lái
L00798,R124,2026-06-02,Bún bò viên,50000,30,35000,3,1,2,delivery,15:00,35000,15000,0.333,Sinh viên,Bún bò,Phường Cát Lái
L00799,R124,2026-06-02,Bún bò thập cẩm,51000,30,36000,2,0,2,delivery,15:15,0,0,0.0,Sinh viên,Bún bò,Phường Cát Lái
L00800,R124,2026-06-02,Bún bò gân,44000,32,30000,3,0,3,delivery,15:45,0,0,0.0,Sinh viên,Bún bò,Phường Cát Lái
L00801,R124,2026-06-02,Bún bò giò heo,49000,30,34000,2,0,2,pickup,15:00,0,0,0.0,Sinh viên,Bún bò,Phường Cát Lái
L00802,R125,2026-06-02,Bánh mì trứng,20000,48,10000,3,2,1,delivery,15:00,20000,20000,0.667,Công nhân,Bánh mì,Phường Lái Thiêu
L00803,R125,2026-06-02,Bánh mì xíu mại,25000,54,12000,2,1,1,pickup,15:30,12000,13000,0.5,Công nhân,Bánh mì,Phường Lái Thiêu
L00804,R126,2026-06-02,Phở gà,42000,37,26000,2,0,2,delivery,11:15,0,0,0.0,Dân cư đông,Phở,Phường Gò Vấp
L00805,R126,2026-06-02,Phở bò tái nạm,49000,34,32000,2,0,2,delivery,11:45,0,0,0.0,Dân cư đông,Phở,Phường Gò Vấp
L00806,R126,2026-06-02,Phở bò chín,42000,39,26000,3,1,2,delivery,11:00,26000,16000,0.333,Dân cư đông,Phở,Phường Gò Vấp
L00807,R126,2026-06-02,Phở bò viên,44000,33,29000,2,0,2,delivery,11:30,0,0,0.0,Dân cư đông,Phở,Phường Gò Vấp
L00808,R126,2026-06-02,Phở bò tái,50000,38,31000,2,0,2,delivery,11:15,0,0,0.0,Dân cư đông,Phở,Phường Gò Vấp
L00809,R127,2026-06-02,Cơm sườn đậu hũ,42000,33,28000,2,0,2,delivery,18:15,0,0,0.0,Dân cư đông,Cơm văn phòng,Phường Tân Sơn Nhất
L00810,R127,2026-06-02,Cơm gà luộc,44000,32,30000,3,1,2,delivery,18:15,30000,14000,0.333,Dân cư đông,Cơm văn phòng,Phường Tân Sơn Nhất
L00811,R127,2026-06-02,Cơm canh chua,31000,31,21000,2,0,2,delivery,18:15,0,0,0.0,Dân cư đông,Cơm văn phòng,Phường Tân Sơn Nhất
L00812,R127,2026-06-02,Cơm gà xối mỡ,31000,39,19000,2,0,2,delivery,18:00,0,0,0.0,Dân cư đông,Cơm văn phòng,Phường Tân Sơn Nhất
L00813,R127,2026-06-02,Cơm thịt kho trứng,33000,33,22000,2,0,2,delivery,18:45,0,0,0.0,Dân cư đông,Cơm văn phòng,Phường Tân Sơn Nhất
L00814,R128,2026-06-02,Bánh mì chả lụa,31000,35,20000,4,2,2,pickup,18:30,40000,22000,0.5,Trung tâm,Bánh mì,Phường Đức Nhuận
L00815,R128,2026-06-02,Bánh mì trứng,22000,33,15000,3,1,2,pickup,18:15,15000,7000,0.333,Trung tâm,Bánh mì,Phường Đức Nhuận
L00816,R129,2026-06-02,Phở bò chín,60000,55,27000,2,1,1,pickup,11:15,27000,33000,0.5,Công nhân,Phở,Phường Dĩ An
L00817,R129,2026-06-02,Phở bò tái,46000,48,24000,2,1,1,pickup,11:15,24000,22000,0.5,Công nhân,Phở,Phường Dĩ An
L00818,R129,2026-06-02,Phở gà,50000,51,24000,2,1,1,pickup,11:30,24000,26000,0.5,Công nhân,Phở,Phường Dĩ An
L00819,R130,2026-06-02,Phở bò chín,53000,39,32000,3,1,2,delivery,10:45,32000,21000,0.333,Công nhân,Phở,Phường Lái Thiêu
L00820,R130,2026-06-02,Phở bò viên,45000,47,24000,4,3,1,delivery,10:15,72000,63000,0.75,Công nhân,Phở,Phường Lái Thiêu
L00821,R130,2026-06-02,Phở gà,44000,42,26000,3,1,2,delivery,10:00,26000,18000,0.333,Công nhân,Phở,Phường Lái Thiêu
L00822,R130,2026-06-02,Phở bò tái nạm,56000,49,29000,3,2,1,delivery,10:45,58000,54000,0.667,Công nhân,Phở,Phường Lái Thiêu
L00823,R131,2026-06-02,Bún bò gân,45000,53,21000,1,0,1,pickup,20:15,0,0,0.0,Sinh viên,Bún bò,Phường Phước Long
L00824,R131,2026-06-02,Bún bò thập cẩm,45000,49,23000,1,0,1,delivery,20:30,0,0,0.0,Sinh viên,Bún bò,Phường Phước Long
L00825,R131,2026-06-02,Bún bò viên,45000,54,21000,1,0,1,pickup,20:30,0,0,0.0,Sinh viên,Bún bò,Phường Phước Long
L00826,R131,2026-06-02,Bún bò giò heo,45000,57,19000,1,0,1,pickup,20:00,0,0,0.0,Sinh viên,Bún bò,Phường Phước Long
L00827,R132,2026-06-02,Cơm sườn đậu hũ,29000,51,14000,3,2,1,delivery,09:30,28000,30000,0.667,Sinh viên,Cơm văn phòng,Phường Linh Xuân
L00828,R132,2026-06-02,Cơm gà xối mỡ,32000,51,16000,4,3,1,pickup,09:30,48000,48000,0.75,Sinh viên,Cơm văn phòng,Phường Linh Xuân
L00829,R132,2026-06-02,Cơm gà luộc,38000,41,22000,4,2,2,pickup,09:45,44000,32000,0.5,Sinh viên,Cơm văn phòng,Phường Linh Xuân
L00830,R133,2026-06-02,Hủ tiếu Nam Vang,47000,33,31000,13,5,8,delivery,15:45,155000,80000,0.385,Sinh viên,Hủ tiếu,Phường Cát Lái
L00831,R134,2026-06-02,Cơm tấm sườn bì chả,30000,37,19000,1,0,1,pickup,15:45,0,0,0.0,Dân cư đông,Cơm tấm,Phường An Nhơn
L00832,R134,2026-06-02,Cơm tấm bì,40000,35,26000,1,0,1,pickup,15:00,0,0,0.0,Dân cư đông,Cơm tấm,Phường An Nhơn
L00833,R134,2026-06-02,Cơm tấm sườn trứng,27000,30,19000,1,0,1,delivery,15:30,0,0,0.0,Dân cư đông,Cơm tấm,Phường An Nhơn
L00834,R135,2026-06-02,Bún bò thập cẩm,47000,50,24000,6,4,2,pickup,20:00,96000,92000,0.667,Sinh viên,Bún bò,Phường Cát Lái
L00835,R135,2026-06-02,Bún bò gân,39000,54,18000,6,4,2,pickup,20:00,72000,84000,0.667,Sinh viên,Bún bò,Phường Cát Lái
L00836,R135,2026-06-02,Bún bò Huế đặc biệt,56000,47,30000,6,3,3,pickup,20:00,90000,78000,0.5,Sinh viên,Bún bò,Phường Cát Lái
L00837,R136,2026-06-02,Bún bò viên,41000,59,17000,7,4,3,pickup,10:30,68000,96000,0.571,Công nhân,Bún bò,Phường Đông Hòa
L00838,R136,2026-06-02,Bún bò thập cẩm,49000,56,22000,6,5,1,delivery,10:45,110000,135000,0.833,Công nhân,Bún bò,Phường Đông Hòa
L00839,R136,2026-06-02,Bún bò giò heo,39000,57,17000,6,4,2,pickup,10:15,68000,88000,0.667,Công nhân,Bún bò,Phường Đông Hòa
L00840,R137,2026-06-02,Hủ tiếu thập cẩm,55000,46,30000,1,0,1,delivery,15:00,0,0,0.0,Dân cư đông,Hủ tiếu,Phường Tân Sơn Nhất
L00841,R137,2026-06-02,Hủ tiếu sa tế,58000,41,34000,1,0,1,delivery,15:45,0,0,0.0,Dân cư đông,Hủ tiếu,Phường Tân Sơn Nhất
L00842,R137,2026-06-02,Hủ tiếu bò kho,45000,51,22000,1,0,1,delivery,15:00,0,0,0.0,Dân cư đông,Hủ tiếu,Phường Tân Sơn Nhất
L00843,R137,2026-06-02,Hủ tiếu mì,41000,44,23000,1,0,1,delivery,15:15,0,0,0.0,Dân cư đông,Hủ tiếu,Phường Tân Sơn Nhất
L00844,R137,2026-06-02,Hủ tiếu Nam Vang,39000,50,20000,1,0,1,delivery,15:00,0,0,0.0,Dân cư đông,Hủ tiếu,Phường Tân Sơn Nhất
L00845,R138,2026-06-02,Cơm tấm sườn bì chả,37000,59,15000,1,0,1,delivery,16:00,0,0,0.0,Công nhân,Cơm tấm,Phường Đông Hòa
L00846,R138,2026-06-02,Cơm tấm bì,46000,55,21000,1,0,1,delivery,16:15,0,0,0.0,Công nhân,Cơm tấm,Phường Đông Hòa
L00847,R138,2026-06-02,Cơm tấm sườn nướng,52000,60,21000,1,0,1,delivery,16:30,0,0,0.0,Công nhân,Cơm tấm,Phường Đông Hòa
L00848,R138,2026-06-02,Cơm tấm sườn trứng,34000,53,16000,1,0,1,delivery,16:00,0,0,0.0,Công nhân,Cơm tấm,Phường Đông Hòa
L00849,R139,2026-06-02,Bánh mì chả lụa,22000,60,9000,3,2,1,delivery,09:15,18000,26000,0.667,Ngoại ô,Bánh mì,Xã Bà Điểm
L00850,R139,2026-06-02,Bánh mì thịt nguội,28000,54,13000,2,1,1,delivery,09:15,13000,15000,0.5,Ngoại ô,Bánh mì,Xã Bà Điểm
L00851,R139,2026-06-02,Bánh mì xíu mại,31000,51,15000,3,2,1,delivery,09:30,30000,32000,0.667,Ngoại ô,Bánh mì,Xã Bà Điểm
L00852,R140,2026-06-02,Bún riêu cua,39000,36,25000,5,2,3,delivery,17:30,50000,28000,0.4,Ngoại ô,Bún riêu,Xã Hiệp Phước
L00853,R140,2026-06-02,Bún riêu cua mọc,41000,42,24000,6,3,3,pickup,17:15,72000,51000,0.5,Ngoại ô,Bún riêu,Xã Hiệp Phước
L00854,R141,2026-06-02,Cơm thịt kho trứng,41000,34,27000,2,0,2,delivery,15:45,0,0,0.0,Sinh viên,Cơm văn phòng,Phường Long Bình
L00855,R141,2026-06-02,Cơm gà xối mỡ,35000,30,24000,2,1,1,delivery,15:00,24000,11000,0.5,Sinh viên,Cơm văn phòng,Phường Long Bình
L00856,R142,2026-06-02,Bún riêu cua mọc,37000,42,21000,4,2,2,pickup,11:00,42000,32000,0.5,Công nhân,Bún riêu,Phường Thuận An
L00857,R142,2026-06-02,Bún riêu thập cẩm,41000,47,22000,4,2,2,pickup,11:45,44000,38000,0.5,Công nhân,Bún riêu,Phường Thuận An
L00858,R142,2026-06-02,Bún riêu cua đồng,47000,52,23000,4,2,2,pickup,11:30,46000,48000,0.5,Công nhân,Bún riêu,Phường Thuận An
L00859,R142,2026-06-02,Bún riêu cua,37000,48,19000,6,3,3,pickup,11:15,57000,54000,0.5,Công nhân,Bún riêu,Phường Thuận An
L00860,R143,2026-06-02,Bánh mì thịt nguội,25000,43,14000,2,1,1,delivery,16:00,14000,11000,0.5,Sinh viên,Bánh mì,Phường Cát Lái
L00861,R143,2026-06-02,Bánh mì xíu mại,26000,50,13000,3,2,1,delivery,16:00,26000,26000,0.667,Sinh viên,Bánh mì,Phường Cát Lái
L00862,R143,2026-06-02,Bánh mì trứng,28000,47,15000,2,1,1,delivery,16:15,15000,13000,0.5,Sinh viên,Bánh mì,Phường Cát Lái
L00863,R143,2026-06-02,Bánh mì gà,21000,52,10000,2,1,1,delivery,16:00,10000,11000,0.5,Sinh viên,Bánh mì,Phường Cát Lái
L00864,R144,2026-06-02,Bún bò giò heo,55000,60,22000,3,2,1,pickup,15:45,44000,66000,0.667,Sinh viên,Bún bò,Phường Phước Long
L00865,R144,2026-06-02,Bún bò thập cẩm,45000,56,20000,4,2,2,pickup,15:15,40000,50000,0.5,Sinh viên,Bún bò,Phường Phước Long
L00866,R144,2026-06-02,Bún bò viên,48000,60,19000,3,2,1,pickup,15:45,38000,58000,0.667,Sinh viên,Bún bò,Phường Phước Long
L00867,R145,2026-06-02,Cơm tấm đặc biệt,35000,46,19000,1,0,1,delivery,19:15,0,0,0.0,Trung tâm,Cơm tấm,Phường Phú Nhuận
L00868,R145,2026-06-02,Cơm tấm sườn bì chả,39000,41,23000,2,1,1,pickup,19:30,23000,16000,0.5,Trung tâm,Cơm tấm,Phường Phú Nhuận
L00869,R145,2026-06-02,Cơm tấm sườn trứng,40000,48,21000,1,0,1,delivery,19:15,0,0,0.0,Trung tâm,Cơm tấm,Phường Phú Nhuận
L00870,R145,2026-06-02,Cơm tấm bì,33000,51,16000,2,1,1,delivery,19:45,16000,17000,0.5,Trung tâm,Cơm tấm,Phường Phú Nhuận
L00871,R146,2026-06-02,Bún bò thập cẩm,46000,57,20000,2,1,1,delivery,16:00,20000,26000,0.5,Công nhân,Bún bò,Phường Tân Đông Hiệp
L00872,R146,2026-06-02,Bún bò viên,40000,56,18000,2,1,1,delivery,16:45,18000,22000,0.5,Công nhân,Bún bò,Phường Tân Đông Hiệp
L00873,R146,2026-06-02,Bún bò Huế đặc biệt,43000,56,19000,2,1,1,delivery,16:15,19000,24000,0.5,Công nhân,Bún bò,Phường Tân Đông Hiệp
L00874,R147,2026-06-02,Phở bò chín,60000,34,40000,3,1,2,delivery,14:15,40000,20000,0.333,Công nhân,Phở,Phường Dĩ An
L00875,R147,2026-06-02,Phở gà,49000,30,34000,4,1,3,delivery,14:00,34000,15000,0.25,Công nhân,Phở,Phường Dĩ An
L00876,R148,2026-06-02,Bún bò viên,41000,30,29000,4,2,2,pickup,17:45,58000,24000,0.5,Trung tâm,Bún bò,Phường Cầu Kiệu
L00877,R148,2026-06-02,Bún bò gân,39000,37,25000,4,1,3,delivery,17:30,25000,14000,0.25,Trung tâm,Bún bò,Phường Cầu Kiệu
L00878,R149,2026-06-02,Bún bò gân,44000,30,31000,17,7,10,delivery,13:15,217000,91000,0.412,Sinh viên,Bún bò,Phường An Khánh
L00879,R000,2026-06-03,Bún bò viên,47000,36,30000,7,2,5,delivery,18:30,60000,34000,0.286,Công nhân,Bún bò,Phường Đông Hòa
L00880,R000,2026-06-03,Bún bò thập cẩm,62000,32,42000,9,5,4,pickup,18:15,210000,100000,0.556,Công nhân,Bún bò,Phường Đông Hòa
L00881,R000,2026-06-03,Bún bò gân,39000,34,26000,8,3,5,delivery,18:15,78000,39000,0.375,Công nhân,Bún bò,Phường Đông Hòa
L00882,R001,2026-06-03,Cơm tấm đặc biệt,40000,41,24000,1,0,1,pickup,19:30,0,0,0.0,Ngoại ô,Cơm tấm,Xã Bình Chánh
L00883,R001,2026-06-03,Cơm tấm bì,39000,35,25000,1,0,1,pickup,19:00,0,0,0.0,Ngoại ô,Cơm tấm,Xã Bình Chánh
L00884,R001,2026-06-03,Cơm tấm sườn bì chả,31000,38,19000,1,0,1,pickup,19:30,0,0,0.0,Ngoại ô,Cơm tấm,Xã Bình Chánh
L00885,R002,2026-06-03,Hủ tiếu mì,48000,39,29000,3,1,2,pickup,20:00,29000,19000,0.333,Dân cư đông,Hủ tiếu,Phường An Nhơn
L00886,R002,2026-06-03,Hủ tiếu Nam Vang,36000,33,24000,2,0,2,delivery,20:00,0,0,0.0,Dân cư đông,Hủ tiếu,Phường An Nhơn
L00887,R002,2026-06-03,Hủ tiếu sa tế,55000,33,37000,3,1,2,pickup,20:30,37000,18000,0.333,Dân cư đông,Hủ tiếu,Phường An Nhơn
L00888,R002,2026-06-03,Hủ tiếu thập cẩm,52000,35,34000,3,1,2,delivery,20:45,34000,18000,0.333,Dân cư đông,Hủ tiếu,Phường An Nhơn
L00889,R002,2026-06-03,Hủ tiếu bò kho,40000,35,26000,3,1,2,delivery,20:30,26000,14000,0.333,Dân cư đông,Hủ tiếu,Phường An Nhơn
L00890,R003,2026-06-03,Phở bò tái,45000,60,18000,7,6,1,delivery,18:30,108000,162000,0.857,Công nhân,Phở,Phường Bình Hòa
L00891,R003,2026-06-03,Phở bò chín,42000,52,20000,7,4,3,pickup,18:00,80000,88000,0.571,Công nhân,Phở,Phường Bình Hòa
L00892,R003,2026-06-03,Phở bò tái nạm,41000,55,18000,5,3,2,delivery,18:00,54000,69000,0.6,Công nhân,Phở,Phường Bình Hòa
L00893,R003,2026-06-03,Phở gà,52000,59,21000,7,5,2,delivery,18:15,105000,155000,0.714,Công nhân,Phở,Phường Bình Hòa
L00894,R004,2026-06-03,Hủ tiếu Nam Vang,48000,56,21000,1,0,1,delivery,16:15,0,0,0.0,Sinh viên,Hủ tiếu,Phường Cát Lái
L00895,R004,2026-06-03,Hủ tiếu mì,47000,53,22000,1,0,1,delivery,16:15,0,0,0.0,Sinh viên,Hủ tiếu,Phường Cát Lái
L00896,R004,2026-06-03,Hủ tiếu thập cẩm,57000,48,30000,1,0,1,pickup,16:00,0,0,0.0,Sinh viên,Hủ tiếu,Phường Cát Lái
L00897,R004,2026-06-03,Hủ tiếu sa tế,42000,49,21000,1,0,1,delivery,16:45,0,0,0.0,Sinh viên,Hủ tiếu,Phường Cát Lái
L00898,R005,2026-06-03,Hủ tiếu mì,52000,51,25000,3,2,1,pickup,10:45,50000,54000,0.667,Sinh viên,Hủ tiếu,Phường Long Bình
L00899,R005,2026-06-03,Hủ tiếu thập cẩm,46000,52,22000,4,3,1,pickup,10:15,66000,72000,0.75,Sinh viên,Hủ tiếu,Phường Long Bình
L00900,R005,2026-06-03,Hủ tiếu sa tế,45000,53,21000,4,3,1,pickup,10:30,63000,72000,0.75,Sinh viên,Hủ tiếu,Phường Long Bình
L00901,R005,2026-06-03,Hủ tiếu bò kho,45000,52,22000,4,3,1,pickup,10:00,66000,69000,0.75,Sinh viên,Hủ tiếu,Phường Long Bình
L00902,R006,2026-06-03,Bún bò gân,39000,38,24000,1,0,1,delivery,17:45,0,0,0.0,Trung tâm,Bún bò,Phường Nhiêu Lộc
L00903,R006,2026-06-03,Bún bò Huế đặc biệt,51000,40,31000,1,0,1,delivery,17:00,0,0,0.0,Trung tâm,Bún bò,Phường Nhiêu Lộc
L00904,R006,2026-06-03,Bún bò thập cẩm,47000,36,30000,1,0,1,delivery,17:45,0,0,0.0,Trung tâm,Bún bò,Phường Nhiêu Lộc
L00905,R006,2026-06-03,Bún bò giò heo,47000,45,26000,2,1,1,delivery,17:15,26000,21000,0.5,Trung tâm,Bún bò,Phường Nhiêu Lộc
L00906,R007,2026-06-03,Phở bò viên,47000,37,30000,23,7,16,pickup,09:45,210000,119000,0.304,Dân cư đông,Phở,Phường An Hội Đông
L00907,R008,2026-06-03,Hủ tiếu Nam Vang,44000,39,27000,5,2,3,pickup,16:30,54000,34000,0.4,Công nhân,Hủ tiếu,Phường Thuận An
L00908,R008,2026-06-03,Hủ tiếu bò kho,49000,46,26000,5,3,2,pickup,16:00,78000,69000,0.6,Công nhân,Hủ tiếu,Phường Thuận An
L00909,R008,2026-06-03,Hủ tiếu sa tế,53000,49,27000,4,3,1,delivery,16:00,81000,78000,0.75,Công nhân,Hủ tiếu,Phường Thuận An
L00910,R009,2026-06-03,Cơm tấm bì,41000,50,20000,4,2,2,pickup,20:30,40000,42000,0.5,Dân cư đông,Cơm tấm,Phường Tân Bình
L00911,R009,2026-06-03,Cơm tấm sườn nướng,35000,55,16000,3,2,1,pickup,20:00,32000,38000,0.667,Dân cư đông,Cơm tấm,Phường Tân Bình
L00912,R009,2026-06-03,Cơm tấm sườn bì chả,48000,52,23000,4,2,2,pickup,20:15,46000,50000,0.5,Dân cư đông,Cơm tấm,Phường Tân Bình
L00913,R010,2026-06-03,Cơm tấm sườn nướng,39000,50,20000,1,0,1,pickup,19:45,0,0,0.0,Trung tâm,Cơm tấm,Phường Đức Nhuận
L00914,R010,2026-06-03,Cơm tấm sườn trứng,36000,46,19000,1,0,1,delivery,19:30,0,0,0.0,Trung tâm,Cơm tấm,Phường Đức Nhuận
L00915,R010,2026-06-03,Cơm tấm sườn bì chả,39000,47,21000,1,0,1,pickup,19:45,0,0,0.0,Trung tâm,Cơm tấm,Phường Đức Nhuận
L00916,R011,2026-06-03,Bánh mì trứng,25000,32,17000,6,2,4,pickup,20:45,34000,16000,0.333,Ngoại ô,Bánh mì,Xã Hiệp Phước
L00917,R012,2026-06-03,Phở bò chín,42000,58,18000,2,1,1,delivery,20:30,18000,24000,0.5,Dân cư đông,Phở,Phường Khánh Hội
L00918,R012,2026-06-03,Phở bò tái,59000,59,24000,2,1,1,delivery,20:45,24000,35000,0.5,Dân cư đông,Phở,Phường Khánh Hội
L00919,R013,2026-06-03,Phở bò chín,43000,56,19000,4,2,2,pickup,12:45,38000,48000,0.5,Sinh viên,Phở,Phường Long Bình
L00920,R013,2026-06-03,Phở gà,54000,55,24000,4,2,2,delivery,12:00,48000,60000,0.5,Sinh viên,Phở,Phường Long Bình
L00921,R013,2026-06-03,Phở bò tái nạm,38000,54,17000,3,2,1,pickup,12:15,34000,42000,0.667,Sinh viên,Phở,Phường Long Bình
L00922,R013,2026-06-03,Phở bò tái,41000,47,22000,4,3,1,pickup,12:15,66000,57000,0.75,Sinh viên,Phở,Phường Long Bình
L00923,R013,2026-06-03,Phở bò viên,54000,56,24000,3,2,1,delivery,12:00,48000,60000,0.667,Sinh viên,Phở,Phường Long Bình
L00924,R014,2026-06-03,Bánh mì xíu mại,17000,54,8000,1,0,1,delivery,12:15,0,0,0.0,Sinh viên,Bánh mì,Phường An Khánh
L00925,R014,2026-06-03,Bánh mì trứng,22000,52,11000,1,0,1,delivery,12:45,0,0,0.0,Sinh viên,Bánh mì,Phường An Khánh
L00926,R015,2026-06-03,Hủ tiếu thập cẩm,50000,41,30000,6,3,3,pickup,13:30,90000,60000,0.5,Sinh viên,Hủ tiếu,Phường Hiệp Bình
L00927,R015,2026-06-03,Hủ tiếu sa tế,44000,40,26000,6,3,3,delivery,13:15,78000,54000,0.5,Sinh viên,Hủ tiếu,Phường Hiệp Bình
L00928,R015,2026-06-03,Hủ tiếu bò kho,43000,40,26000,6,3,3,delivery,13:30,78000,51000,0.5,Sinh viên,Hủ tiếu,Phường Hiệp Bình
L00929,R016,2026-06-03,Phở bò viên,49000,47,26000,4,2,2,delivery,16:15,52000,46000,0.5,Sinh viên,Phở,Phường Tăng Nhơn Phú
L00930,R016,2026-06-03,Phở bò tái nạm,40000,52,19000,4,3,1,delivery,16:15,57000,63000,0.75,Sinh viên,Phở,Phường Tăng Nhơn Phú
L00931,R016,2026-06-03,Phở gà,41000,49,21000,5,2,3,delivery,16:30,42000,40000,0.4,Sinh viên,Phở,Phường Tăng Nhơn Phú
L00932,R017,2026-06-03,Cơm tấm đặc biệt,42000,35,27000,17,7,10,delivery,13:45,189000,105000,0.412,Công nhân,Cơm tấm,Phường Dĩ An
L00933,R018,2026-06-03,Cơm tấm đặc biệt,46000,46,25000,2,1,1,delivery,16:00,25000,21000,0.5,Công nhân,Cơm tấm,Phường Lái Thiêu
L00934,R019,2026-06-03,Bún bò Huế đặc biệt,49000,43,28000,8,6,2,delivery,18:30,168000,126000,0.75,Sinh viên,Bún bò,Phường Long Bình
L00935,R019,2026-06-03,Bún bò giò heo,55000,39,34000,7,2,5,delivery,18:15,68000,42000,0.286,Sinh viên,Bún bò,Phường Long Bình
L00936,R020,2026-06-03,Phở bò chín,37000,38,23000,1,0,1,delivery,09:15,0,0,0.0,Công nhân,Phở,Phường Đông Hòa
L00937,R020,2026-06-03,Phở bò tái,36000,43,21000,2,1,1,delivery,09:30,21000,15000,0.5,Công nhân,Phở,Phường Đông Hòa
L00938,R020,2026-06-03,Phở gà,47000,39,29000,2,0,2,delivery,09:45,0,0,0.0,Công nhân,Phở,Phường Đông Hòa
L00939,R020,2026-06-03,Phở bò viên,40000,34,26000,1,0,1,delivery,09:00,0,0,0.0,Công nhân,Phở,Phường Đông Hòa
L00940,R021,2026-06-03,Hủ tiếu bò kho,41000,39,25000,3,1,2,pickup,20:15,25000,16000,0.333,Sinh viên,Hủ tiếu,Phường Bình Trưng
L00941,R021,2026-06-03,Hủ tiếu mì,44000,37,28000,2,0,2,pickup,20:15,0,0,0.0,Sinh viên,Hủ tiếu,Phường Bình Trưng
L00942,R022,2026-06-03,Bánh mì gà,23000,60,9000,2,1,1,pickup,18:30,9000,14000,0.5,Sinh viên,Bánh mì,Phường Long Bình
L00943,R022,2026-06-03,Bánh mì xíu mại,25000,60,10000,2,1,1,delivery,18:15,10000,15000,0.5,Sinh viên,Bánh mì,Phường Long Bình
L00944,R022,2026-06-03,Bánh mì chả lụa,32000,60,13000,2,1,1,delivery,18:00,13000,19000,0.5,Sinh viên,Bánh mì,Phường Long Bình
L00945,R022,2026-06-03,Bánh mì trứng,23000,54,11000,2,1,1,pickup,18:30,11000,12000,0.5,Sinh viên,Bánh mì,Phường Long Bình
L00946,R022,2026-06-03,Bánh mì thịt nguội,20000,59,8000,1,0,1,delivery,18:45,0,0,0.0,Sinh viên,Bánh mì,Phường Long Bình
L00947,R023,2026-06-03,Bánh mì xíu mại,31000,30,22000,3,1,2,delivery,17:00,22000,9000,0.333,Công nhân,Bánh mì,Phường Tân Đông Hiệp
L00948,R023,2026-06-03,Bánh mì gà,28000,30,20000,2,1,1,delivery,17:15,20000,8000,0.5,Công nhân,Bánh mì,Phường Tân Đông Hiệp
L00949,R024,2026-06-03,Hủ tiếu thập cẩm,48000,50,24000,12,10,2,delivery,14:15,240000,240000,0.833,Công nhân,Hủ tiếu,Phường An Phú
L00950,R025,2026-06-03,Cơm thịt kho trứng,36000,30,25000,2,1,1,pickup,11:45,25000,11000,0.5,Dân cư đông,Cơm văn phòng,Phường An Hội Đông
L00951,R025,2026-06-03,Cơm gà xối mỡ,29000,30,20000,2,0,2,pickup,11:15,0,0,0.0,Dân cư đông,Cơm văn phòng,Phường An Hội Đông
L00952,R025,2026-06-03,Cơm canh chua,41000,30,29000,1,0,1,pickup,11:30,0,0,0.0,Dân cư đông,Cơm văn phòng,Phường An Hội Đông
L00953,R025,2026-06-03,Cơm sườn đậu hũ,47000,35,31000,1,0,1,delivery,11:00,0,0,0.0,Dân cư đông,Cơm văn phòng,Phường An Hội Đông
L00954,R025,2026-06-03,Cơm gà luộc,44000,30,31000,2,0,2,delivery,11:00,0,0,0.0,Dân cư đông,Cơm văn phòng,Phường An Hội Đông
L00955,R026,2026-06-03,Bún riêu cua đồng,44000,39,27000,3,1,2,pickup,16:30,27000,17000,0.333,Sinh viên,Bún riêu,Phường Tam Bình
L00956,R027,2026-06-03,Bún bò thập cẩm,44000,33,29000,3,1,2,pickup,17:15,29000,15000,0.333,Công nhân,Bún bò,Phường Hòa Lợi
L00957,R028,2026-06-03,Bánh mì thịt nguội,22000,60,9000,7,6,1,delivery,14:30,54000,78000,0.857,Công nhân,Bánh mì,Phường Tân Đông Hiệp
L00958,R029,2026-06-03,Phở bò viên,57000,54,26000,1,0,1,pickup,19:15,0,0,0.0,Trung tâm,Phở,Phường Bến Thành
L00959,R029,2026-06-03,Phở bò tái nạm,51000,57,22000,1,0,1,delivery,19:30,0,0,0.0,Trung tâm,Phở,Phường Bến Thành
L00960,R029,2026-06-03,Phở bò tái,46000,51,23000,1,0,1,delivery,19:15,0,0,0.0,Trung tâm,Phở,Phường Bến Thành
L00961,R029,2026-06-03,Phở bò chín,43000,56,19000,1,0,1,delivery,19:15,0,0,0.0,Trung tâm,Phở,Phường Bến Thành
L00962,R030,2026-06-03,Bún bò Huế đặc biệt,44000,55,20000,15,12,3,pickup,15:30,240000,288000,0.8,Công nhân,Bún bò,Phường An Phú
L00963,R030,2026-06-03,Bún bò viên,37000,48,19000,12,8,4,pickup,15:15,152000,144000,0.667,Công nhân,Bún bò,Phường An Phú
L00964,R031,2026-06-03,Phở bò tái,46000,39,28000,6,3,3,pickup,09:30,84000,54000,0.5,Sinh viên,Phở,Phường Phước Long
L00965,R031,2026-06-03,Phở bò viên,43000,37,27000,4,2,2,delivery,09:45,54000,32000,0.5,Sinh viên,Phở,Phường Phước Long
L00966,R032,2026-06-03,Cơm thịt kho trứng,36000,46,19000,4,2,2,delivery,13:00,38000,34000,0.5,Trung tâm,Cơm văn phòng,Phường Cầu Ông Lãnh
L00967,R033,2026-06-03,Cơm tấm sườn trứng,36000,45,20000,2,1,1,pickup,13:45,20000,16000,0.5,Dân cư đông,Cơm tấm,Phường Tân Hòa
L00968,R033,2026-06-03,Cơm tấm đặc biệt,35000,49,18000,1,0,1,pickup,13:45,0,0,0.0,Dân cư đông,Cơm tấm,Phường Tân Hòa
L00969,R033,2026-06-03,Cơm tấm sườn nướng,43000,52,21000,1,0,1,pickup,13:45,0,0,0.0,Dân cư đông,Cơm tấm,Phường Tân Hòa
L00970,R033,2026-06-03,Cơm tấm sườn bì chả,29000,50,14000,1,0,1,pickup,13:00,0,0,0.0,Dân cư đông,Cơm tấm,Phường Tân Hòa
L00971,R033,2026-06-03,Cơm tấm bì,35000,52,17000,1,0,1,pickup,13:15,0,0,0.0,Dân cư đông,Cơm tấm,Phường Tân Hòa
L00972,R034,2026-06-03,Bún bò giò heo,62000,31,43000,6,3,3,pickup,18:00,129000,57000,0.5,Ngoại ô,Bún bò,Xã Bình Chánh
L00973,R034,2026-06-03,Bún bò Huế đặc biệt,49000,34,32000,5,2,3,delivery,18:15,64000,34000,0.4,Ngoại ô,Bún bò,Xã Bình Chánh
L00974,R035,2026-06-03,Bánh mì thịt nguội,25000,57,11000,1,0,1,delivery,12:15,0,0,0.0,Dân cư đông,Bánh mì,Phường Tân Sơn Nhất
L00975,R035,2026-06-03,Bánh mì trứng,24000,58,10000,1,0,1,delivery,12:00,0,0,0.0,Dân cư đông,Bánh mì,Phường Tân Sơn Nhất
L00976,R035,2026-06-03,Bánh mì gà,22000,59,9000,1,0,1,delivery,12:45,0,0,0.0,Dân cư đông,Bánh mì,Phường Tân Sơn Nhất
L00977,R035,2026-06-03,Bánh mì xíu mại,21000,59,9000,1,0,1,delivery,12:30,0,0,0.0,Dân cư đông,Bánh mì,Phường Tân Sơn Nhất
L00978,R035,2026-06-03,Bánh mì chả lụa,29000,57,12000,1,0,1,delivery,12:15,0,0,0.0,Dân cư đông,Bánh mì,Phường Tân Sơn Nhất
L00979,R036,2026-06-03,Bún bò Huế đặc biệt,50000,38,31000,3,1,2,pickup,14:15,31000,19000,0.333,Sinh viên,Bún bò,Phường Phước Long
L00980,R036,2026-06-03,Bún bò gân,44000,32,30000,5,2,3,delivery,14:15,60000,28000,0.4,Sinh viên,Bún bò,Phường Phước Long
L00981,R036,2026-06-03,Bún bò thập cẩm,44000,40,26000,4,2,2,pickup,14:30,52000,36000,0.5,Sinh viên,Bún bò,Phường Phước Long
L00982,R037,2026-06-03,Bún bò thập cẩm,56000,46,30000,6,3,3,delivery,15:00,90000,78000,0.5,Trung tâm,Bún bò,Phường Tân Định
L00983,R038,2026-06-03,Bún bò giò heo,50000,53,24000,2,1,1,pickup,17:15,24000,26000,0.5,Công nhân,Bún bò,Phường Thuận Giao
L00984,R038,2026-06-03,Bún bò thập cẩm,41000,48,21000,1,0,1,pickup,17:00,0,0,0.0,Công nhân,Bún bò,Phường Thuận Giao
L00985,R039,2026-06-03,Bún riêu cua đồng,45000,55,20000,24,20,4,delivery,09:00,400000,500000,0.833,Công nhân,Bún riêu,Phường Đông Hòa
L00986,R040,2026-06-03,Bún bò Huế đặc biệt,54000,57,23000,1,0,1,pickup,14:30,0,0,0.0,Sinh viên,Bún bò,Phường Bình Trưng
L00987,R041,2026-06-03,Phở bò chín,61000,51,30000,4,2,2,pickup,15:30,60000,62000,0.5,Công nhân,Phở,Phường Tân Khánh
L00988,R041,2026-06-03,Phở bò viên,41000,47,22000,3,2,1,pickup,15:45,44000,38000,0.667,Công nhân,Phở,Phường Tân Khánh
L00989,R042,2026-06-03,Cơm tấm sườn bì chả,42000,60,17000,3,1,2,delivery,11:45,17000,25000,0.333,Trung tâm,Cơm tấm,Phường Tân Định
L00990,R042,2026-06-03,Cơm tấm sườn nướng,49000,54,23000,3,2,1,delivery,11:00,46000,52000,0.667,Trung tâm,Cơm tấm,Phường Tân Định
L00991,R042,2026-06-03,Cơm tấm sườn trứng,48000,55,22000,2,1,1,delivery,11:00,22000,26000,0.5,Trung tâm,Cơm tấm,Phường Tân Định
L00992,R043,2026-06-03,Cơm thịt kho trứng,29000,58,12000,2,1,1,pickup,16:30,12000,17000,0.5,Dân cư đông,Cơm văn phòng,Phường Bảy Hiền
L00993,R043,2026-06-03,Cơm canh chua,27000,56,12000,2,1,1,pickup,16:30,12000,15000,0.5,Dân cư đông,Cơm văn phòng,Phường Bảy Hiền
L00994,R043,2026-06-03,Cơm sườn đậu hũ,52000,60,21000,3,2,1,pickup,16:15,42000,62000,0.667,Dân cư đông,Cơm văn phòng,Phường Bảy Hiền
L00995,R043,2026-06-03,Cơm gà xối mỡ,38000,60,15000,3,2,1,pickup,16:00,30000,46000,0.667,Dân cư đông,Cơm văn phòng,Phường Bảy Hiền
L00996,R043,2026-06-03,Cơm gà luộc,34000,58,14000,3,2,1,pickup,16:15,28000,40000,0.667,Dân cư đông,Cơm văn phòng,Phường Bảy Hiền
L00997,R044,2026-06-03,Hủ tiếu Nam Vang,53000,48,28000,3,1,2,pickup,13:15,28000,25000,0.333,Sinh viên,Hủ tiếu,Phường Tam Bình
L00998,R044,2026-06-03,Hủ tiếu bò kho,49000,54,23000,3,2,1,pickup,13:45,46000,52000,0.667,Sinh viên,Hủ tiếu,Phường Tam Bình
L00999,R044,2026-06-03,Hủ tiếu mì,42000,50,21000,2,1,1,delivery,13:00,21000,21000,0.5,Sinh viên,Hủ tiếu,Phường Tam Bình
L01000,R045,2026-06-03,Bún bò gân,45000,44,25000,4,2,2,pickup,17:00,50000,40000,0.5,Công nhân,Bún bò,Phường Thuận An
L01001,R045,2026-06-03,Bún bò Huế đặc biệt,52000,46,28000,3,2,1,pickup,17:00,56000,48000,0.667,Công nhân,Bún bò,Phường Thuận An
L01002,R045,2026-06-03,Bún bò giò heo,43000,39,26000,4,1,3,pickup,17:15,26000,17000,0.25,Công nhân,Bún bò,Phường Thuận An
L01003,R046,2026-06-03,Bánh mì trứng,25000,52,12000,3,2,1,pickup,13:00,24000,26000,0.667,Sinh viên,Bánh mì,Phường Cát Lái
L01004,R046,2026-06-03,Bánh mì xíu mại,25000,54,12000,3,2,1,pickup,13:15,24000,26000,0.667,Sinh viên,Bánh mì,Phường Cát Lái
L01005,R046,2026-06-03,Bánh mì gà,28000,54,13000,3,2,1,pickup,13:30,26000,30000,0.667,Sinh viên,Bánh mì,Phường Cát Lái
L01006,R046,2026-06-03,Bánh mì chả lụa,21000,49,11000,3,1,2,pickup,13:00,11000,10000,0.333,Sinh viên,Bánh mì,Phường Cát Lái
L01007,R046,2026-06-03,Bánh mì thịt nguội,32000,57,14000,2,1,1,pickup,13:15,14000,18000,0.5,Sinh viên,Bánh mì,Phường Cát Lái
L01008,R047,2026-06-03,Bún bò Huế đặc biệt,58000,40,35000,25,12,13,delivery,17:15,420000,276000,0.48,Công nhân,Bún bò,Phường Tân Khánh
L01009,R048,2026-06-03,Bánh mì trứng,30000,56,13000,3,2,1,pickup,18:15,26000,34000,0.667,Công nhân,Bánh mì,Phường An Phú
L01010,R048,2026-06-03,Bánh mì thịt nguội,23000,50,12000,3,2,1,delivery,18:15,24000,22000,0.667,Công nhân,Bánh mì,Phường An Phú
L01011,R049,2026-06-03,Phở gà,47000,42,27000,1,0,1,delivery,12:45,0,0,0.0,Sinh viên,Phở,Phường Thủ Đức
L01012,R049,2026-06-03,Phở bò viên,58000,42,34000,1,0,1,delivery,12:00,0,0,0.0,Sinh viên,Phở,Phường Thủ Đức
L01013,R049,2026-06-03,Phở bò tái nạm,51000,36,33000,1,0,1,delivery,12:15,0,0,0.0,Sinh viên,Phở,Phường Thủ Đức
L01014,R049,2026-06-03,Phở bò chín,42000,44,24000,1,0,1,delivery,12:00,0,0,0.0,Sinh viên,Phở,Phường Thủ Đức
L01015,R050,2026-06-03,Bánh mì gà,19000,42,11000,1,0,1,delivery,17:15,0,0,0.0,Ngoại ô,Bánh mì,Xã Hưng Long
L01016,R051,2026-06-03,Hủ tiếu mì,51000,55,23000,6,3,3,delivery,13:15,69000,84000,0.5,Dân cư đông,Hủ tiếu,Phường Hạnh Thông
L01017,R052,2026-06-03,Cơm tấm sườn nướng,53000,38,33000,4,1,3,delivery,18:45,33000,20000,0.25,Dân cư đông,Cơm tấm,Phường Xóm Chiếu
L01018,R052,2026-06-03,Cơm tấm sườn trứng,52000,36,33000,4,1,3,delivery,18:15,33000,19000,0.25,Dân cư đông,Cơm tấm,Phường Xóm Chiếu
L01019,R052,2026-06-03,Cơm tấm bì,44000,36,28000,3,1,2,delivery,18:30,28000,16000,0.333,Dân cư đông,Cơm tấm,Phường Xóm Chiếu
L01020,R053,2026-06-03,Bánh mì gà,18000,58,8000,3,2,1,pickup,17:15,16000,20000,0.667,Dân cư đông,Bánh mì,Phường Gia Định
L01021,R053,2026-06-03,Bánh mì xíu mại,31000,60,12000,4,3,1,delivery,17:45,36000,57000,0.75,Dân cư đông,Bánh mì,Phường Gia Định
L01022,R053,2026-06-03,Bánh mì thịt nguội,21000,55,9000,4,3,1,delivery,17:45,27000,36000,0.75,Dân cư đông,Bánh mì,Phường Gia Định
L01023,R053,2026-06-03,Bánh mì trứng,26000,57,11000,4,3,1,delivery,17:45,33000,45000,0.75,Dân cư đông,Bánh mì,Phường Gia Định
L01024,R053,2026-06-03,Bánh mì chả lụa,31000,56,14000,4,3,1,delivery,17:45,42000,51000,0.75,Dân cư đông,Bánh mì,Phường Gia Định
L01025,R054,2026-06-03,Bánh mì thịt nguội,28000,57,12000,3,2,1,delivery,11:30,24000,32000,0.667,Công nhân,Bánh mì,Phường Bình Hòa
L01026,R054,2026-06-03,Bánh mì xíu mại,32000,53,15000,4,2,2,pickup,11:00,30000,34000,0.5,Công nhân,Bánh mì,Phường Bình Hòa
L01027,R054,2026-06-03,Bánh mì gà,33000,57,14000,3,2,1,pickup,11:30,28000,38000,0.667,Công nhân,Bánh mì,Phường Bình Hòa
L01028,R054,2026-06-03,Bánh mì trứng,21000,51,10000,3,2,1,delivery,11:00,20000,22000,0.667,Công nhân,Bánh mì,Phường Bình Hòa
L01029,R055,2026-06-03,Cơm tấm bì,36000,60,14000,2,1,1,pickup,12:00,14000,22000,0.5,Dân cư đông,Cơm tấm,Phường Thông Tây Hội
L01030,R055,2026-06-03,Cơm tấm sườn bì chả,32000,56,14000,1,0,1,delivery,12:00,0,0,0.0,Dân cư đông,Cơm tấm,Phường Thông Tây Hội
L01031,R055,2026-06-03,Cơm tấm sườn trứng,42000,60,17000,1,0,1,delivery,12:00,0,0,0.0,Dân cư đông,Cơm tấm,Phường Thông Tây Hội
L01032,R055,2026-06-03,Cơm tấm đặc biệt,31000,60,12000,2,1,1,pickup,12:15,12000,19000,0.5,Dân cư đông,Cơm tấm,Phường Thông Tây Hội
L01033,R055,2026-06-03,Cơm tấm sườn nướng,46000,60,18000,2,1,1,delivery,12:15,18000,28000,0.5,Dân cư đông,Cơm tấm,Phường Thông Tây Hội
L01034,R056,2026-06-03,Hủ tiếu mì,46000,35,30000,4,2,2,delivery,17:45,60000,32000,0.5,Trung tâm,Hủ tiếu,Phường Nhiêu Lộc
L01035,R056,2026-06-03,Hủ tiếu thập cẩm,43000,32,29000,5,2,3,delivery,17:15,58000,28000,0.4,Trung tâm,Hủ tiếu,Phường Nhiêu Lộc
L01036,R057,2026-06-03,Bún bò thập cẩm,52000,46,28000,1,0,1,pickup,18:30,0,0,0.0,Sinh viên,Bún bò,Phường Bình Trưng
L01037,R057,2026-06-03,Bún bò viên,51000,54,23000,1,0,1,pickup,18:15,0,0,0.0,Sinh viên,Bún bò,Phường Bình Trưng
L01038,R058,2026-06-03,Bánh mì thịt nguội,27000,37,17000,1,0,1,pickup,19:00,0,0,0.0,Trung tâm,Bánh mì,Phường Cầu Kiệu
L01039,R058,2026-06-03,Bánh mì gà,21000,35,14000,1,0,1,pickup,19:45,0,0,0.0,Trung tâm,Bánh mì,Phường Cầu Kiệu
L01040,R058,2026-06-03,Bánh mì chả lụa,21000,33,14000,1,0,1,pickup,19:15,0,0,0.0,Trung tâm,Bánh mì,Phường Cầu Kiệu
L01041,R058,2026-06-03,Bánh mì trứng,27000,30,19000,1,0,1,pickup,19:00,0,0,0.0,Trung tâm,Bánh mì,Phường Cầu Kiệu
L01042,R059,2026-06-03,Cơm tấm đặc biệt,35000,31,24000,2,0,2,delivery,14:00,0,0,0.0,Sinh viên,Cơm tấm,Phường Tam Bình
L01043,R059,2026-06-03,Cơm tấm sườn bì chả,48000,30,34000,2,0,2,pickup,14:30,0,0,0.0,Sinh viên,Cơm tấm,Phường Tam Bình
L01044,R060,2026-06-03,Phở gà,44000,59,18000,2,1,1,delivery,10:15,18000,26000,0.5,Công nhân,Phở,Phường Tân Đông Hiệp
L01045,R061,2026-06-03,Cơm tấm sườn bì chả,37000,48,19000,5,2,3,pickup,15:00,38000,36000,0.4,Sinh viên,Cơm tấm,Phường Tam Bình
L01046,R061,2026-06-03,Cơm tấm đặc biệt,35000,49,18000,3,1,2,delivery,15:00,18000,17000,0.333,Sinh viên,Cơm tấm,Phường Tam Bình
L01047,R062,2026-06-03,Phở bò tái,46000,36,29000,1,0,1,delivery,10:15,0,0,0.0,Dân cư đông,Phở,Phường Hạnh Thông
L01048,R062,2026-06-03,Phở bò tái nạm,50000,30,35000,1,0,1,delivery,10:30,0,0,0.0,Dân cư đông,Phở,Phường Hạnh Thông
L01049,R062,2026-06-03,Phở bò viên,60000,30,42000,1,0,1,delivery,10:15,0,0,0.0,Dân cư đông,Phở,Phường Hạnh Thông
L01050,R062,2026-06-03,Phở gà,61000,30,43000,1,0,1,delivery,10:00,0,0,0.0,Dân cư đông,Phở,Phường Hạnh Thông
L01051,R062,2026-06-03,Phở bò chín,44000,34,29000,1,0,1,delivery,10:45,0,0,0.0,Dân cư đông,Phở,Phường Hạnh Thông
L01052,R063,2026-06-03,Hủ tiếu Nam Vang,50000,46,27000,4,3,1,delivery,19:45,81000,69000,0.75,Công nhân,Hủ tiếu,Phường Thuận Giao
L01053,R063,2026-06-03,Hủ tiếu sa tế,60000,39,37000,4,1,3,delivery,19:30,37000,23000,0.25,Công nhân,Hủ tiếu,Phường Thuận Giao
L01054,R063,2026-06-03,Hủ tiếu bò kho,56000,44,31000,5,2,3,delivery,19:30,62000,50000,0.4,Công nhân,Hủ tiếu,Phường Thuận Giao
L01055,R064,2026-06-03,Bún bò gân,50000,47,26000,2,1,1,pickup,10:00,26000,24000,0.5,Sinh viên,Bún bò,Phường Tăng Nhơn Phú
L01056,R064,2026-06-03,Bún bò viên,46000,47,24000,3,1,2,delivery,10:45,24000,22000,0.333,Sinh viên,Bún bò,Phường Tăng Nhơn Phú
L01057,R064,2026-06-03,Bún bò Huế đặc biệt,57000,48,30000,3,1,2,pickup,10:45,30000,27000,0.333,Sinh viên,Bún bò,Phường Tăng Nhơn Phú
L01058,R065,2026-06-03,Cơm tấm sườn bì chả,32000,52,15000,2,1,1,pickup,19:30,15000,17000,0.5,Công nhân,Cơm tấm,Phường Đông Hòa
L01059,R065,2026-06-03,Cơm tấm bì,36000,48,19000,2,1,1,pickup,19:15,19000,17000,0.5,Công nhân,Cơm tấm,Phường Đông Hòa
L01060,R065,2026-06-03,Cơm tấm đặc biệt,50000,58,21000,1,0,1,pickup,19:15,0,0,0.0,Công nhân,Cơm tấm,Phường Đông Hòa
L01061,R066,2026-06-03,Cơm gà luộc,45000,58,19000,5,4,1,pickup,09:00,76000,104000,0.8,Sinh viên,Cơm văn phòng,Phường An Khánh
L01062,R066,2026-06-03,Cơm sườn đậu hũ,38000,59,16000,4,3,1,pickup,09:00,48000,66000,0.75,Sinh viên,Cơm văn phòng,Phường An Khánh
L01063,R066,2026-06-03,Cơm thịt kho trứng,43000,59,18000,5,3,2,pickup,09:30,54000,75000,0.6,Sinh viên,Cơm văn phòng,Phường An Khánh
L01064,R067,2026-06-03,Cơm sườn đậu hũ,40000,50,20000,1,0,1,pickup,19:15,0,0,0.0,Dân cư đông,Cơm văn phòng,Phường An Hội Đông
L01065,R067,2026-06-03,Cơm thịt kho trứng,40000,50,20000,1,0,1,pickup,19:00,0,0,0.0,Dân cư đông,Cơm văn phòng,Phường An Hội Đông
L01066,R067,2026-06-03,Cơm canh chua,33000,49,17000,1,0,1,delivery,19:15,0,0,0.0,Dân cư đông,Cơm văn phòng,Phường An Hội Đông
L01067,R067,2026-06-03,Cơm gà luộc,44000,45,24000,1,0,1,pickup,19:30,0,0,0.0,Dân cư đông,Cơm văn phòng,Phường An Hội Đông
L01068,R067,2026-06-03,Cơm gà xối mỡ,48000,49,24000,1,0,1,delivery,19:45,0,0,0.0,Dân cư đông,Cơm văn phòng,Phường An Hội Đông
L01069,R068,2026-06-03,Bún riêu cua,51000,30,36000,1,0,1,delivery,19:00,0,0,0.0,Trung tâm,Bún riêu,Phường Xuân Hòa
L01070,R068,2026-06-03,Bún riêu cua đồng,38000,36,24000,1,0,1,delivery,19:15,0,0,0.0,Trung tâm,Bún riêu,Phường Xuân Hòa
L01071,R068,2026-06-03,Bún riêu thập cẩm,48000,37,30000,1,0,1,delivery,19:30,0,0,0.0,Trung tâm,Bún riêu,Phường Xuân Hòa
L01072,R069,2026-06-03,Bánh mì thịt nguội,29000,42,17000,1,0,1,delivery,20:30,0,0,0.0,Ngoại ô,Bánh mì,Xã Xuân Thới Sơn
L01073,R069,2026-06-03,Bánh mì chả lụa,31000,45,17000,1,0,1,pickup,20:45,0,0,0.0,Ngoại ô,Bánh mì,Xã Xuân Thới Sơn
L01074,R069,2026-06-03,Bánh mì trứng,23000,42,13000,1,0,1,delivery,20:00,0,0,0.0,Ngoại ô,Bánh mì,Xã Xuân Thới Sơn
L01075,R070,2026-06-03,Hủ tiếu sa tế,54000,58,23000,1,0,1,delivery,19:15,0,0,0.0,Dân cư đông,Hủ tiếu,Phường Gò Vấp
L01076,R070,2026-06-03,Hủ tiếu mì,59000,60,24000,1,0,1,delivery,19:15,0,0,0.0,Dân cư đông,Hủ tiếu,Phường Gò Vấp
L01077,R070,2026-06-03,Hủ tiếu Nam Vang,38000,56,17000,1,0,1,delivery,19:45,0,0,0.0,Dân cư đông,Hủ tiếu,Phường Gò Vấp
L01078,R070,2026-06-03,Hủ tiếu bò kho,51000,60,20000,1,0,1,delivery,19:00,0,0,0.0,Dân cư đông,Hủ tiếu,Phường Gò Vấp
L01079,R071,2026-06-03,Cơm tấm đặc biệt,41000,34,27000,3,1,2,pickup,11:00,27000,14000,0.333,Sinh viên,Cơm tấm,Phường Bình Trưng
L01080,R071,2026-06-03,Cơm tấm sườn nướng,49000,30,34000,4,2,2,delivery,11:00,68000,30000,0.5,Sinh viên,Cơm tấm,Phường Bình Trưng
L01081,R071,2026-06-03,Cơm tấm sườn bì chả,46000,38,29000,3,1,2,delivery,11:00,29000,17000,0.333,Sinh viên,Cơm tấm,Phường Bình Trưng
L01082,R071,2026-06-03,Cơm tấm sườn trứng,32000,36,20000,3,1,2,delivery,11:45,20000,12000,0.333,Sinh viên,Cơm tấm,Phường Bình Trưng
L01083,R071,2026-06-03,Cơm tấm bì,51000,37,32000,4,1,3,delivery,11:15,32000,19000,0.25,Sinh viên,Cơm tấm,Phường Bình Trưng
L01084,R072,2026-06-03,Cơm canh chua,52000,52,25000,5,4,1,delivery,14:15,100000,108000,0.8,Trung tâm,Cơm văn phòng,Phường Bến Thành
L01085,R072,2026-06-03,Cơm thịt kho trứng,26000,59,11000,4,3,1,pickup,14:45,33000,45000,0.75,Trung tâm,Cơm văn phòng,Phường Bến Thành
L01086,R073,2026-06-03,Bánh mì trứng,20000,41,12000,2,1,1,delivery,16:45,12000,8000,0.5,Dân cư đông,Bánh mì,Phường Vĩnh Hội
L01087,R073,2026-06-03,Bánh mì thịt nguội,23000,41,14000,2,1,1,pickup,16:30,14000,9000,0.5,Dân cư đông,Bánh mì,Phường Vĩnh Hội
L01088,R074,2026-06-03,Cơm gà luộc,31000,30,22000,2,0,2,pickup,17:15,0,0,0.0,Dân cư đông,Cơm văn phòng,Phường Bình Lợi Trung
L01089,R074,2026-06-03,Cơm gà xối mỡ,36000,33,24000,1,0,1,pickup,17:30,0,0,0.0,Dân cư đông,Cơm văn phòng,Phường Bình Lợi Trung
L01090,R074,2026-06-03,Cơm sườn đậu hũ,32000,31,22000,2,0,2,pickup,17:45,0,0,0.0,Dân cư đông,Cơm văn phòng,Phường Bình Lợi Trung
L01091,R074,2026-06-03,Cơm thịt kho trứng,33000,34,22000,2,1,1,pickup,17:30,22000,11000,0.5,Dân cư đông,Cơm văn phòng,Phường Bình Lợi Trung
L01092,R074,2026-06-03,Cơm canh chua,38000,30,27000,2,0,2,pickup,17:15,0,0,0.0,Dân cư đông,Cơm văn phòng,Phường Bình Lợi Trung
L01093,R075,2026-06-03,Cơm tấm sườn trứng,52000,49,27000,3,2,1,delivery,15:45,54000,50000,0.667,Dân cư đông,Cơm tấm,Phường Vĩnh Hội
L01094,R075,2026-06-03,Cơm tấm bì,29000,55,13000,3,2,1,pickup,15:15,26000,32000,0.667,Dân cư đông,Cơm tấm,Phường Vĩnh Hội
L01095,R075,2026-06-03,Cơm tấm sườn nướng,32000,46,17000,3,1,2,delivery,15:00,17000,15000,0.333,Dân cư đông,Cơm tấm,Phường Vĩnh Hội
L01096,R076,2026-06-03,Phở gà,45000,45,25000,5,2,3,pickup,12:15,50000,40000,0.4,Dân cư đông,Phở,Phường An Nhơn
L01097,R076,2026-06-03,Phở bò tái,41000,43,23000,5,3,2,pickup,12:30,69000,54000,0.6,Dân cư đông,Phở,Phường An Nhơn
L01098,R076,2026-06-03,Phở bò viên,50000,45,28000,5,2,3,pickup,12:45,56000,44000,0.4,Dân cư đông,Phở,Phường An Nhơn
L01099,R077,2026-06-03,Cơm tấm đặc biệt,26000,43,15000,2,1,1,pickup,14:30,15000,11000,0.5,Trung tâm,Cơm tấm,Phường Xuân Hòa
L01100,R077,2026-06-03,Cơm tấm sườn nướng,48000,49,24000,2,1,1,delivery,14:45,24000,24000,0.5,Trung tâm,Cơm tấm,Phường Xuân Hòa
L01101,R077,2026-06-03,Cơm tấm bì,47000,43,27000,2,1,1,delivery,14:00,27000,20000,0.5,Trung tâm,Cơm tấm,Phường Xuân Hòa
L01102,R078,2026-06-03,Bún riêu thập cẩm,40000,42,23000,2,1,1,pickup,13:30,23000,17000,0.5,Công nhân,Bún riêu,Phường Tân Đông Hiệp
L01103,R078,2026-06-03,Bún riêu cua mọc,47000,39,29000,2,0,2,pickup,13:15,0,0,0.0,Công nhân,Bún riêu,Phường Tân Đông Hiệp
L01104,R078,2026-06-03,Bún riêu cua đồng,34000,41,20000,2,1,1,pickup,13:30,20000,14000,0.5,Công nhân,Bún riêu,Phường Tân Đông Hiệp
L01105,R078,2026-06-03,Bún riêu cua,40000,42,23000,2,1,1,pickup,13:30,23000,17000,0.5,Công nhân,Bún riêu,Phường Tân Đông Hiệp
L01106,R079,2026-06-03,Cơm tấm sườn nướng,30000,48,16000,9,6,3,delivery,16:30,96000,84000,0.667,Sinh viên,Cơm tấm,Phường Bình Trưng
L01107,R080,2026-06-03,Cơm tấm bì,30000,49,15000,1,0,1,delivery,09:45,0,0,0.0,Dân cư đông,Cơm tấm,Phường An Hội Đông
L01108,R080,2026-06-03,Cơm tấm đặc biệt,31000,44,17000,1,0,1,pickup,09:00,0,0,0.0,Dân cư đông,Cơm tấm,Phường An Hội Đông
L01109,R080,2026-06-03,Cơm tấm sườn trứng,53000,50,26000,1,0,1,delivery,09:00,0,0,0.0,Dân cư đông,Cơm tấm,Phường An Hội Đông
L01110,R080,2026-06-03,Cơm tấm sườn bì chả,45000,42,26000,2,1,1,pickup,09:30,26000,19000,0.5,Dân cư đông,Cơm tấm,Phường An Hội Đông
L01111,R080,2026-06-03,Cơm tấm sườn nướng,40000,42,23000,1,0,1,delivery,09:00,0,0,0.0,Dân cư đông,Cơm tấm,Phường An Hội Đông
L01112,R081,2026-06-03,Bún riêu cua,38000,49,19000,4,3,1,pickup,09:45,57000,57000,0.75,Công nhân,Bún riêu,Phường Đông Hòa
L01113,R081,2026-06-03,Bún riêu thập cẩm,46000,59,19000,4,2,2,pickup,09:45,38000,54000,0.5,Công nhân,Bún riêu,Phường Đông Hòa
L01114,R081,2026-06-03,Bún riêu cua đồng,42000,53,20000,3,2,1,pickup,09:45,40000,44000,0.667,Công nhân,Bún riêu,Phường Đông Hòa
L01115,R081,2026-06-03,Bún riêu cua mọc,41000,56,18000,4,3,1,pickup,09:15,54000,69000,0.75,Công nhân,Bún riêu,Phường Đông Hòa
L01116,R082,2026-06-03,Hủ tiếu mì,51000,55,23000,9,6,3,delivery,19:45,138000,168000,0.667,Sinh viên,Hủ tiếu,Phường Tăng Nhơn Phú
L01117,R082,2026-06-03,Hủ tiếu Nam Vang,47000,48,24000,9,4,5,delivery,19:00,96000,92000,0.444,Sinh viên,Hủ tiếu,Phường Tăng Nhơn Phú
L01118,R083,2026-06-03,Cơm tấm sườn bì chả,45000,30,31000,2,0,2,pickup,14:45,0,0,0.0,Trung tâm,Cơm tấm,Phường Sài Gòn
L01119,R083,2026-06-03,Cơm tấm đặc biệt,35000,30,24000,1,0,1,delivery,14:00,0,0,0.0,Trung tâm,Cơm tấm,Phường Sài Gòn
L01120,R083,2026-06-03,Cơm tấm sườn nướng,41000,30,29000,1,0,1,delivery,14:00,0,0,0.0,Trung tâm,Cơm tấm,Phường Sài Gòn
L01121,R084,2026-06-03,Bún riêu cua,51000,38,32000,1,0,1,pickup,18:00,0,0,0.0,Sinh viên,Bún riêu,Phường Hiệp Bình
L01122,R085,2026-06-03,Bánh mì gà,24000,60,10000,16,10,6,pickup,20:45,100000,140000,0.625,Sinh viên,Bánh mì,Phường Tăng Nhơn Phú
L01123,R086,2026-06-03,Phở bò viên,51000,52,24000,1,0,1,delivery,10:30,0,0,0.0,Dân cư đông,Phở,Phường Tân Sơn Nhất
L01124,R086,2026-06-03,Phở gà,54000,53,25000,1,0,1,delivery,10:15,0,0,0.0,Dân cư đông,Phở,Phường Tân Sơn Nhất
L01125,R086,2026-06-03,Phở bò chín,52000,59,21000,1,0,1,delivery,10:30,0,0,0.0,Dân cư đông,Phở,Phường Tân Sơn Nhất
L01126,R086,2026-06-03,Phở bò tái nạm,37000,60,15000,1,0,1,delivery,10:15,0,0,0.0,Dân cư đông,Phở,Phường Tân Sơn Nhất
L01127,R086,2026-06-03,Phở bò tái,47000,58,20000,1,0,1,delivery,10:00,0,0,0.0,Dân cư đông,Phở,Phường Tân Sơn Nhất
L01128,R087,2026-06-03,Phở bò tái,57000,30,40000,15,6,9,pickup,13:00,240000,102000,0.4,Công nhân,Phở,Phường Thuận An
L01129,R087,2026-06-03,Phở bò chín,54000,36,35000,12,5,7,pickup,13:45,175000,95000,0.417,Công nhân,Phở,Phường Thuận An
L01130,R088,2026-06-03,Cơm tấm đặc biệt,40000,60,16000,2,1,1,pickup,09:00,16000,24000,0.5,Dân cư đông,Cơm tấm,Phường Gò Vấp
L01131,R088,2026-06-03,Cơm tấm bì,51000,60,20000,3,2,1,delivery,09:30,40000,62000,0.667,Dân cư đông,Cơm tấm,Phường Gò Vấp
L01132,R088,2026-06-03,Cơm tấm sườn bì chả,34000,59,14000,2,1,1,delivery,09:15,14000,20000,0.5,Dân cư đông,Cơm tấm,Phường Gò Vấp
L01133,R088,2026-06-03,Cơm tấm sườn trứng,34000,54,16000,3,2,1,pickup,09:45,32000,36000,0.667,Dân cư đông,Cơm tấm,Phường Gò Vấp
L01134,R088,2026-06-03,Cơm tấm sườn nướng,41000,60,16000,3,2,1,delivery,09:30,32000,50000,0.667,Dân cư đông,Cơm tấm,Phường Gò Vấp
L01135,R089,2026-06-03,Hủ tiếu thập cẩm,54000,30,38000,1,0,1,delivery,15:30,0,0,0.0,Công nhân,Hủ tiếu,Phường Đông Hòa
L01136,R089,2026-06-03,Hủ tiếu mì,38000,34,25000,1,0,1,pickup,15:15,0,0,0.0,Công nhân,Hủ tiếu,Phường Đông Hòa
L01137,R089,2026-06-03,Hủ tiếu Nam Vang,43000,35,28000,1,0,1,delivery,15:15,0,0,0.0,Công nhân,Hủ tiếu,Phường Đông Hòa
L01138,R089,2026-06-03,Hủ tiếu bò kho,53000,35,34000,1,0,1,delivery,15:15,0,0,0.0,Công nhân,Hủ tiếu,Phường Đông Hòa
L01139,R090,2026-06-03,Hủ tiếu Nam Vang,47000,39,29000,14,8,6,pickup,09:45,232000,144000,0.571,Sinh viên,Hủ tiếu,Phường Thủ Đức
L01140,R091,2026-06-03,Bánh mì xíu mại,29000,56,13000,3,2,1,delivery,12:00,26000,32000,0.667,Dân cư đông,Bánh mì,Phường Xóm Chiếu
L01141,R092,2026-06-03,Cơm tấm sườn trứng,34000,37,21000,3,1,2,delivery,17:30,21000,13000,0.333,Dân cư đông,Cơm tấm,Phường Gia Định
L01142,R092,2026-06-03,Cơm tấm đặc biệt,54000,35,35000,2,0,2,delivery,17:15,0,0,0.0,Dân cư đông,Cơm tấm,Phường Gia Định
L01143,R092,2026-06-03,Cơm tấm bì,29000,39,18000,3,1,2,delivery,17:15,18000,11000,0.333,Dân cư đông,Cơm tấm,Phường Gia Định
L01144,R092,2026-06-03,Cơm tấm sườn nướng,29000,32,20000,3,1,2,pickup,17:00,20000,9000,0.333,Dân cư đông,Cơm tấm,Phường Gia Định
L01145,R092,2026-06-03,Cơm tấm sườn bì chả,41000,30,29000,2,1,1,delivery,17:45,29000,12000,0.5,Dân cư đông,Cơm tấm,Phường Gia Định
L01146,R093,2026-06-03,Phở bò viên,59000,37,37000,5,1,4,delivery,09:15,37000,22000,0.2,Công nhân,Phở,Phường Tân Đông Hiệp
L01147,R093,2026-06-03,Phở bò tái nạm,52000,32,35000,6,3,3,pickup,09:45,105000,51000,0.5,Công nhân,Phở,Phường Tân Đông Hiệp
L01148,R093,2026-06-03,Phở gà,41000,33,27000,5,2,3,delivery,09:45,54000,28000,0.4,Công nhân,Phở,Phường Tân Đông Hiệp
L01149,R093,2026-06-03,Phở bò tái,43000,38,27000,4,1,3,delivery,09:30,27000,16000,0.25,Công nhân,Phở,Phường Tân Đông Hiệp
L01150,R094,2026-06-03,Hủ tiếu mì,43000,48,22000,9,7,2,delivery,12:45,154000,147000,0.778,Dân cư đông,Hủ tiếu,Phường Bình Lợi Trung
L01151,R095,2026-06-03,Cơm tấm đặc biệt,33000,55,15000,2,1,1,pickup,14:00,15000,18000,0.5,Công nhân,Cơm tấm,Phường Lái Thiêu
L01152,R095,2026-06-03,Cơm tấm sườn nướng,44000,58,18000,2,1,1,delivery,14:30,18000,26000,0.5,Công nhân,Cơm tấm,Phường Lái Thiêu
L01153,R095,2026-06-03,Cơm tấm sườn trứng,29000,55,13000,2,1,1,pickup,14:30,13000,16000,0.5,Công nhân,Cơm tấm,Phường Lái Thiêu
L01154,R095,2026-06-03,Cơm tấm bì,40000,56,18000,2,1,1,delivery,14:15,18000,22000,0.5,Công nhân,Cơm tấm,Phường Lái Thiêu
L01155,R096,2026-06-03,Cơm gà luộc,41000,42,24000,12,9,3,pickup,14:45,216000,153000,0.75,Công nhân,Cơm văn phòng,Phường Lái Thiêu
L01156,R096,2026-06-03,Cơm sườn đậu hũ,30000,45,16000,11,8,3,pickup,14:15,128000,112000,0.727,Công nhân,Cơm văn phòng,Phường Lái Thiêu
L01157,R097,2026-06-03,Hủ tiếu thập cẩm,43000,56,19000,2,1,1,pickup,20:00,19000,24000,0.5,Công nhân,Hủ tiếu,Phường Tân Đông Hiệp
L01158,R097,2026-06-03,Hủ tiếu sa tế,52000,51,25000,2,1,1,pickup,20:00,25000,27000,0.5,Công nhân,Hủ tiếu,Phường Tân Đông Hiệp
L01159,R097,2026-06-03,Hủ tiếu mì,48000,56,21000,2,1,1,delivery,20:30,21000,27000,0.5,Công nhân,Hủ tiếu,Phường Tân Đông Hiệp
L01160,R098,2026-06-03,Bún riêu cua,39000,39,24000,2,1,1,delivery,16:15,24000,15000,0.5,Trung tâm,Bún riêu,Phường Xuân Hòa
L01161,R099,2026-06-03,Cơm thịt kho trứng,26000,57,11000,1,0,1,pickup,09:00,0,0,0.0,Sinh viên,Cơm văn phòng,Phường An Khánh
L01162,R099,2026-06-03,Cơm gà luộc,40000,55,18000,1,0,1,pickup,09:00,0,0,0.0,Sinh viên,Cơm văn phòng,Phường An Khánh
L01163,R099,2026-06-03,Cơm canh chua,45000,58,19000,1,0,1,pickup,09:00,0,0,0.0,Sinh viên,Cơm văn phòng,Phường An Khánh
L01164,R099,2026-06-03,Cơm sườn đậu hũ,43000,60,17000,1,0,1,pickup,09:15,0,0,0.0,Sinh viên,Cơm văn phòng,Phường An Khánh
L01165,R099,2026-06-03,Cơm gà xối mỡ,40000,60,16000,1,0,1,pickup,09:45,0,0,0.0,Sinh viên,Cơm văn phòng,Phường An Khánh
L01166,R100,2026-06-03,Hủ tiếu bò kho,56000,46,30000,3,2,1,delivery,15:30,60000,52000,0.667,Trung tâm,Hủ tiếu,Phường Tân Định
L01167,R100,2026-06-03,Hủ tiếu sa tế,44000,47,23000,3,1,2,delivery,15:30,23000,21000,0.333,Trung tâm,Hủ tiếu,Phường Tân Định
L01168,R101,2026-06-03,Phở bò tái nạm,58000,36,37000,1,0,1,pickup,09:00,0,0,0.0,Công nhân,Phở,Phường Bình Hòa
L01169,R101,2026-06-03,Phở bò chín,59000,36,38000,1,0,1,pickup,09:15,0,0,0.0,Công nhân,Phở,Phường Bình Hòa
L01170,R101,2026-06-03,Phở bò tái,41000,31,28000,1,0,1,pickup,09:45,0,0,0.0,Công nhân,Phở,Phường Bình Hòa
L01171,R102,2026-06-03,Bún bò giò heo,44000,54,20000,2,1,1,delivery,15:00,20000,24000,0.5,Sinh viên,Bún bò,Phường Thủ Đức
L01172,R102,2026-06-03,Bún bò Huế đặc biệt,46000,58,19000,1,0,1,delivery,15:15,0,0,0.0,Sinh viên,Bún bò,Phường Thủ Đức
L01173,R102,2026-06-03,Bún bò viên,47000,58,20000,1,0,1,pickup,15:15,0,0,0.0,Sinh viên,Bún bò,Phường Thủ Đức
L01174,R102,2026-06-03,Bún bò thập cẩm,51000,58,21000,2,1,1,delivery,15:45,21000,30000,0.5,Sinh viên,Bún bò,Phường Thủ Đức
L01175,R103,2026-06-03,Cơm sườn đậu hũ,40000,38,25000,7,3,4,pickup,11:00,75000,45000,0.429,Công nhân,Cơm văn phòng,Phường Đông Hòa
L01176,R103,2026-06-03,Cơm gà luộc,37000,36,24000,5,1,4,pickup,11:15,24000,13000,0.2,Công nhân,Cơm văn phòng,Phường Đông Hòa
L01177,R103,2026-06-03,Cơm gà xối mỡ,34000,34,22000,8,4,4,delivery,11:00,88000,48000,0.5,Công nhân,Cơm văn phòng,Phường Đông Hòa
L01178,R104,2026-06-03,Bánh mì gà,22000,51,11000,1,0,1,pickup,19:45,0,0,0.0,Dân cư đông,Bánh mì,Phường Thông Tây Hội
L01179,R104,2026-06-03,Bánh mì thịt nguội,21000,49,11000,1,0,1,pickup,19:00,0,0,0.0,Dân cư đông,Bánh mì,Phường Thông Tây Hội
L01180,R104,2026-06-03,Bánh mì xíu mại,24000,44,13000,1,0,1,pickup,19:00,0,0,0.0,Dân cư đông,Bánh mì,Phường Thông Tây Hội
L01181,R104,2026-06-03,Bánh mì chả lụa,30000,51,15000,1,0,1,pickup,19:45,0,0,0.0,Dân cư đông,Bánh mì,Phường Thông Tây Hội
L01182,R104,2026-06-03,Bánh mì trứng,20000,44,11000,1,0,1,pickup,19:45,0,0,0.0,Dân cư đông,Bánh mì,Phường Thông Tây Hội
L01183,R105,2026-06-03,Bánh mì trứng,25000,35,16000,6,3,3,pickup,16:15,48000,27000,0.5,Sinh viên,Bánh mì,Phường Tam Bình
L01184,R105,2026-06-03,Bánh mì thịt nguội,26000,30,18000,5,2,3,pickup,16:30,36000,16000,0.4,Sinh viên,Bánh mì,Phường Tam Bình
L01185,R106,2026-06-03,Phở bò chín,46000,60,18000,5,3,2,pickup,11:15,54000,84000,0.6,Công nhân,Phở,Phường An Phú
L01186,R106,2026-06-03,Phở bò viên,43000,60,17000,8,7,1,pickup,11:45,119000,182000,0.875,Công nhân,Phở,Phường An Phú
L01187,R106,2026-06-03,Phở bò tái nạm,52000,51,25000,7,5,2,pickup,11:15,125000,135000,0.714,Công nhân,Phở,Phường An Phú
L01188,R107,2026-06-03,Hủ tiếu mì,36000,42,21000,12,7,5,delivery,09:00,147000,105000,0.583,Dân cư đông,Hủ tiếu,Phường Gò Vấp
L01189,R108,2026-06-03,Cơm tấm sườn nướng,47000,47,25000,4,2,2,delivery,16:15,50000,44000,0.5,Sinh viên,Cơm tấm,Phường Thủ Đức
L01190,R108,2026-06-03,Cơm tấm bì,46000,52,22000,4,2,2,pickup,16:30,44000,48000,0.5,Sinh viên,Cơm tấm,Phường Thủ Đức
L01191,R108,2026-06-03,Cơm tấm sườn trứng,34000,44,19000,3,2,1,pickup,16:15,38000,30000,0.667,Sinh viên,Cơm tấm,Phường Thủ Đức
L01192,R108,2026-06-03,Cơm tấm đặc biệt,39000,53,18000,3,2,1,delivery,16:00,36000,42000,0.667,Sinh viên,Cơm tấm,Phường Thủ Đức
L01193,R109,2026-06-03,Hủ tiếu mì,43000,60,17000,1,0,1,delivery,11:00,0,0,0.0,Trung tâm,Hủ tiếu,Phường Sài Gòn
L01194,R109,2026-06-03,Hủ tiếu thập cẩm,59000,54,27000,1,0,1,delivery,11:45,0,0,0.0,Trung tâm,Hủ tiếu,Phường Sài Gòn
L01195,R109,2026-06-03,Hủ tiếu sa tế,41000,55,18000,1,0,1,delivery,11:00,0,0,0.0,Trung tâm,Hủ tiếu,Phường Sài Gòn
L01196,R110,2026-06-03,Phở gà,65000,59,27000,4,2,2,delivery,10:00,54000,76000,0.5,Sinh viên,Phở,Phường Hiệp Bình
L01197,R110,2026-06-03,Phở bò viên,42000,60,17000,4,2,2,delivery,10:15,34000,50000,0.5,Sinh viên,Phở,Phường Hiệp Bình
L01198,R111,2026-06-03,Bánh mì trứng,25000,50,12000,5,3,2,delivery,09:00,36000,39000,0.6,Sinh viên,Bánh mì,Phường Long Bình
L01199,R112,2026-06-03,Hủ tiếu Nam Vang,57000,54,26000,1,0,1,delivery,11:45,0,0,0.0,Dân cư đông,Hủ tiếu,Phường Gò Vấp
L01200,R112,2026-06-03,Hủ tiếu mì,42000,47,22000,1,0,1,pickup,11:00,0,0,0.0,Dân cư đông,Hủ tiếu,Phường Gò Vấp
L01201,R112,2026-06-03,Hủ tiếu sa tế,49000,51,24000,1,0,1,delivery,11:00,0,0,0.0,Dân cư đông,Hủ tiếu,Phường Gò Vấp
L01202,R112,2026-06-03,Hủ tiếu bò kho,44000,48,23000,1,0,1,pickup,11:45,0,0,0.0,Dân cư đông,Hủ tiếu,Phường Gò Vấp
L01203,R112,2026-06-03,Hủ tiếu thập cẩm,49000,51,24000,1,0,1,delivery,11:00,0,0,0.0,Dân cư đông,Hủ tiếu,Phường Gò Vấp
L01204,R113,2026-06-03,Bánh mì xíu mại,21000,49,11000,1,0,1,delivery,10:30,0,0,0.0,Dân cư đông,Bánh mì,Phường Tân Hòa
L01205,R113,2026-06-03,Bánh mì trứng,19000,53,9000,1,0,1,delivery,10:45,0,0,0.0,Dân cư đông,Bánh mì,Phường Tân Hòa
L01206,R113,2026-06-03,Bánh mì gà,23000,43,13000,1,0,1,delivery,10:15,0,0,0.0,Dân cư đông,Bánh mì,Phường Tân Hòa
L01207,R113,2026-06-03,Bánh mì thịt nguội,24000,44,13000,1,0,1,delivery,10:15,0,0,0.0,Dân cư đông,Bánh mì,Phường Tân Hòa
L01208,R113,2026-06-03,Bánh mì chả lụa,26000,51,13000,1,0,1,delivery,10:00,0,0,0.0,Dân cư đông,Bánh mì,Phường Tân Hòa
L01209,R114,2026-06-03,Cơm gà xối mỡ,42000,43,24000,2,1,1,pickup,10:15,24000,18000,0.5,Công nhân,Cơm văn phòng,Phường Bình Hòa
L01210,R114,2026-06-03,Cơm canh chua,33000,38,20000,2,0,2,delivery,10:45,0,0,0.0,Công nhân,Cơm văn phòng,Phường Bình Hòa
L01211,R114,2026-06-03,Cơm sườn đậu hũ,36000,38,22000,1,0,1,delivery,10:45,0,0,0.0,Công nhân,Cơm văn phòng,Phường Bình Hòa
L01212,R114,2026-06-03,Cơm gà luộc,35000,39,21000,2,0,2,pickup,10:00,0,0,0.0,Công nhân,Cơm văn phòng,Phường Bình Hòa
L01213,R115,2026-06-03,Cơm tấm đặc biệt,31000,47,16000,1,0,1,delivery,14:30,0,0,0.0,Dân cư đông,Cơm tấm,Phường Khánh Hội
L01214,R115,2026-06-03,Cơm tấm sườn nướng,37000,43,21000,1,0,1,delivery,14:45,0,0,0.0,Dân cư đông,Cơm tấm,Phường Khánh Hội
L01215,R116,2026-06-03,Cơm sườn đậu hũ,35000,44,20000,2,1,1,pickup,20:30,20000,15000,0.5,Dân cư đông,Cơm văn phòng,Phường Bình Lợi Trung
L01216,R116,2026-06-03,Cơm thịt kho trứng,30000,39,18000,2,1,1,pickup,20:15,18000,12000,0.5,Dân cư đông,Cơm văn phòng,Phường Bình Lợi Trung
L01217,R117,2026-06-03,Bánh mì trứng,20000,43,11000,1,0,1,delivery,09:30,0,0,0.0,Sinh viên,Bánh mì,Phường Hiệp Bình
L01218,R117,2026-06-03,Bánh mì chả lụa,27000,40,16000,1,0,1,delivery,09:30,0,0,0.0,Sinh viên,Bánh mì,Phường Hiệp Bình
L01219,R117,2026-06-03,Bánh mì xíu mại,20000,40,12000,1,0,1,delivery,09:45,0,0,0.0,Sinh viên,Bánh mì,Phường Hiệp Bình
L01220,R118,2026-06-03,Bánh mì trứng,24000,35,16000,3,0,3,pickup,10:15,0,0,0.0,Dân cư đông,Bánh mì,Phường Gò Vấp
L01221,R118,2026-06-03,Bánh mì xíu mại,22000,30,15000,3,1,2,pickup,10:00,15000,7000,0.333,Dân cư đông,Bánh mì,Phường Gò Vấp
L01222,R118,2026-06-03,Bánh mì gà,23000,30,16000,3,1,2,pickup,10:15,16000,7000,0.333,Dân cư đông,Bánh mì,Phường Gò Vấp
L01223,R119,2026-06-03,Bún bò thập cẩm,54000,50,27000,5,3,2,pickup,14:30,81000,81000,0.6,Công nhân,Bún bò,Phường Đông Hòa
L01224,R120,2026-06-03,Bún bò giò heo,39000,50,20000,1,0,1,pickup,11:15,0,0,0.0,Dân cư đông,Bún bò,Phường Hạnh Thông
L01225,R120,2026-06-03,Bún bò Huế đặc biệt,47000,54,22000,2,1,1,pickup,11:45,22000,25000,0.5,Dân cư đông,Bún bò,Phường Hạnh Thông
L01226,R120,2026-06-03,Bún bò viên,43000,60,17000,1,0,1,pickup,11:45,0,0,0.0,Dân cư đông,Bún bò,Phường Hạnh Thông
L01227,R120,2026-06-03,Bún bò gân,50000,60,20000,2,1,1,pickup,11:45,20000,30000,0.5,Dân cư đông,Bún bò,Phường Hạnh Thông
L01228,R120,2026-06-03,Bún bò thập cẩm,49000,58,21000,2,1,1,pickup,11:00,21000,28000,0.5,Dân cư đông,Bún bò,Phường Hạnh Thông
L01229,R121,2026-06-03,Cơm gà xối mỡ,38000,42,22000,1,0,1,pickup,12:30,0,0,0.0,Dân cư đông,Cơm văn phòng,Phường Gò Vấp
L01230,R121,2026-06-03,Cơm canh chua,29000,37,18000,1,0,1,pickup,12:15,0,0,0.0,Dân cư đông,Cơm văn phòng,Phường Gò Vấp
L01231,R121,2026-06-03,Cơm sườn đậu hũ,44000,33,29000,1,0,1,pickup,12:45,0,0,0.0,Dân cư đông,Cơm văn phòng,Phường Gò Vấp
L01232,R121,2026-06-03,Cơm thịt kho trứng,39000,33,26000,1,0,1,pickup,12:15,0,0,0.0,Dân cư đông,Cơm văn phòng,Phường Gò Vấp
L01233,R121,2026-06-03,Cơm gà luộc,47000,34,31000,1,0,1,pickup,12:30,0,0,0.0,Dân cư đông,Cơm văn phòng,Phường Gò Vấp
L01234,R122,2026-06-03,Bún riêu cua mọc,39000,51,19000,7,5,2,pickup,09:30,95000,100000,0.714,Sinh viên,Bún riêu,Phường Linh Xuân
L01235,R123,2026-06-03,Cơm thịt kho trứng,50000,51,24000,13,9,4,delivery,16:15,216000,234000,0.692,Sinh viên,Cơm văn phòng,Phường Bình Trưng
L01236,R124,2026-06-03,Bún bò gân,43000,32,29000,3,1,2,pickup,15:45,29000,14000,0.333,Sinh viên,Bún bò,Phường Cát Lái
L01237,R124,2026-06-03,Bún bò viên,53000,35,34000,3,1,2,delivery,15:30,34000,19000,0.333,Sinh viên,Bún bò,Phường Cát Lái
L01238,R124,2026-06-03,Bún bò giò heo,48000,34,32000,2,0,2,delivery,15:00,0,0,0.0,Sinh viên,Bún bò,Phường Cát Lái
L01239,R124,2026-06-03,Bún bò thập cẩm,46000,35,30000,2,1,1,delivery,15:00,30000,16000,0.5,Sinh viên,Bún bò,Phường Cát Lái
L01240,R124,2026-06-03,Bún bò Huế đặc biệt,43000,32,29000,3,1,2,delivery,15:45,29000,14000,0.333,Sinh viên,Bún bò,Phường Cát Lái
L01241,R125,2026-06-03,Bánh mì gà,22000,48,11000,3,1,2,delivery,15:00,11000,11000,0.333,Công nhân,Bánh mì,Phường Lái Thiêu
L01242,R125,2026-06-03,Bánh mì chả lụa,26000,55,12000,2,1,1,delivery,15:00,12000,14000,0.5,Công nhân,Bánh mì,Phường Lái Thiêu
L01243,R126,2026-06-03,Phở bò viên,42000,39,26000,2,0,2,delivery,11:30,0,0,0.0,Dân cư đông,Phở,Phường Gò Vấp
L01244,R126,2026-06-03,Phở gà,38000,40,23000,2,1,1,delivery,11:45,23000,15000,0.5,Dân cư đông,Phở,Phường Gò Vấp
L01245,R126,2026-06-03,Phở bò tái,53000,31,37000,2,1,1,delivery,11:00,37000,16000,0.5,Dân cư đông,Phở,Phường Gò Vấp
L01246,R126,2026-06-03,Phở bò chín,46000,40,28000,3,2,1,delivery,11:45,56000,36000,0.667,Dân cư đông,Phở,Phường Gò Vấp
L01247,R126,2026-06-03,Phở bò tái nạm,42000,38,26000,2,0,2,delivery,11:45,0,0,0.0,Dân cư đông,Phở,Phường Gò Vấp
L01248,R127,2026-06-03,Cơm thịt kho trứng,54000,33,36000,3,1,2,delivery,18:00,36000,18000,0.333,Dân cư đông,Cơm văn phòng,Phường Tân Sơn Nhất
L01249,R127,2026-06-03,Cơm sườn đậu hũ,36000,37,23000,2,0,2,delivery,18:15,0,0,0.0,Dân cư đông,Cơm văn phòng,Phường Tân Sơn Nhất
L01250,R127,2026-06-03,Cơm canh chua,41000,30,29000,2,1,1,delivery,18:00,29000,12000,0.5,Dân cư đông,Cơm văn phòng,Phường Tân Sơn Nhất
L01251,R127,2026-06-03,Cơm gà luộc,46000,33,31000,2,0,2,delivery,18:30,0,0,0.0,Dân cư đông,Cơm văn phòng,Phường Tân Sơn Nhất
L01252,R127,2026-06-03,Cơm gà xối mỡ,38000,30,27000,2,1,1,delivery,18:15,27000,11000,0.5,Dân cư đông,Cơm văn phòng,Phường Tân Sơn Nhất
L01253,R128,2026-06-03,Bánh mì xíu mại,24000,36,15000,4,1,3,delivery,18:45,15000,9000,0.25,Trung tâm,Bánh mì,Phường Đức Nhuận
L01254,R128,2026-06-03,Bánh mì chả lụa,20000,31,14000,3,1,2,delivery,18:30,14000,6000,0.333,Trung tâm,Bánh mì,Phường Đức Nhuận
L01255,R129,2026-06-03,Phở bò viên,42000,46,23000,2,1,1,pickup,11:00,23000,19000,0.5,Công nhân,Phở,Phường Dĩ An
L01256,R129,2026-06-03,Phở bò tái,44000,49,22000,1,0,1,pickup,11:45,0,0,0.0,Công nhân,Phở,Phường Dĩ An
L01257,R129,2026-06-03,Phở gà,38000,53,18000,2,1,1,pickup,11:15,18000,20000,0.5,Công nhân,Phở,Phường Dĩ An
L01258,R130,2026-06-03,Phở bò tái nạm,53000,39,32000,4,1,3,delivery,10:45,32000,21000,0.25,Công nhân,Phở,Phường Lái Thiêu
L01259,R130,2026-06-03,Phở bò viên,45000,40,27000,3,2,1,delivery,10:30,54000,36000,0.667,Công nhân,Phở,Phường Lái Thiêu
L01260,R130,2026-06-03,Phở gà,37000,43,21000,4,3,1,delivery,10:30,63000,48000,0.75,Công nhân,Phở,Phường Lái Thiêu
L01261,R130,2026-06-03,Phở bò tái,44000,45,24000,4,2,2,delivery,10:15,48000,40000,0.5,Công nhân,Phở,Phường Lái Thiêu
L01262,R131,2026-06-03,Bún bò thập cẩm,43000,49,22000,1,0,1,delivery,20:45,0,0,0.0,Sinh viên,Bún bò,Phường Phước Long
L01263,R131,2026-06-03,Bún bò gân,45000,55,20000,1,0,1,pickup,20:30,0,0,0.0,Sinh viên,Bún bò,Phường Phước Long
L01264,R131,2026-06-03,Bún bò Huế đặc biệt,41000,52,20000,1,0,1,delivery,20:15,0,0,0.0,Sinh viên,Bún bò,Phường Phước Long
L01265,R131,2026-06-03,Bún bò viên,40000,55,18000,1,0,1,pickup,20:30,0,0,0.0,Sinh viên,Bún bò,Phường Phước Long
L01266,R132,2026-06-03,Cơm gà xối mỡ,37000,50,18000,3,2,1,delivery,09:30,36000,38000,0.667,Sinh viên,Cơm văn phòng,Phường Linh Xuân
L01267,R132,2026-06-03,Cơm canh chua,31000,43,18000,4,2,2,delivery,09:30,36000,26000,0.5,Sinh viên,Cơm văn phòng,Phường Linh Xuân
L01268,R132,2026-06-03,Cơm thịt kho trứng,49000,43,28000,3,2,1,pickup,09:15,56000,42000,0.667,Sinh viên,Cơm văn phòng,Phường Linh Xuân
L01269,R133,2026-06-03,Hủ tiếu mì,41000,37,26000,15,9,6,delivery,15:45,234000,135000,0.6,Sinh viên,Hủ tiếu,Phường Cát Lái
L01270,R134,2026-06-03,Cơm tấm sườn trứng,34000,30,24000,1,0,1,delivery,15:45,0,0,0.0,Dân cư đông,Cơm tấm,Phường An Nhơn
L01271,R134,2026-06-03,Cơm tấm sườn bì chả,37000,37,23000,1,0,1,delivery,15:15,0,0,0.0,Dân cư đông,Cơm tấm,Phường An Nhơn
L01272,R134,2026-06-03,Cơm tấm sườn nướng,34000,37,21000,1,0,1,delivery,15:30,0,0,0.0,Dân cư đông,Cơm tấm,Phường An Nhơn
L01273,R135,2026-06-03,Bún bò viên,53000,47,28000,7,4,3,pickup,20:00,112000,100000,0.571,Sinh viên,Bún bò,Phường Cát Lái
L01274,R135,2026-06-03,Bún bò Huế đặc biệt,41000,54,19000,7,6,1,pickup,20:15,114000,132000,0.857,Sinh viên,Bún bò,Phường Cát Lái
L01275,R135,2026-06-03,Bún bò thập cẩm,47000,45,26000,6,3,3,pickup,20:00,78000,63000,0.5,Sinh viên,Bún bò,Phường Cát Lái
L01276,R136,2026-06-03,Bún bò thập cẩm,48000,56,21000,6,5,1,delivery,10:00,105000,135000,0.833,Công nhân,Bún bò,Phường Đông Hòa
L01277,R136,2026-06-03,Bún bò Huế đặc biệt,59000,51,29000,7,6,1,pickup,10:30,174000,180000,0.857,Công nhân,Bún bò,Phường Đông Hòa
L01278,R136,2026-06-03,Bún bò gân,41000,58,17000,7,5,2,delivery,10:30,85000,120000,0.714,Công nhân,Bún bò,Phường Đông Hòa
L01279,R137,2026-06-03,Hủ tiếu sa tế,42000,48,22000,1,0,1,delivery,15:00,0,0,0.0,Dân cư đông,Hủ tiếu,Phường Tân Sơn Nhất
L01280,R137,2026-06-03,Hủ tiếu Nam Vang,49000,49,25000,1,0,1,delivery,15:30,0,0,0.0,Dân cư đông,Hủ tiếu,Phường Tân Sơn Nhất
L01281,R137,2026-06-03,Hủ tiếu bò kho,59000,51,29000,1,0,1,delivery,15:15,0,0,0.0,Dân cư đông,Hủ tiếu,Phường Tân Sơn Nhất
L01282,R137,2026-06-03,Hủ tiếu thập cẩm,61000,49,31000,1,0,1,delivery,15:00,0,0,0.0,Dân cư đông,Hủ tiếu,Phường Tân Sơn Nhất
L01283,R137,2026-06-03,Hủ tiếu mì,46000,41,27000,1,0,1,delivery,15:45,0,0,0.0,Dân cư đông,Hủ tiếu,Phường Tân Sơn Nhất
L01284,R138,2026-06-03,Cơm tấm đặc biệt,32000,58,13000,1,0,1,delivery,16:15,0,0,0.0,Công nhân,Cơm tấm,Phường Đông Hòa
L01285,R138,2026-06-03,Cơm tấm sườn trứng,51000,59,21000,1,0,1,delivery,16:45,0,0,0.0,Công nhân,Cơm tấm,Phường Đông Hòa
L01286,R138,2026-06-03,Cơm tấm bì,29000,60,12000,1,0,1,delivery,16:30,0,0,0.0,Công nhân,Cơm tấm,Phường Đông Hòa
L01287,R138,2026-06-03,Cơm tấm sườn bì chả,44000,60,18000,1,0,1,delivery,16:15,0,0,0.0,Công nhân,Cơm tấm,Phường Đông Hòa
L01288,R139,2026-06-03,Bánh mì thịt nguội,33000,60,13000,3,2,1,delivery,09:00,26000,40000,0.667,Ngoại ô,Bánh mì,Xã Bà Điểm
L01289,R139,2026-06-03,Bánh mì gà,22000,51,11000,3,2,1,delivery,09:00,22000,22000,0.667,Ngoại ô,Bánh mì,Xã Bà Điểm
L01290,R139,2026-06-03,Bánh mì chả lụa,27000,55,12000,3,2,1,delivery,09:15,24000,30000,0.667,Ngoại ô,Bánh mì,Xã Bà Điểm
L01291,R140,2026-06-03,Bún riêu cua,39000,37,25000,5,1,4,delivery,17:15,25000,14000,0.2,Ngoại ô,Bún riêu,Xã Hiệp Phước
L01292,R140,2026-06-03,Bún riêu thập cẩm,48000,38,30000,5,1,4,pickup,17:30,30000,18000,0.2,Ngoại ô,Bún riêu,Xã Hiệp Phước
L01293,R141,2026-06-03,Cơm canh chua,47000,31,32000,2,0,2,delivery,15:15,0,0,0.0,Sinh viên,Cơm văn phòng,Phường Long Bình
L01294,R141,2026-06-03,Cơm thịt kho trứng,48000,30,34000,3,1,2,delivery,15:00,34000,14000,0.333,Sinh viên,Cơm văn phòng,Phường Long Bình
L01295,R142,2026-06-03,Bún riêu thập cẩm,35000,50,18000,4,3,1,pickup,11:15,54000,51000,0.75,Công nhân,Bún riêu,Phường Thuận An
L01296,R142,2026-06-03,Bún riêu cua mọc,36000,52,17000,6,4,2,pickup,11:15,68000,76000,0.667,Công nhân,Bún riêu,Phường Thuận An
L01297,R142,2026-06-03,Bún riêu cua,43000,45,24000,6,3,3,pickup,11:00,72000,57000,0.5,Công nhân,Bún riêu,Phường Thuận An
L01298,R142,2026-06-03,Bún riêu cua đồng,49000,44,27000,4,2,2,pickup,11:15,54000,44000,0.5,Công nhân,Bún riêu,Phường Thuận An
L01299,R143,2026-06-03,Bánh mì xíu mại,24000,52,12000,3,2,1,delivery,16:00,24000,24000,0.667,Sinh viên,Bánh mì,Phường Cát Lái
L01300,R143,2026-06-03,Bánh mì chả lụa,25000,43,14000,3,1,2,pickup,16:15,14000,11000,0.333,Sinh viên,Bánh mì,Phường Cát Lái
L01301,R143,2026-06-03,Bánh mì trứng,25000,44,14000,2,1,1,delivery,16:15,14000,11000,0.5,Sinh viên,Bánh mì,Phường Cát Lái
L01302,R143,2026-06-03,Bánh mì thịt nguội,19000,50,10000,2,1,1,delivery,16:00,10000,9000,0.5,Sinh viên,Bánh mì,Phường Cát Lái
L01303,R144,2026-06-03,Bún bò Huế đặc biệt,51000,60,20000,3,2,1,pickup,15:45,40000,62000,0.667,Sinh viên,Bún bò,Phường Phước Long
L01304,R144,2026-06-03,Bún bò viên,45000,54,21000,4,3,1,pickup,15:15,63000,72000,0.75,Sinh viên,Bún bò,Phường Phước Long
L01305,R144,2026-06-03,Bún bò gân,50000,58,21000,3,2,1,pickup,15:30,42000,58000,0.667,Sinh viên,Bún bò,Phường Phước Long
L01306,R145,2026-06-03,Cơm tấm đặc biệt,32000,45,18000,1,0,1,pickup,19:15,0,0,0.0,Trung tâm,Cơm tấm,Phường Phú Nhuận
L01307,R145,2026-06-03,Cơm tấm sườn trứng,42000,47,22000,1,0,1,pickup,19:00,0,0,0.0,Trung tâm,Cơm tấm,Phường Phú Nhuận
L01308,R145,2026-06-03,Cơm tấm sườn nướng,36000,42,21000,2,1,1,delivery,19:00,21000,15000,0.5,Trung tâm,Cơm tấm,Phường Phú Nhuận
L01309,R145,2026-06-03,Cơm tấm sườn bì chả,38000,51,19000,2,1,1,pickup,19:30,19000,19000,0.5,Trung tâm,Cơm tấm,Phường Phú Nhuận
L01310,R146,2026-06-03,Bún bò thập cẩm,48000,51,24000,2,1,1,pickup,16:30,24000,24000,0.5,Công nhân,Bún bò,Phường Tân Đông Hiệp
L01311,R146,2026-06-03,Bún bò gân,42000,49,21000,2,1,1,delivery,16:15,21000,21000,0.5,Công nhân,Bún bò,Phường Tân Đông Hiệp
L01312,R146,2026-06-03,Bún bò viên,40000,58,17000,2,1,1,delivery,16:45,17000,23000,0.5,Công nhân,Bún bò,Phường Tân Đông Hiệp
L01313,R147,2026-06-03,Phở bò tái,44000,37,28000,4,2,2,delivery,14:15,56000,32000,0.5,Công nhân,Phở,Phường Dĩ An
L01314,R147,2026-06-03,Phở gà,44000,30,31000,4,2,2,delivery,14:15,62000,26000,0.5,Công nhân,Phở,Phường Dĩ An
L01315,R148,2026-06-03,Bún bò Huế đặc biệt,45000,35,29000,3,1,2,delivery,17:30,29000,16000,0.333,Trung tâm,Bún bò,Phường Cầu Kiệu
L01316,R148,2026-06-03,Bún bò giò heo,48000,30,34000,3,1,2,delivery,17:45,34000,14000,0.333,Trung tâm,Bún bò,Phường Cầu Kiệu
L01317,R149,2026-06-03,Bún bò thập cẩm,50000,34,33000,13,4,9,pickup,13:45,132000,68000,0.308,Sinh viên,Bún bò,Phường An Khánh
L01318,R000,2026-06-04,Bún bò giò heo,39000,38,24000,9,4,5,delivery,18:30,96000,60000,0.444,Công nhân,Bún bò,Phường Đông Hòa
L01319,R000,2026-06-04,Bún bò viên,47000,39,29000,7,2,5,pickup,18:00,58000,36000,0.286,Công nhân,Bún bò,Phường Đông Hòa
L01320,R000,2026-06-04,Bún bò thập cẩm,36000,32,24000,9,3,6,pickup,18:45,72000,36000,0.333,Công nhân,Bún bò,Phường Đông Hòa
L01321,R001,2026-06-04,Cơm tấm bì,43000,41,25000,2,1,1,pickup,19:30,25000,18000,0.5,Ngoại ô,Cơm tấm,Xã Bình Chánh
L01322,R001,2026-06-04,Cơm tấm đặc biệt,45000,39,27000,1,0,1,pickup,19:15,0,0,0.0,Ngoại ô,Cơm tấm,Xã Bình Chánh
L01323,R001,2026-06-04,Cơm tấm sườn trứng,40000,43,23000,1,0,1,pickup,19:30,0,0,0.0,Ngoại ô,Cơm tấm,Xã Bình Chánh
L01324,R002,2026-06-04,Hủ tiếu thập cẩm,44000,32,30000,2,1,1,pickup,20:30,30000,14000,0.5,Dân cư đông,Hủ tiếu,Phường An Nhơn
L01325,R002,2026-06-04,Hủ tiếu bò kho,46000,37,29000,3,1,2,pickup,20:15,29000,17000,0.333,Dân cư đông,Hủ tiếu,Phường An Nhơn
L01326,R002,2026-06-04,Hủ tiếu Nam Vang,44000,36,28000,3,0,3,pickup,20:00,0,0,0.0,Dân cư đông,Hủ tiếu,Phường An Nhơn
L01327,R002,2026-06-04,Hủ tiếu mì,52000,35,34000,3,1,2,delivery,20:30,34000,18000,0.333,Dân cư đông,Hủ tiếu,Phường An Nhơn
L01328,R002,2026-06-04,Hủ tiếu sa tế,40000,35,26000,2,0,2,delivery,20:30,0,0,0.0,Dân cư đông,Hủ tiếu,Phường An Nhơn
L01329,R003,2026-06-04,Phở bò chín,54000,57,23000,7,5,2,pickup,18:45,115000,155000,0.714,Công nhân,Phở,Phường Bình Hòa
L01330,R003,2026-06-04,Phở gà,51000,56,22000,7,5,2,pickup,18:45,110000,145000,0.714,Công nhân,Phở,Phường Bình Hòa
L01331,R003,2026-06-04,Phở bò tái,48000,50,24000,7,4,3,pickup,18:45,96000,96000,0.571,Công nhân,Phở,Phường Bình Hòa
L01332,R003,2026-06-04,Phở bò tái nạm,61000,58,26000,6,4,2,delivery,18:15,104000,140000,0.667,Công nhân,Phở,Phường Bình Hòa
L01333,R004,2026-06-04,Hủ tiếu thập cẩm,49000,54,23000,1,0,1,pickup,16:30,0,0,0.0,Sinh viên,Hủ tiếu,Phường Cát Lái
L01334,R004,2026-06-04,Hủ tiếu bò kho,53000,48,28000,1,0,1,delivery,16:45,0,0,0.0,Sinh viên,Hủ tiếu,Phường Cát Lái
L01335,R004,2026-06-04,Hủ tiếu mì,54000,49,28000,1,0,1,pickup,16:45,0,0,0.0,Sinh viên,Hủ tiếu,Phường Cát Lái
L01336,R004,2026-06-04,Hủ tiếu sa tế,45000,49,23000,1,0,1,delivery,16:00,0,0,0.0,Sinh viên,Hủ tiếu,Phường Cát Lái
L01337,R005,2026-06-04,Hủ tiếu Nam Vang,41000,52,20000,3,2,1,pickup,10:45,40000,42000,0.667,Sinh viên,Hủ tiếu,Phường Long Bình
L01338,R005,2026-06-04,Hủ tiếu sa tế,38000,50,19000,3,2,1,pickup,10:00,38000,38000,0.667,Sinh viên,Hủ tiếu,Phường Long Bình
L01339,R005,2026-06-04,Hủ tiếu mì,43000,48,22000,3,2,1,pickup,10:45,44000,42000,0.667,Sinh viên,Hủ tiếu,Phường Long Bình
L01340,R005,2026-06-04,Hủ tiếu bò kho,42000,52,20000,4,3,1,pickup,10:00,60000,66000,0.75,Sinh viên,Hủ tiếu,Phường Long Bình
L01341,R006,2026-06-04,Bún bò thập cẩm,46000,39,28000,2,1,1,delivery,17:00,28000,18000,0.5,Trung tâm,Bún bò,Phường Nhiêu Lộc
L01342,R006,2026-06-04,Bún bò Huế đặc biệt,47000,36,30000,2,0,2,delivery,17:45,0,0,0.0,Trung tâm,Bún bò,Phường Nhiêu Lộc
L01343,R006,2026-06-04,Bún bò gân,54000,43,31000,2,1,1,delivery,17:00,31000,23000,0.5,Trung tâm,Bún bò,Phường Nhiêu Lộc
L01344,R006,2026-06-04,Bún bò giò heo,52000,42,30000,1,0,1,delivery,17:30,0,0,0.0,Trung tâm,Bún bò,Phường Nhiêu Lộc
L01345,R007,2026-06-04,Phở bò viên,48000,31,33000,18,10,8,pickup,09:45,330000,150000,0.556,Dân cư đông,Phở,Phường An Hội Đông
L01346,R008,2026-06-04,Hủ tiếu bò kho,52000,41,31000,5,3,2,delivery,16:00,93000,63000,0.6,Công nhân,Hủ tiếu,Phường Thuận An
L01347,R008,2026-06-04,Hủ tiếu thập cẩm,47000,46,25000,5,2,3,pickup,16:00,50000,44000,0.4,Công nhân,Hủ tiếu,Phường Thuận An
L01348,R008,2026-06-04,Hủ tiếu Nam Vang,43000,45,24000,4,2,2,pickup,16:00,48000,38000,0.5,Công nhân,Hủ tiếu,Phường Thuận An
L01349,R009,2026-06-04,Cơm tấm sườn trứng,27000,56,12000,3,2,1,pickup,20:30,24000,30000,0.667,Dân cư đông,Cơm tấm,Phường Tân Bình
L01350,R009,2026-06-04,Cơm tấm đặc biệt,32000,52,15000,4,2,2,pickup,20:30,30000,34000,0.5,Dân cư đông,Cơm tấm,Phường Tân Bình
L01351,R009,2026-06-04,Cơm tấm bì,41000,53,19000,4,3,1,pickup,20:15,57000,66000,0.75,Dân cư đông,Cơm tấm,Phường Tân Bình
L01352,R010,2026-06-04,Cơm tấm sườn trứng,36000,51,18000,1,0,1,pickup,19:45,0,0,0.0,Trung tâm,Cơm tấm,Phường Đức Nhuận
L01353,R010,2026-06-04,Cơm tấm sườn nướng,51000,49,26000,1,0,1,pickup,19:45,0,0,0.0,Trung tâm,Cơm tấm,Phường Đức Nhuận
L01354,R010,2026-06-04,Cơm tấm đặc biệt,41000,49,21000,1,0,1,delivery,19:00,0,0,0.0,Trung tâm,Cơm tấm,Phường Đức Nhuận
L01355,R011,2026-06-04,Bánh mì xíu mại,23000,30,16000,6,2,4,pickup,20:00,32000,14000,0.333,Ngoại ô,Bánh mì,Xã Hiệp Phước
L01356,R012,2026-06-04,Phở bò tái,41000,60,16000,2,1,1,delivery,20:00,16000,25000,0.5,Dân cư đông,Phở,Phường Khánh Hội
L01357,R012,2026-06-04,Phở bò chín,39000,59,16000,2,1,1,delivery,20:00,16000,23000,0.5,Dân cư đông,Phở,Phường Khánh Hội
L01358,R013,2026-06-04,Phở bò viên,51000,53,24000,3,1,2,pickup,12:30,24000,27000,0.333,Sinh viên,Phở,Phường Long Bình
L01359,R013,2026-06-04,Phở bò tái nạm,53000,46,29000,4,2,2,delivery,12:30,58000,48000,0.5,Sinh viên,Phở,Phường Long Bình
L01360,R013,2026-06-04,Phở bò chín,50000,52,24000,3,2,1,pickup,12:00,48000,52000,0.667,Sinh viên,Phở,Phường Long Bình
L01361,R013,2026-06-04,Phở gà,45000,54,21000,4,2,2,pickup,12:15,42000,48000,0.5,Sinh viên,Phở,Phường Long Bình
L01362,R013,2026-06-04,Phở bò tái,45000,53,21000,4,3,1,delivery,12:15,63000,72000,0.75,Sinh viên,Phở,Phường Long Bình
L01363,R014,2026-06-04,Bánh mì chả lụa,21000,56,9000,1,0,1,delivery,12:30,0,0,0.0,Sinh viên,Bánh mì,Phường An Khánh
L01364,R014,2026-06-04,Bánh mì gà,27000,55,12000,1,0,1,delivery,12:45,0,0,0.0,Sinh viên,Bánh mì,Phường An Khánh
L01365,R015,2026-06-04,Hủ tiếu sa tế,44000,40,26000,6,4,2,delivery,13:30,104000,72000,0.667,Sinh viên,Hủ tiếu,Phường Hiệp Bình
L01366,R015,2026-06-04,Hủ tiếu mì,51000,40,31000,5,2,3,pickup,13:00,62000,40000,0.4,Sinh viên,Hủ tiếu,Phường Hiệp Bình
L01367,R015,2026-06-04,Hủ tiếu bò kho,50000,44,28000,6,3,3,delivery,13:30,84000,66000,0.5,Sinh viên,Hủ tiếu,Phường Hiệp Bình
L01368,R016,2026-06-04,Phở bò viên,38000,48,20000,4,2,2,delivery,16:45,40000,36000,0.5,Sinh viên,Phở,Phường Tăng Nhơn Phú
L01369,R016,2026-06-04,Phở bò tái,42000,47,22000,3,2,1,delivery,16:00,44000,40000,0.667,Sinh viên,Phở,Phường Tăng Nhơn Phú
L01370,R016,2026-06-04,Phở gà,46000,42,27000,3,1,2,pickup,16:00,27000,19000,0.333,Sinh viên,Phở,Phường Tăng Nhơn Phú
L01371,R017,2026-06-04,Cơm tấm sườn bì chả,42000,30,29000,16,7,9,delivery,13:45,203000,91000,0.438,Công nhân,Cơm tấm,Phường Dĩ An
L01372,R018,2026-06-04,Cơm tấm đặc biệt,46000,44,26000,2,1,1,delivery,16:45,26000,20000,0.5,Công nhân,Cơm tấm,Phường Lái Thiêu
L01373,R019,2026-06-04,Bún bò gân,47000,45,26000,6,3,3,delivery,18:00,78000,63000,0.5,Sinh viên,Bún bò,Phường Long Bình
L01374,R019,2026-06-04,Bún bò thập cẩm,51000,45,28000,6,3,3,pickup,18:30,84000,69000,0.5,Sinh viên,Bún bò,Phường Long Bình
L01375,R020,2026-06-04,Phở gà,44000,35,29000,2,1,1,delivery,09:45,29000,15000,0.5,Công nhân,Phở,Phường Đông Hòa
L01376,R020,2026-06-04,Phở bò viên,40000,40,24000,1,0,1,delivery,09:00,0,0,0.0,Công nhân,Phở,Phường Đông Hòa
L01377,R020,2026-06-04,Phở bò tái,50000,39,30000,2,0,2,delivery,09:00,0,0,0.0,Công nhân,Phở,Phường Đông Hòa
L01378,R020,2026-06-04,Phở bò chín,45000,39,27000,2,1,1,delivery,09:00,27000,18000,0.5,Công nhân,Phở,Phường Đông Hòa
L01379,R021,2026-06-04,Hủ tiếu mì,53000,40,32000,2,1,1,pickup,20:30,32000,21000,0.5,Sinh viên,Hủ tiếu,Phường Bình Trưng
L01380,R021,2026-06-04,Hủ tiếu bò kho,59000,41,35000,2,1,1,pickup,20:00,35000,24000,0.5,Sinh viên,Hủ tiếu,Phường Bình Trưng
L01381,R022,2026-06-04,Bánh mì thịt nguội,23000,59,9000,2,1,1,pickup,18:30,9000,14000,0.5,Sinh viên,Bánh mì,Phường Long Bình
L01382,R022,2026-06-04,Bánh mì trứng,21000,57,9000,2,1,1,pickup,18:00,9000,12000,0.5,Sinh viên,Bánh mì,Phường Long Bình
L01383,R022,2026-06-04,Bánh mì xíu mại,31000,60,12000,1,0,1,delivery,18:00,0,0,0.0,Sinh viên,Bánh mì,Phường Long Bình
L01384,R022,2026-06-04,Bánh mì chả lụa,19000,60,8000,1,0,1,delivery,18:00,0,0,0.0,Sinh viên,Bánh mì,Phường Long Bình
L01385,R022,2026-06-04,Bánh mì gà,26000,55,12000,2,1,1,delivery,18:00,12000,14000,0.5,Sinh viên,Bánh mì,Phường Long Bình
L01386,R023,2026-06-04,Bánh mì gà,22000,36,14000,2,0,2,pickup,17:00,0,0,0.0,Công nhân,Bánh mì,Phường Tân Đông Hiệp
L01387,R023,2026-06-04,Bánh mì chả lụa,25000,30,18000,2,0,2,delivery,17:15,0,0,0.0,Công nhân,Bánh mì,Phường Tân Đông Hiệp
L01388,R024,2026-06-04,Hủ tiếu Nam Vang,45000,55,20000,17,13,4,delivery,14:45,260000,325000,0.765,Công nhân,Hủ tiếu,Phường An Phú
L01389,R025,2026-06-04,Cơm gà xối mỡ,41000,30,29000,2,1,1,pickup,11:00,29000,12000,0.5,Dân cư đông,Cơm văn phòng,Phường An Hội Đông
L01390,R025,2026-06-04,Cơm thịt kho trứng,36000,30,25000,1,0,1,delivery,11:15,0,0,0.0,Dân cư đông,Cơm văn phòng,Phường An Hội Đông
L01391,R025,2026-06-04,Cơm gà luộc,45000,30,31000,2,1,1,delivery,11:00,31000,14000,0.5,Dân cư đông,Cơm văn phòng,Phường An Hội Đông
L01392,R025,2026-06-04,Cơm canh chua,35000,35,23000,1,0,1,pickup,11:30,0,0,0.0,Dân cư đông,Cơm văn phòng,Phường An Hội Đông
L01393,R025,2026-06-04,Cơm sườn đậu hũ,36000,33,24000,1,0,1,delivery,11:30,0,0,0.0,Dân cư đông,Cơm văn phòng,Phường An Hội Đông
L01394,R026,2026-06-04,Bún riêu cua đồng,32000,42,19000,3,1,2,pickup,16:15,19000,13000,0.333,Sinh viên,Bún riêu,Phường Tam Bình
L01395,R027,2026-06-04,Bún bò viên,55000,36,35000,2,1,1,pickup,17:45,35000,20000,0.5,Công nhân,Bún bò,Phường Hòa Lợi
L01396,R028,2026-06-04,Bánh mì chả lụa,26000,57,11000,8,5,3,delivery,14:15,55000,75000,0.625,Công nhân,Bánh mì,Phường Tân Đông Hiệp
L01397,R029,2026-06-04,Phở bò tái nạm,49000,56,22000,1,0,1,delivery,19:15,0,0,0.0,Trung tâm,Phở,Phường Bến Thành
L01398,R029,2026-06-04,Phở bò tái,46000,51,23000,1,0,1,pickup,19:45,0,0,0.0,Trung tâm,Phở,Phường Bến Thành
L01399,R029,2026-06-04,Phở bò viên,47000,57,20000,1,0,1,delivery,19:30,0,0,0.0,Trung tâm,Phở,Phường Bến Thành
L01400,R029,2026-06-04,Phở gà,46000,51,23000,1,0,1,delivery,19:00,0,0,0.0,Trung tâm,Phở,Phường Bến Thành
L01401,R030,2026-06-04,Bún bò giò heo,54000,53,25000,11,7,4,pickup,15:45,175000,203000,0.636,Công nhân,Bún bò,Phường An Phú
L01402,R030,2026-06-04,Bún bò thập cẩm,48000,47,25000,12,8,4,pickup,15:00,200000,184000,0.667,Công nhân,Bún bò,Phường An Phú
L01403,R031,2026-06-04,Phở bò tái nạm,46000,37,29000,4,1,3,pickup,09:15,29000,17000,0.25,Sinh viên,Phở,Phường Phước Long
L01404,R031,2026-06-04,Phở bò tái,59000,40,35000,4,2,2,delivery,09:00,70000,48000,0.5,Sinh viên,Phở,Phường Phước Long
L01405,R032,2026-06-04,Cơm gà luộc,39000,44,22000,5,2,3,delivery,13:00,44000,34000,0.4,Trung tâm,Cơm văn phòng,Phường Cầu Ông Lãnh
L01406,R033,2026-06-04,Cơm tấm sườn nướng,47000,49,24000,2,1,1,pickup,13:15,24000,23000,0.5,Dân cư đông,Cơm tấm,Phường Tân Hòa
L01407,R033,2026-06-04,Cơm tấm sườn trứng,33000,42,19000,1,0,1,pickup,13:45,0,0,0.0,Dân cư đông,Cơm tấm,Phường Tân Hòa
L01408,R033,2026-06-04,Cơm tấm sườn bì chả,53000,51,26000,2,1,1,pickup,13:00,26000,27000,0.5,Dân cư đông,Cơm tấm,Phường Tân Hòa
L01409,R033,2026-06-04,Cơm tấm đặc biệt,32000,51,16000,1,0,1,pickup,13:45,0,0,0.0,Dân cư đông,Cơm tấm,Phường Tân Hòa
L01410,R033,2026-06-04,Cơm tấm bì,45000,43,26000,2,1,1,pickup,13:30,26000,19000,0.5,Dân cư đông,Cơm tấm,Phường Tân Hòa
L01411,R034,2026-06-04,Bún bò thập cẩm,44000,33,29000,6,2,4,delivery,18:00,58000,30000,0.333,Ngoại ô,Bún bò,Xã Bình Chánh
L01412,R034,2026-06-04,Bún bò Huế đặc biệt,51000,36,33000,4,2,2,delivery,18:15,66000,36000,0.5,Ngoại ô,Bún bò,Xã Bình Chánh
L01413,R035,2026-06-04,Bánh mì chả lụa,24000,51,12000,1,0,1,delivery,12:00,0,0,0.0,Dân cư đông,Bánh mì,Phường Tân Sơn Nhất
L01414,R035,2026-06-04,Bánh mì gà,21000,56,9000,1,0,1,delivery,12:00,0,0,0.0,Dân cư đông,Bánh mì,Phường Tân Sơn Nhất
L01415,R035,2026-06-04,Bánh mì trứng,23000,54,11000,1,0,1,delivery,12:00,0,0,0.0,Dân cư đông,Bánh mì,Phường Tân Sơn Nhất
L01416,R035,2026-06-04,Bánh mì thịt nguội,23000,56,10000,1,0,1,delivery,12:30,0,0,0.0,Dân cư đông,Bánh mì,Phường Tân Sơn Nhất
L01417,R035,2026-06-04,Bánh mì xíu mại,21000,60,8000,1,0,1,delivery,12:00,0,0,0.0,Dân cư đông,Bánh mì,Phường Tân Sơn Nhất
L01418,R036,2026-06-04,Bún bò Huế đặc biệt,44000,32,30000,4,1,3,pickup,14:15,30000,14000,0.25,Sinh viên,Bún bò,Phường Phước Long
L01419,R036,2026-06-04,Bún bò viên,63000,38,39000,4,1,3,delivery,14:45,39000,24000,0.25,Sinh viên,Bún bò,Phường Phước Long
L01420,R036,2026-06-04,Bún bò gân,40000,41,24000,5,2,3,pickup,14:00,48000,32000,0.4,Sinh viên,Bún bò,Phường Phước Long
L01421,R037,2026-06-04,Bún bò Huế đặc biệt,53000,39,32000,8,4,4,delivery,15:15,128000,84000,0.5,Trung tâm,Bún bò,Phường Tân Định
L01422,R038,2026-06-04,Bún bò gân,55000,47,29000,1,0,1,pickup,17:00,0,0,0.0,Công nhân,Bún bò,Phường Thuận Giao
L01423,R038,2026-06-04,Bún bò thập cẩm,46000,48,24000,1,0,1,pickup,17:00,0,0,0.0,Công nhân,Bún bò,Phường Thuận Giao
L01424,R039,2026-06-04,Bún riêu cua,43000,55,19000,18,13,5,delivery,09:30,247000,312000,0.722,Công nhân,Bún riêu,Phường Đông Hòa
L01425,R040,2026-06-04,Bún bò Huế đặc biệt,54000,60,22000,1,0,1,pickup,14:45,0,0,0.0,Sinh viên,Bún bò,Phường Bình Trưng
L01426,R041,2026-06-04,Phở gà,53000,45,29000,2,1,1,delivery,15:45,29000,24000,0.5,Công nhân,Phở,Phường Tân Khánh
L01427,R041,2026-06-04,Phở bò tái,47000,43,27000,3,1,2,pickup,15:45,27000,20000,0.333,Công nhân,Phở,Phường Tân Khánh
L01428,R042,2026-06-04,Cơm tấm sườn nướng,33000,60,13000,2,1,1,pickup,11:45,13000,20000,0.5,Trung tâm,Cơm tấm,Phường Tân Định
L01429,R042,2026-06-04,Cơm tấm bì,49000,60,20000,2,1,1,delivery,11:15,20000,29000,0.5,Trung tâm,Cơm tấm,Phường Tân Định
L01430,R042,2026-06-04,Cơm tấm sườn bì chả,35000,53,16000,2,1,1,delivery,11:30,16000,19000,0.5,Trung tâm,Cơm tấm,Phường Tân Định
L01431,R043,2026-06-04,Cơm thịt kho trứng,45000,59,18000,3,2,1,pickup,16:45,36000,54000,0.667,Dân cư đông,Cơm văn phòng,Phường Bảy Hiền
L01432,R043,2026-06-04,Cơm canh chua,36000,60,14000,3,2,1,pickup,16:00,28000,44000,0.667,Dân cư đông,Cơm văn phòng,Phường Bảy Hiền
L01433,R043,2026-06-04,Cơm gà luộc,42000,60,17000,3,2,1,pickup,16:45,34000,50000,0.667,Dân cư đông,Cơm văn phòng,Phường Bảy Hiền
L01434,R043,2026-06-04,Cơm gà xối mỡ,36000,59,15000,3,1,2,pickup,16:45,15000,21000,0.333,Dân cư đông,Cơm văn phòng,Phường Bảy Hiền
L01435,R043,2026-06-04,Cơm sườn đậu hũ,36000,57,15000,2,1,1,pickup,16:15,15000,21000,0.5,Dân cư đông,Cơm văn phòng,Phường Bảy Hiền
L01436,R044,2026-06-04,Hủ tiếu thập cẩm,43000,45,24000,2,1,1,pickup,13:45,24000,19000,0.5,Sinh viên,Hủ tiếu,Phường Tam Bình
L01437,R044,2026-06-04,Hủ tiếu sa tế,39000,48,20000,3,2,1,pickup,13:00,40000,38000,0.667,Sinh viên,Hủ tiếu,Phường Tam Bình
L01438,R044,2026-06-04,Hủ tiếu Nam Vang,53000,49,27000,3,2,1,delivery,13:15,54000,52000,0.667,Sinh viên,Hủ tiếu,Phường Tam Bình
L01439,R045,2026-06-04,Bún bò thập cẩm,44000,42,26000,4,2,2,pickup,17:15,52000,36000,0.5,Công nhân,Bún bò,Phường Thuận An
L01440,R045,2026-06-04,Bún bò viên,44000,40,26000,4,2,2,pickup,17:45,52000,36000,0.5,Công nhân,Bún bò,Phường Thuận An
L01441,R045,2026-06-04,Bún bò Huế đặc biệt,35000,46,19000,3,2,1,pickup,17:30,38000,32000,0.667,Công nhân,Bún bò,Phường Thuận An
L01442,R046,2026-06-04,Bánh mì gà,22000,54,10000,3,2,1,pickup,13:45,20000,24000,0.667,Sinh viên,Bánh mì,Phường Cát Lái
L01443,R046,2026-06-04,Bánh mì xíu mại,26000,59,11000,3,2,1,pickup,13:15,22000,30000,0.667,Sinh viên,Bánh mì,Phường Cát Lái
L01444,R046,2026-06-04,Bánh mì chả lụa,23000,58,10000,3,2,1,pickup,13:00,20000,26000,0.667,Sinh viên,Bánh mì,Phường Cát Lái
L01445,R046,2026-06-04,Bánh mì thịt nguội,19000,59,8000,3,2,1,pickup,13:30,16000,22000,0.667,Sinh viên,Bánh mì,Phường Cát Lái
L01446,R046,2026-06-04,Bánh mì trứng,21000,50,10000,3,2,1,pickup,13:45,20000,22000,0.667,Sinh viên,Bánh mì,Phường Cát Lái
L01447,R047,2026-06-04,Bún bò Huế đặc biệt,56000,45,31000,25,15,10,delivery,17:45,465000,375000,0.6,Công nhân,Bún bò,Phường Tân Khánh
L01448,R048,2026-06-04,Bánh mì gà,26000,48,14000,3,1,2,delivery,18:30,14000,12000,0.333,Công nhân,Bánh mì,Phường An Phú
L01449,R048,2026-06-04,Bánh mì trứng,19000,58,8000,4,3,1,pickup,18:15,24000,33000,0.75,Công nhân,Bánh mì,Phường An Phú
L01450,R049,2026-06-04,Phở bò tái,62000,36,40000,1,0,1,delivery,12:00,0,0,0.0,Sinh viên,Phở,Phường Thủ Đức
L01451,R049,2026-06-04,Phở bò chín,44000,46,24000,1,0,1,pickup,12:45,0,0,0.0,Sinh viên,Phở,Phường Thủ Đức
L01452,R049,2026-06-04,Phở bò tái nạm,48000,36,31000,1,0,1,delivery,12:15,0,0,0.0,Sinh viên,Phở,Phường Thủ Đức
L01453,R049,2026-06-04,Phở bò viên,41000,37,26000,1,0,1,delivery,12:00,0,0,0.0,Sinh viên,Phở,Phường Thủ Đức
L01454,R050,2026-06-04,Bánh mì gà,23000,40,14000,1,0,1,delivery,17:15,0,0,0.0,Ngoại ô,Bánh mì,Xã Hưng Long
L01455,R051,2026-06-04,Hủ tiếu bò kho,56000,52,27000,5,4,1,pickup,13:00,108000,116000,0.8,Dân cư đông,Hủ tiếu,Phường Hạnh Thông
L01456,R052,2026-06-04,Cơm tấm bì,39000,43,22000,4,3,1,delivery,18:00,66000,51000,0.75,Dân cư đông,Cơm tấm,Phường Xóm Chiếu
L01457,R052,2026-06-04,Cơm tấm sườn nướng,46000,39,28000,4,1,3,delivery,18:00,28000,18000,0.25,Dân cư đông,Cơm tấm,Phường Xóm Chiếu
L01458,R052,2026-06-04,Cơm tấm sườn bì chả,35000,36,22000,5,2,3,delivery,18:30,44000,26000,0.4,Dân cư đông,Cơm tấm,Phường Xóm Chiếu
L01459,R053,2026-06-04,Bánh mì gà,20000,58,8000,3,2,1,delivery,17:45,16000,24000,0.667,Dân cư đông,Bánh mì,Phường Gia Định
L01460,R053,2026-06-04,Bánh mì thịt nguội,24000,60,10000,3,2,1,delivery,17:15,20000,28000,0.667,Dân cư đông,Bánh mì,Phường Gia Định
L01461,R053,2026-06-04,Bánh mì trứng,26000,55,12000,3,2,1,pickup,17:15,24000,28000,0.667,Dân cư đông,Bánh mì,Phường Gia Định
L01462,R053,2026-06-04,Bánh mì chả lụa,26000,58,11000,3,2,1,delivery,17:30,22000,30000,0.667,Dân cư đông,Bánh mì,Phường Gia Định
L01463,R053,2026-06-04,Bánh mì xíu mại,30000,55,13000,4,2,2,delivery,17:45,26000,34000,0.5,Dân cư đông,Bánh mì,Phường Gia Định
L01464,R054,2026-06-04,Bánh mì xíu mại,22000,53,10000,3,2,1,delivery,11:15,20000,24000,0.667,Công nhân,Bánh mì,Phường Bình Hòa
L01465,R054,2026-06-04,Bánh mì chả lụa,17000,51,8000,4,2,2,pickup,11:45,16000,18000,0.5,Công nhân,Bánh mì,Phường Bình Hòa
L01466,R054,2026-06-04,Bánh mì thịt nguội,28000,52,13000,3,2,1,delivery,11:30,26000,30000,0.667,Công nhân,Bánh mì,Phường Bình Hòa
L01467,R054,2026-06-04,Bánh mì gà,30000,52,14000,3,2,1,delivery,11:30,28000,32000,0.667,Công nhân,Bánh mì,Phường Bình Hòa
L01468,R055,2026-06-04,Cơm tấm sườn nướng,33000,60,13000,1,0,1,delivery,12:15,0,0,0.0,Dân cư đông,Cơm tấm,Phường Thông Tây Hội
L01469,R055,2026-06-04,Cơm tấm bì,31000,60,12000,2,1,1,pickup,12:00,12000,19000,0.5,Dân cư đông,Cơm tấm,Phường Thông Tây Hội
L01470,R055,2026-06-04,Cơm tấm sườn trứng,41000,60,16000,2,1,1,pickup,12:45,16000,25000,0.5,Dân cư đông,Cơm tấm,Phường Thông Tây Hội
L01471,R055,2026-06-04,Cơm tấm đặc biệt,50000,60,20000,2,1,1,pickup,12:30,20000,30000,0.5,Dân cư đông,Cơm tấm,Phường Thông Tây Hội
L01472,R055,2026-06-04,Cơm tấm sườn bì chả,38000,60,15000,1,0,1,delivery,12:45,0,0,0.0,Dân cư đông,Cơm tấm,Phường Thông Tây Hội
L01473,R056,2026-06-04,Hủ tiếu bò kho,47000,32,32000,4,2,2,pickup,17:30,64000,30000,0.5,Trung tâm,Hủ tiếu,Phường Nhiêu Lộc
L01474,R056,2026-06-04,Hủ tiếu Nam Vang,44000,37,28000,4,1,3,delivery,17:30,28000,16000,0.25,Trung tâm,Hủ tiếu,Phường Nhiêu Lộc
L01475,R057,2026-06-04,Bún bò giò heo,43000,48,22000,1,0,1,pickup,18:30,0,0,0.0,Sinh viên,Bún bò,Phường Bình Trưng
L01476,R057,2026-06-04,Bún bò Huế đặc biệt,52000,48,27000,1,0,1,pickup,18:30,0,0,0.0,Sinh viên,Bún bò,Phường Bình Trưng
L01477,R058,2026-06-04,Bánh mì gà,22000,32,15000,1,0,1,pickup,19:30,0,0,0.0,Trung tâm,Bánh mì,Phường Cầu Kiệu
L01478,R058,2026-06-04,Bánh mì xíu mại,25000,38,16000,1,0,1,pickup,19:45,0,0,0.0,Trung tâm,Bánh mì,Phường Cầu Kiệu
L01479,R058,2026-06-04,Bánh mì thịt nguội,17000,38,11000,1,0,1,pickup,19:30,0,0,0.0,Trung tâm,Bánh mì,Phường Cầu Kiệu
L01480,R058,2026-06-04,Bánh mì trứng,27000,36,17000,1,0,1,pickup,19:45,0,0,0.0,Trung tâm,Bánh mì,Phường Cầu Kiệu
L01481,R059,2026-06-04,Cơm tấm sườn bì chả,39000,30,27000,2,0,2,pickup,14:00,0,0,0.0,Sinh viên,Cơm tấm,Phường Tam Bình
L01482,R059,2026-06-04,Cơm tấm sườn trứng,32000,32,22000,1,0,1,delivery,14:15,0,0,0.0,Sinh viên,Cơm tấm,Phường Tam Bình
L01483,R060,2026-06-04,Phở bò tái nạm,54000,60,22000,2,1,1,delivery,10:45,22000,32000,0.5,Công nhân,Phở,Phường Tân Đông Hiệp
L01484,R061,2026-06-04,Cơm tấm sườn trứng,34000,51,17000,4,2,2,delivery,15:45,34000,34000,0.5,Sinh viên,Cơm tấm,Phường Tam Bình
L01485,R061,2026-06-04,Cơm tấm đặc biệt,35000,48,18000,4,2,2,pickup,15:15,36000,34000,0.5,Sinh viên,Cơm tấm,Phường Tam Bình
L01486,R062,2026-06-04,Phở bò viên,60000,32,41000,1,0,1,delivery,10:30,0,0,0.0,Dân cư đông,Phở,Phường Hạnh Thông
L01487,R062,2026-06-04,Phở gà,54000,37,34000,1,0,1,delivery,10:45,0,0,0.0,Dân cư đông,Phở,Phường Hạnh Thông
L01488,R062,2026-06-04,Phở bò tái,56000,31,39000,1,0,1,delivery,10:15,0,0,0.0,Dân cư đông,Phở,Phường Hạnh Thông
L01489,R062,2026-06-04,Phở bò chín,55000,33,37000,1,0,1,delivery,10:15,0,0,0.0,Dân cư đông,Phở,Phường Hạnh Thông
L01490,R062,2026-06-04,Phở bò tái nạm,44000,33,29000,1,0,1,delivery,10:30,0,0,0.0,Dân cư đông,Phở,Phường Hạnh Thông
L01491,R063,2026-06-04,Hủ tiếu thập cẩm,47000,46,25000,4,2,2,delivery,19:45,50000,44000,0.5,Công nhân,Hủ tiếu,Phường Thuận Giao
L01492,R063,2026-06-04,Hủ tiếu bò kho,42000,45,23000,4,2,2,delivery,19:00,46000,38000,0.5,Công nhân,Hủ tiếu,Phường Thuận Giao
L01493,R063,2026-06-04,Hủ tiếu mì,50000,46,27000,4,2,2,delivery,19:30,54000,46000,0.5,Công nhân,Hủ tiếu,Phường Thuận Giao
L01494,R064,2026-06-04,Bún bò thập cẩm,45000,38,28000,3,0,3,pickup,10:00,0,0,0.0,Sinh viên,Bún bò,Phường Tăng Nhơn Phú
L01495,R064,2026-06-04,Bún bò Huế đặc biệt,56000,45,31000,2,1,1,delivery,10:45,31000,25000,0.5,Sinh viên,Bún bò,Phường Tăng Nhơn Phú
L01496,R064,2026-06-04,Bún bò gân,50000,48,26000,2,1,1,pickup,10:00,26000,24000,0.5,Sinh viên,Bún bò,Phường Tăng Nhơn Phú
L01497,R065,2026-06-04,Cơm tấm bì,46000,48,24000,2,1,1,pickup,19:30,24000,22000,0.5,Công nhân,Cơm tấm,Phường Đông Hòa
L01498,R065,2026-06-04,Cơm tấm sườn trứng,40000,50,20000,2,1,1,pickup,19:00,20000,20000,0.5,Công nhân,Cơm tấm,Phường Đông Hòa
L01499,R065,2026-06-04,Cơm tấm đặc biệt,42000,57,18000,2,1,1,pickup,19:00,18000,24000,0.5,Công nhân,Cơm tấm,Phường Đông Hòa
L01500,R066,2026-06-04,Cơm sườn đậu hũ,38000,60,15000,5,4,1,pickup,09:00,60000,92000,0.8,Sinh viên,Cơm văn phòng,Phường An Khánh
L01501,R066,2026-06-04,Cơm thịt kho trứng,38000,56,17000,4,2,2,pickup,09:00,34000,42000,0.5,Sinh viên,Cơm văn phòng,Phường An Khánh
L01502,R066,2026-06-04,Cơm gà xối mỡ,29000,57,12000,4,2,2,pickup,09:45,24000,34000,0.5,Sinh viên,Cơm văn phòng,Phường An Khánh
L01503,R067,2026-06-04,Cơm thịt kho trứng,44000,48,23000,1,0,1,delivery,19:00,0,0,0.0,Dân cư đông,Cơm văn phòng,Phường An Hội Đông
L01504,R067,2026-06-04,Cơm gà luộc,36000,45,20000,1,0,1,pickup,19:30,0,0,0.0,Dân cư đông,Cơm văn phòng,Phường An Hội Đông
L01505,R067,2026-06-04,Cơm sườn đậu hũ,27000,51,13000,1,0,1,pickup,19:45,0,0,0.0,Dân cư đông,Cơm văn phòng,Phường An Hội Đông
L01506,R067,2026-06-04,Cơm gà xối mỡ,49000,52,24000,1,0,1,delivery,19:45,0,0,0.0,Dân cư đông,Cơm văn phòng,Phường An Hội Đông
L01507,R067,2026-06-04,Cơm canh chua,32000,50,16000,1,0,1,delivery,19:30,0,0,0.0,Dân cư đông,Cơm văn phòng,Phường An Hội Đông
L01508,R068,2026-06-04,Bún riêu cua,45000,30,31000,1,0,1,delivery,19:15,0,0,0.0,Trung tâm,Bún riêu,Phường Xuân Hòa
L01509,R068,2026-06-04,Bún riêu thập cẩm,50000,30,35000,1,0,1,delivery,19:45,0,0,0.0,Trung tâm,Bún riêu,Phường Xuân Hòa
L01510,R068,2026-06-04,Bún riêu cua đồng,33000,36,21000,1,0,1,delivery,19:30,0,0,0.0,Trung tâm,Bún riêu,Phường Xuân Hòa
L01511,R069,2026-06-04,Bánh mì trứng,23000,46,12000,1,0,1,delivery,20:15,0,0,0.0,Ngoại ô,Bánh mì,Xã Xuân Thới Sơn
L01512,R069,2026-06-04,Bánh mì chả lụa,23000,45,13000,1,0,1,pickup,20:00,0,0,0.0,Ngoại ô,Bánh mì,Xã Xuân Thới Sơn
L01513,R069,2026-06-04,Bánh mì thịt nguội,17000,42,10000,1,0,1,delivery,20:15,0,0,0.0,Ngoại ô,Bánh mì,Xã Xuân Thới Sơn
L01514,R070,2026-06-04,Hủ tiếu thập cẩm,52000,54,24000,1,0,1,pickup,19:15,0,0,0.0,Dân cư đông,Hủ tiếu,Phường Gò Vấp
L01515,R070,2026-06-04,Hủ tiếu mì,49000,57,21000,1,0,1,pickup,19:15,0,0,0.0,Dân cư đông,Hủ tiếu,Phường Gò Vấp
L01516,R070,2026-06-04,Hủ tiếu bò kho,41000,60,16000,1,0,1,delivery,19:15,0,0,0.0,Dân cư đông,Hủ tiếu,Phường Gò Vấp
L01517,R070,2026-06-04,Hủ tiếu Nam Vang,49000,60,20000,1,0,1,pickup,19:00,0,0,0.0,Dân cư đông,Hủ tiếu,Phường Gò Vấp
L01518,R071,2026-06-04,Cơm tấm sườn nướng,47000,39,29000,4,1,3,delivery,11:45,29000,18000,0.25,Sinh viên,Cơm tấm,Phường Bình Trưng
L01519,R071,2026-06-04,Cơm tấm sườn trứng,37000,37,23000,4,2,2,delivery,11:15,46000,28000,0.5,Sinh viên,Cơm tấm,Phường Bình Trưng
L01520,R071,2026-06-04,Cơm tấm bì,34000,31,23000,3,1,2,delivery,11:00,23000,11000,0.333,Sinh viên,Cơm tấm,Phường Bình Trưng
L01521,R071,2026-06-04,Cơm tấm đặc biệt,35000,32,24000,3,1,2,delivery,11:30,24000,11000,0.333,Sinh viên,Cơm tấm,Phường Bình Trưng
L01522,R071,2026-06-04,Cơm tấm sườn bì chả,33000,30,23000,4,2,2,delivery,11:15,46000,20000,0.5,Sinh viên,Cơm tấm,Phường Bình Trưng
L01523,R072,2026-06-04,Cơm sườn đậu hũ,45000,51,22000,5,4,1,pickup,14:00,88000,92000,0.8,Trung tâm,Cơm văn phòng,Phường Bến Thành
L01524,R072,2026-06-04,Cơm canh chua,38000,53,18000,5,3,2,delivery,14:00,54000,60000,0.6,Trung tâm,Cơm văn phòng,Phường Bến Thành
L01525,R073,2026-06-04,Bánh mì gà,29000,49,15000,2,1,1,delivery,16:15,15000,14000,0.5,Dân cư đông,Bánh mì,Phường Vĩnh Hội
L01526,R073,2026-06-04,Bánh mì thịt nguội,21000,48,11000,2,1,1,delivery,16:30,11000,10000,0.5,Dân cư đông,Bánh mì,Phường Vĩnh Hội
L01527,R074,2026-06-04,Cơm canh chua,33000,32,22000,1,0,1,pickup,17:15,0,0,0.0,Dân cư đông,Cơm văn phòng,Phường Bình Lợi Trung
L01528,R074,2026-06-04,Cơm sườn đậu hũ,27000,30,19000,1,0,1,pickup,17:45,0,0,0.0,Dân cư đông,Cơm văn phòng,Phường Bình Lợi Trung
L01529,R074,2026-06-04,Cơm thịt kho trứng,38000,30,27000,2,1,1,pickup,17:45,27000,11000,0.5,Dân cư đông,Cơm văn phòng,Phường Bình Lợi Trung
L01530,R074,2026-06-04,Cơm gà xối mỡ,34000,34,22000,2,0,2,pickup,17:30,0,0,0.0,Dân cư đông,Cơm văn phòng,Phường Bình Lợi Trung
L01531,R074,2026-06-04,Cơm gà luộc,33000,30,23000,2,0,2,pickup,17:00,0,0,0.0,Dân cư đông,Cơm văn phòng,Phường Bình Lợi Trung
L01532,R075,2026-06-04,Cơm tấm sườn nướng,40000,54,18000,3,2,1,delivery,15:00,36000,44000,0.667,Dân cư đông,Cơm tấm,Phường Vĩnh Hội
L01533,R075,2026-06-04,Cơm tấm sườn bì chả,39000,45,21000,3,1,2,delivery,15:30,21000,18000,0.333,Dân cư đông,Cơm tấm,Phường Vĩnh Hội
L01534,R075,2026-06-04,Cơm tấm sườn trứng,36000,49,18000,3,1,2,delivery,15:45,18000,18000,0.333,Dân cư đông,Cơm tấm,Phường Vĩnh Hội
L01535,R076,2026-06-04,Phở bò tái,47000,41,28000,6,3,3,pickup,12:45,84000,57000,0.5,Dân cư đông,Phở,Phường An Nhơn
L01536,R076,2026-06-04,Phở gà,47000,40,28000,7,4,3,pickup,12:30,112000,76000,0.571,Dân cư đông,Phở,Phường An Nhơn
L01537,R076,2026-06-04,Phở bò viên,59000,47,31000,7,3,4,pickup,12:00,93000,84000,0.429,Dân cư đông,Phở,Phường An Nhơn
L01538,R077,2026-06-04,Cơm tấm sườn bì chả,38000,45,21000,2,1,1,delivery,14:45,21000,17000,0.5,Trung tâm,Cơm tấm,Phường Xuân Hòa
L01539,R077,2026-06-04,Cơm tấm sườn trứng,39000,39,24000,2,0,2,delivery,14:45,0,0,0.0,Trung tâm,Cơm tấm,Phường Xuân Hòa
L01540,R077,2026-06-04,Cơm tấm bì,52000,39,32000,3,1,2,delivery,14:45,32000,20000,0.333,Trung tâm,Cơm tấm,Phường Xuân Hòa
L01541,R078,2026-06-04,Bún riêu thập cẩm,37000,42,21000,2,1,1,delivery,13:30,21000,16000,0.5,Công nhân,Bún riêu,Phường Tân Đông Hiệp
L01542,R078,2026-06-04,Bún riêu cua,31000,42,18000,2,1,1,delivery,13:45,18000,13000,0.5,Công nhân,Bún riêu,Phường Tân Đông Hiệp
L01543,R078,2026-06-04,Bún riêu cua đồng,41000,41,24000,2,1,1,delivery,13:00,24000,17000,0.5,Công nhân,Bún riêu,Phường Tân Đông Hiệp
L01544,R078,2026-06-04,Bún riêu cua mọc,45000,43,26000,2,1,1,pickup,13:30,26000,19000,0.5,Công nhân,Bún riêu,Phường Tân Đông Hiệp
L01545,R079,2026-06-04,Cơm tấm sườn bì chả,43000,41,25000,9,6,3,delivery,16:00,150000,108000,0.667,Sinh viên,Cơm tấm,Phường Bình Trưng
L01546,R080,2026-06-04,Cơm tấm bì,43000,41,25000,1,0,1,pickup,09:30,0,0,0.0,Dân cư đông,Cơm tấm,Phường An Hội Đông
L01547,R080,2026-06-04,Cơm tấm sườn nướng,33000,48,17000,1,0,1,delivery,09:30,0,0,0.0,Dân cư đông,Cơm tấm,Phường An Hội Đông
L01548,R080,2026-06-04,Cơm tấm đặc biệt,34000,44,19000,1,0,1,pickup,09:45,0,0,0.0,Dân cư đông,Cơm tấm,Phường An Hội Đông
L01549,R080,2026-06-04,Cơm tấm sườn bì chả,31000,45,17000,1,0,1,delivery,09:15,0,0,0.0,Dân cư đông,Cơm tấm,Phường An Hội Đông
L01550,R080,2026-06-04,Cơm tấm sườn trứng,29000,43,17000,1,0,1,pickup,09:45,0,0,0.0,Dân cư đông,Cơm tấm,Phường An Hội Đông
L01551,R081,2026-06-04,Bún riêu cua mọc,45000,53,21000,4,2,2,pickup,09:00,42000,48000,0.5,Công nhân,Bún riêu,Phường Đông Hòa
L01552,R081,2026-06-04,Bún riêu cua đồng,51000,58,21000,3,2,1,pickup,09:15,42000,60000,0.667,Công nhân,Bún riêu,Phường Đông Hòa
L01553,R081,2026-06-04,Bún riêu cua,37000,55,17000,3,1,2,pickup,09:00,17000,20000,0.333,Công nhân,Bún riêu,Phường Đông Hòa
L01554,R081,2026-06-04,Bún riêu thập cẩm,38000,52,18000,4,2,2,pickup,09:15,36000,40000,0.5,Công nhân,Bún riêu,Phường Đông Hòa
L01555,R082,2026-06-04,Hủ tiếu bò kho,48000,52,23000,9,8,1,delivery,19:15,184000,200000,0.889,Sinh viên,Hủ tiếu,Phường Tăng Nhơn Phú
L01556,R082,2026-06-04,Hủ tiếu mì,59000,52,28000,9,6,3,delivery,19:15,168000,186000,0.667,Sinh viên,Hủ tiếu,Phường Tăng Nhơn Phú
L01557,R083,2026-06-04,Cơm tấm sườn bì chả,35000,30,24000,2,0,2,delivery,14:15,0,0,0.0,Trung tâm,Cơm tấm,Phường Sài Gòn
L01558,R083,2026-06-04,Cơm tấm đặc biệt,30000,37,19000,2,1,1,delivery,14:15,19000,11000,0.5,Trung tâm,Cơm tấm,Phường Sài Gòn
L01559,R083,2026-06-04,Cơm tấm sườn nướng,35000,31,24000,2,0,2,delivery,14:30,0,0,0.0,Trung tâm,Cơm tấm,Phường Sài Gòn
L01560,R084,2026-06-04,Bún riêu thập cẩm,46000,43,26000,1,0,1,delivery,18:15,0,0,0.0,Sinh viên,Bún riêu,Phường Hiệp Bình
L01561,R085,2026-06-04,Bánh mì xíu mại,20000,57,9000,16,12,4,pickup,20:30,108000,132000,0.75,Sinh viên,Bánh mì,Phường Tăng Nhơn Phú
L01562,R086,2026-06-04,Phở gà,53000,56,23000,1,0,1,delivery,10:30,0,0,0.0,Dân cư đông,Phở,Phường Tân Sơn Nhất
L01563,R086,2026-06-04,Phở bò chín,50000,55,22000,1,0,1,delivery,10:45,0,0,0.0,Dân cư đông,Phở,Phường Tân Sơn Nhất
L01564,R086,2026-06-04,Phở bò viên,41000,60,16000,1,0,1,delivery,10:00,0,0,0.0,Dân cư đông,Phở,Phường Tân Sơn Nhất
L01565,R086,2026-06-04,Phở bò tái,44000,52,21000,1,0,1,delivery,10:30,0,0,0.0,Dân cư đông,Phở,Phường Tân Sơn Nhất
L01566,R086,2026-06-04,Phở bò tái nạm,54000,56,24000,1,0,1,delivery,10:00,0,0,0.0,Dân cư đông,Phở,Phường Tân Sơn Nhất
L01567,R087,2026-06-04,Phở gà,49000,30,34000,11,5,6,pickup,13:00,170000,75000,0.455,Công nhân,Phở,Phường Thuận An
L01568,R087,2026-06-04,Phở bò tái,37000,30,26000,15,5,10,pickup,13:15,130000,55000,0.333,Công nhân,Phở,Phường Thuận An
L01569,R088,2026-06-04,Cơm tấm bì,48000,58,20000,2,1,1,delivery,09:45,20000,28000,0.5,Dân cư đông,Cơm tấm,Phường Gò Vấp
L01570,R088,2026-06-04,Cơm tấm sườn trứng,31000,59,13000,2,1,1,pickup,09:15,13000,18000,0.5,Dân cư đông,Cơm tấm,Phường Gò Vấp
L01571,R088,2026-06-04,Cơm tấm sườn bì chả,38000,60,15000,3,2,1,pickup,09:45,30000,46000,0.667,Dân cư đông,Cơm tấm,Phường Gò Vấp
L01572,R088,2026-06-04,Cơm tấm đặc biệt,41000,60,16000,2,1,1,pickup,09:30,16000,25000,0.5,Dân cư đông,Cơm tấm,Phường Gò Vấp
L01573,R088,2026-06-04,Cơm tấm sườn nướng,42000,54,19000,3,1,2,pickup,09:30,19000,23000,0.333,Dân cư đông,Cơm tấm,Phường Gò Vấp
L01574,R089,2026-06-04,Hủ tiếu Nam Vang,42000,30,29000,1,0,1,pickup,15:00,0,0,0.0,Công nhân,Hủ tiếu,Phường Đông Hòa
L01575,R089,2026-06-04,Hủ tiếu bò kho,54000,38,33000,1,0,1,delivery,15:00,0,0,0.0,Công nhân,Hủ tiếu,Phường Đông Hòa
L01576,R089,2026-06-04,Hủ tiếu sa tế,40000,32,27000,1,0,1,delivery,15:45,0,0,0.0,Công nhân,Hủ tiếu,Phường Đông Hòa
L01577,R089,2026-06-04,Hủ tiếu thập cẩm,37000,37,23000,1,0,1,delivery,15:00,0,0,0.0,Công nhân,Hủ tiếu,Phường Đông Hòa
L01578,R090,2026-06-04,Hủ tiếu sa tế,54000,38,33000,18,7,11,delivery,09:15,231000,147000,0.389,Sinh viên,Hủ tiếu,Phường Thủ Đức
L01579,R091,2026-06-04,Bánh mì xíu mại,27000,59,11000,3,1,2,pickup,12:45,11000,16000,0.333,Dân cư đông,Bánh mì,Phường Xóm Chiếu
L01580,R092,2026-06-04,Cơm tấm bì,42000,38,26000,3,0,3,pickup,17:45,0,0,0.0,Dân cư đông,Cơm tấm,Phường Gia Định
L01581,R092,2026-06-04,Cơm tấm sườn nướng,42000,39,26000,3,1,2,delivery,17:30,26000,16000,0.333,Dân cư đông,Cơm tấm,Phường Gia Định
L01582,R092,2026-06-04,Cơm tấm sườn trứng,31000,33,21000,2,1,1,delivery,17:15,21000,10000,0.5,Dân cư đông,Cơm tấm,Phường Gia Định
L01583,R092,2026-06-04,Cơm tấm đặc biệt,40000,37,25000,3,0,3,pickup,17:00,0,0,0.0,Dân cư đông,Cơm tấm,Phường Gia Định
L01584,R092,2026-06-04,Cơm tấm sườn bì chả,37000,38,23000,2,1,1,pickup,17:45,23000,14000,0.5,Dân cư đông,Cơm tấm,Phường Gia Định
L01585,R093,2026-06-04,Phở bò tái,62000,40,37000,6,4,2,delivery,09:00,148000,100000,0.667,Công nhân,Phở,Phường Tân Đông Hiệp
L01586,R093,2026-06-04,Phở bò chín,53000,36,34000,4,1,3,delivery,09:15,34000,19000,0.25,Công nhân,Phở,Phường Tân Đông Hiệp
L01587,R093,2026-06-04,Phở bò tái nạm,43000,40,26000,5,3,2,delivery,09:30,78000,51000,0.6,Công nhân,Phở,Phường Tân Đông Hiệp
L01588,R093,2026-06-04,Phở gà,51000,35,33000,6,2,4,pickup,09:00,66000,36000,0.333,Công nhân,Phở,Phường Tân Đông Hiệp
L01589,R094,2026-06-04,Hủ tiếu thập cẩm,41000,48,21000,7,4,3,delivery,12:00,84000,80000,0.571,Dân cư đông,Hủ tiếu,Phường Bình Lợi Trung
L01590,R095,2026-06-04,Cơm tấm bì,35000,60,14000,2,1,1,pickup,14:15,14000,21000,0.5,Công nhân,Cơm tấm,Phường Lái Thiêu
L01591,R095,2026-06-04,Cơm tấm đặc biệt,27000,57,12000,2,1,1,pickup,14:00,12000,15000,0.5,Công nhân,Cơm tấm,Phường Lái Thiêu
L01592,R095,2026-06-04,Cơm tấm sườn nướng,40000,58,17000,2,1,1,delivery,14:45,17000,23000,0.5,Công nhân,Cơm tấm,Phường Lái Thiêu
L01593,R095,2026-06-04,Cơm tấm sườn trứng,44000,60,18000,2,1,1,pickup,14:00,18000,26000,0.5,Công nhân,Cơm tấm,Phường Lái Thiêu
L01594,R096,2026-06-04,Cơm gà luộc,40000,38,25000,10,4,6,pickup,14:00,100000,60000,0.4,Công nhân,Cơm văn phòng,Phường Lái Thiêu
L01595,R096,2026-06-04,Cơm thịt kho trứng,38000,44,21000,10,7,3,pickup,14:45,147000,119000,0.7,Công nhân,Cơm văn phòng,Phường Lái Thiêu
L01596,R097,2026-06-04,Hủ tiếu bò kho,40000,53,19000,3,2,1,pickup,20:15,38000,42000,0.667,Công nhân,Hủ tiếu,Phường Tân Đông Hiệp
L01597,R097,2026-06-04,Hủ tiếu sa tế,51000,50,26000,2,1,1,delivery,20:45,26000,25000,0.5,Công nhân,Hủ tiếu,Phường Tân Đông Hiệp
L01598,R097,2026-06-04,Hủ tiếu mì,56000,49,29000,2,1,1,delivery,20:30,29000,27000,0.5,Công nhân,Hủ tiếu,Phường Tân Đông Hiệp
L01599,R098,2026-06-04,Bún riêu cua mọc,45000,40,27000,2,1,1,delivery,16:15,27000,18000,0.5,Trung tâm,Bún riêu,Phường Xuân Hòa
L01600,R099,2026-06-04,Cơm canh chua,40000,54,18000,1,0,1,pickup,09:45,0,0,0.0,Sinh viên,Cơm văn phòng,Phường An Khánh
L01601,R099,2026-06-04,Cơm gà xối mỡ,36000,60,14000,1,0,1,pickup,09:15,0,0,0.0,Sinh viên,Cơm văn phòng,Phường An Khánh
L01602,R099,2026-06-04,Cơm thịt kho trứng,37000,60,15000,1,0,1,pickup,09:15,0,0,0.0,Sinh viên,Cơm văn phòng,Phường An Khánh
L01603,R099,2026-06-04,Cơm sườn đậu hũ,31000,59,13000,1,0,1,pickup,09:30,0,0,0.0,Sinh viên,Cơm văn phòng,Phường An Khánh
L01604,R099,2026-06-04,Cơm gà luộc,35000,59,14000,1,0,1,pickup,09:15,0,0,0.0,Sinh viên,Cơm văn phòng,Phường An Khánh
L01605,R100,2026-06-04,Hủ tiếu bò kho,53000,44,30000,3,1,2,delivery,15:00,30000,23000,0.333,Trung tâm,Hủ tiếu,Phường Tân Định
L01606,R100,2026-06-04,Hủ tiếu Nam Vang,45000,38,28000,3,1,2,delivery,15:30,28000,17000,0.333,Trung tâm,Hủ tiếu,Phường Tân Định
L01607,R101,2026-06-04,Phở bò tái,53000,30,37000,1,0,1,pickup,09:30,0,0,0.0,Công nhân,Phở,Phường Bình Hòa
L01608,R101,2026-06-04,Phở bò chín,54000,30,38000,1,0,1,pickup,09:15,0,0,0.0,Công nhân,Phở,Phường Bình Hòa
L01609,R101,2026-06-04,Phở bò viên,50000,31,34000,1,0,1,pickup,09:45,0,0,0.0,Công nhân,Phở,Phường Bình Hòa
L01610,R102,2026-06-04,Bún bò thập cẩm,52000,53,24000,1,0,1,delivery,15:30,0,0,0.0,Sinh viên,Bún bò,Phường Thủ Đức
L01611,R102,2026-06-04,Bún bò viên,48000,50,24000,2,1,1,pickup,15:30,24000,24000,0.5,Sinh viên,Bún bò,Phường Thủ Đức
L01612,R102,2026-06-04,Bún bò giò heo,43000,50,22000,1,0,1,pickup,15:15,0,0,0.0,Sinh viên,Bún bò,Phường Thủ Đức
L01613,R102,2026-06-04,Bún bò Huế đặc biệt,52000,55,23000,1,0,1,pickup,15:30,0,0,0.0,Sinh viên,Bún bò,Phường Thủ Đức
L01614,R103,2026-06-04,Cơm sườn đậu hũ,40000,33,27000,6,3,3,delivery,11:30,81000,39000,0.5,Công nhân,Cơm văn phòng,Phường Đông Hòa
L01615,R103,2026-06-04,Cơm gà luộc,37000,31,26000,8,4,4,pickup,11:15,104000,44000,0.5,Công nhân,Cơm văn phòng,Phường Đông Hòa
L01616,R103,2026-06-04,Cơm gà xối mỡ,36000,41,21000,8,5,3,pickup,11:00,105000,75000,0.625,Công nhân,Cơm văn phòng,Phường Đông Hòa
L01617,R104,2026-06-04,Bánh mì xíu mại,21000,44,12000,1,0,1,pickup,19:30,0,0,0.0,Dân cư đông,Bánh mì,Phường Thông Tây Hội
L01618,R104,2026-06-04,Bánh mì trứng,23000,45,13000,1,0,1,pickup,19:15,0,0,0.0,Dân cư đông,Bánh mì,Phường Thông Tây Hội
L01619,R104,2026-06-04,Bánh mì chả lụa,32000,45,18000,1,0,1,pickup,19:15,0,0,0.0,Dân cư đông,Bánh mì,Phường Thông Tây Hội
L01620,R104,2026-06-04,Bánh mì gà,22000,52,11000,1,0,1,pickup,19:15,0,0,0.0,Dân cư đông,Bánh mì,Phường Thông Tây Hội
L01621,R104,2026-06-04,Bánh mì thịt nguội,24000,45,13000,1,0,1,pickup,19:00,0,0,0.0,Dân cư đông,Bánh mì,Phường Thông Tây Hội
L01622,R105,2026-06-04,Bánh mì trứng,25000,30,18000,6,2,4,pickup,16:15,36000,14000,0.333,Sinh viên,Bánh mì,Phường Tam Bình
L01623,R105,2026-06-04,Bánh mì chả lụa,25000,30,18000,6,2,4,pickup,16:00,36000,14000,0.333,Sinh viên,Bánh mì,Phường Tam Bình
L01624,R106,2026-06-04,Phở bò viên,42000,51,21000,8,5,3,pickup,11:45,105000,105000,0.625,Công nhân,Phở,Phường An Phú
L01625,R106,2026-06-04,Phở bò chín,56000,60,22000,6,5,1,pickup,11:45,110000,170000,0.833,Công nhân,Phở,Phường An Phú
L01626,R106,2026-06-04,Phở bò tái,43000,53,20000,6,5,1,pickup,11:00,100000,115000,0.833,Công nhân,Phở,Phường An Phú
L01627,R107,2026-06-04,Hủ tiếu bò kho,42000,39,26000,13,7,6,pickup,09:30,182000,112000,0.538,Dân cư đông,Hủ tiếu,Phường Gò Vấp
L01628,R108,2026-06-04,Cơm tấm sườn nướng,45000,47,24000,4,2,2,pickup,16:45,48000,42000,0.5,Sinh viên,Cơm tấm,Phường Thủ Đức
L01629,R108,2026-06-04,Cơm tấm bì,33000,51,16000,3,2,1,pickup,16:30,32000,34000,0.667,Sinh viên,Cơm tấm,Phường Thủ Đức
L01630,R108,2026-06-04,Cơm tấm sườn trứng,36000,50,18000,4,2,2,pickup,16:15,36000,36000,0.5,Sinh viên,Cơm tấm,Phường Thủ Đức
L01631,R108,2026-06-04,Cơm tấm sườn bì chả,30000,45,16000,4,2,2,pickup,16:30,32000,28000,0.5,Sinh viên,Cơm tấm,Phường Thủ Đức
L01632,R109,2026-06-04,Hủ tiếu mì,39000,55,18000,1,0,1,delivery,11:15,0,0,0.0,Trung tâm,Hủ tiếu,Phường Sài Gòn
L01633,R109,2026-06-04,Hủ tiếu thập cẩm,58000,60,23000,1,0,1,pickup,11:15,0,0,0.0,Trung tâm,Hủ tiếu,Phường Sài Gòn
L01634,R109,2026-06-04,Hủ tiếu Nam Vang,48000,60,19000,1,0,1,delivery,11:30,0,0,0.0,Trung tâm,Hủ tiếu,Phường Sài Gòn
L01635,R110,2026-06-04,Phở bò tái,52000,60,21000,3,2,1,pickup,10:30,42000,62000,0.667,Sinh viên,Phở,Phường Hiệp Bình
L01636,R110,2026-06-04,Phở bò viên,52000,60,21000,3,2,1,pickup,10:45,42000,62000,0.667,Sinh viên,Phở,Phường Hiệp Bình
L01637,R111,2026-06-04,Bánh mì chả lụa,26000,48,14000,4,2,2,delivery,09:45,28000,24000,0.5,Sinh viên,Bánh mì,Phường Long Bình
L01638,R112,2026-06-04,Hủ tiếu mì,47000,49,24000,1,0,1,pickup,11:45,0,0,0.0,Dân cư đông,Hủ tiếu,Phường Gò Vấp
L01639,R112,2026-06-04,Hủ tiếu Nam Vang,44000,47,23000,1,0,1,delivery,11:30,0,0,0.0,Dân cư đông,Hủ tiếu,Phường Gò Vấp
L01640,R112,2026-06-04,Hủ tiếu sa tế,41000,51,20000,1,0,1,delivery,11:15,0,0,0.0,Dân cư đông,Hủ tiếu,Phường Gò Vấp
L01641,R112,2026-06-04,Hủ tiếu bò kho,54000,47,29000,1,0,1,delivery,11:45,0,0,0.0,Dân cư đông,Hủ tiếu,Phường Gò Vấp
L01642,R112,2026-06-04,Hủ tiếu thập cẩm,43000,52,21000,1,0,1,pickup,11:30,0,0,0.0,Dân cư đông,Hủ tiếu,Phường Gò Vấp
L01643,R113,2026-06-04,Bánh mì xíu mại,24000,46,13000,1,0,1,delivery,10:00,0,0,0.0,Dân cư đông,Bánh mì,Phường Tân Hòa
L01644,R113,2026-06-04,Bánh mì trứng,28000,51,14000,1,0,1,delivery,10:00,0,0,0.0,Dân cư đông,Bánh mì,Phường Tân Hòa
L01645,R113,2026-06-04,Bánh mì thịt nguội,25000,50,12000,1,0,1,delivery,10:45,0,0,0.0,Dân cư đông,Bánh mì,Phường Tân Hòa
L01646,R113,2026-06-04,Bánh mì gà,32000,44,18000,1,0,1,delivery,10:45,0,0,0.0,Dân cư đông,Bánh mì,Phường Tân Hòa
L01647,R113,2026-06-04,Bánh mì chả lụa,30000,48,16000,1,0,1,delivery,10:45,0,0,0.0,Dân cư đông,Bánh mì,Phường Tân Hòa
L01648,R114,2026-06-04,Cơm canh chua,34000,47,18000,1,0,1,pickup,10:45,0,0,0.0,Công nhân,Cơm văn phòng,Phường Bình Hòa
L01649,R114,2026-06-04,Cơm sườn đậu hũ,38000,42,22000,1,0,1,delivery,10:45,0,0,0.0,Công nhân,Cơm văn phòng,Phường Bình Hòa
L01650,R114,2026-06-04,Cơm gà xối mỡ,42000,37,26000,1,0,1,delivery,10:00,0,0,0.0,Công nhân,Cơm văn phòng,Phường Bình Hòa
L01651,R114,2026-06-04,Cơm gà luộc,44000,44,25000,1,0,1,pickup,10:15,0,0,0.0,Công nhân,Cơm văn phòng,Phường Bình Hòa
L01652,R115,2026-06-04,Cơm tấm đặc biệt,32000,38,20000,1,0,1,pickup,14:15,0,0,0.0,Dân cư đông,Cơm tấm,Phường Khánh Hội
L01653,R115,2026-06-04,Cơm tấm sườn bì chả,44000,38,27000,1,0,1,pickup,14:00,0,0,0.0,Dân cư đông,Cơm tấm,Phường Khánh Hội
L01654,R116,2026-06-04,Cơm canh chua,39000,39,24000,2,0,2,pickup,20:00,0,0,0.0,Dân cư đông,Cơm văn phòng,Phường Bình Lợi Trung
L01655,R116,2026-06-04,Cơm sườn đậu hũ,37000,36,24000,2,0,2,pickup,20:45,0,0,0.0,Dân cư đông,Cơm văn phòng,Phường Bình Lợi Trung
L01656,R117,2026-06-04,Bánh mì xíu mại,19000,44,11000,1,0,1,delivery,09:30,0,0,0.0,Sinh viên,Bánh mì,Phường Hiệp Bình
L01657,R117,2026-06-04,Bánh mì trứng,18000,44,10000,1,0,1,delivery,09:30,0,0,0.0,Sinh viên,Bánh mì,Phường Hiệp Bình
L01658,R117,2026-06-04,Bánh mì gà,29000,35,19000,1,0,1,delivery,09:30,0,0,0.0,Sinh viên,Bánh mì,Phường Hiệp Bình
L01659,R118,2026-06-04,Bánh mì chả lụa,21000,30,15000,3,1,2,pickup,10:15,15000,6000,0.333,Dân cư đông,Bánh mì,Phường Gò Vấp
L01660,R118,2026-06-04,Bánh mì gà,28000,32,19000,4,1,3,pickup,10:30,19000,9000,0.25,Dân cư đông,Bánh mì,Phường Gò Vấp
L01661,R118,2026-06-04,Bánh mì trứng,27000,35,18000,3,1,2,pickup,10:30,18000,9000,0.333,Dân cư đông,Bánh mì,Phường Gò Vấp
L01662,R119,2026-06-04,Bún bò thập cẩm,42000,57,18000,5,4,1,pickup,14:00,72000,96000,0.8,Công nhân,Bún bò,Phường Đông Hòa
L01663,R120,2026-06-04,Bún bò Huế đặc biệt,51000,51,25000,2,1,1,pickup,11:00,25000,26000,0.5,Dân cư đông,Bún bò,Phường Hạnh Thông
L01664,R120,2026-06-04,Bún bò thập cẩm,52000,58,22000,1,0,1,pickup,11:15,0,0,0.0,Dân cư đông,Bún bò,Phường Hạnh Thông
L01665,R120,2026-06-04,Bún bò viên,53000,55,24000,1,0,1,pickup,11:45,0,0,0.0,Dân cư đông,Bún bò,Phường Hạnh Thông
L01666,R120,2026-06-04,Bún bò gân,46000,52,22000,1,0,1,pickup,11:45,0,0,0.0,Dân cư đông,Bún bò,Phường Hạnh Thông
L01667,R120,2026-06-04,Bún bò giò heo,45000,50,22000,1,0,1,pickup,11:15,0,0,0.0,Dân cư đông,Bún bò,Phường Hạnh Thông
L01668,R121,2026-06-04,Cơm sườn đậu hũ,32000,41,19000,1,0,1,pickup,12:00,0,0,0.0,Dân cư đông,Cơm văn phòng,Phường Gò Vấp
L01669,R121,2026-06-04,Cơm canh chua,37000,35,24000,1,0,1,pickup,12:15,0,0,0.0,Dân cư đông,Cơm văn phòng,Phường Gò Vấp
L01670,R121,2026-06-04,Cơm thịt kho trứng,38000,37,24000,1,0,1,pickup,12:15,0,0,0.0,Dân cư đông,Cơm văn phòng,Phường Gò Vấp
L01671,R121,2026-06-04,Cơm gà luộc,36000,41,21000,1,0,1,pickup,12:30,0,0,0.0,Dân cư đông,Cơm văn phòng,Phường Gò Vấp
L01672,R121,2026-06-04,Cơm gà xối mỡ,39000,36,25000,1,0,1,pickup,12:15,0,0,0.0,Dân cư đông,Cơm văn phòng,Phường Gò Vấp
L01673,R122,2026-06-04,Bún riêu cua mọc,39000,41,23000,7,4,3,pickup,09:15,92000,64000,0.571,Sinh viên,Bún riêu,Phường Linh Xuân
L01674,R123,2026-06-04,Cơm gà xối mỡ,32000,51,16000,15,12,3,delivery,16:15,192000,192000,0.8,Sinh viên,Cơm văn phòng,Phường Bình Trưng
L01675,R124,2026-06-04,Bún bò thập cẩm,52000,31,36000,3,1,2,pickup,15:45,36000,16000,0.333,Sinh viên,Bún bò,Phường Cát Lái
L01676,R124,2026-06-04,Bún bò giò heo,42000,37,26000,3,1,2,delivery,15:15,26000,16000,0.333,Sinh viên,Bún bò,Phường Cát Lái
L01677,R124,2026-06-04,Bún bò gân,56000,30,39000,3,1,2,delivery,15:15,39000,17000,0.333,Sinh viên,Bún bò,Phường Cát Lái
L01678,R124,2026-06-04,Bún bò Huế đặc biệt,52000,30,36000,2,0,2,delivery,15:15,0,0,0.0,Sinh viên,Bún bò,Phường Cát Lái
L01679,R124,2026-06-04,Bún bò viên,58000,33,39000,3,1,2,pickup,15:45,39000,19000,0.333,Sinh viên,Bún bò,Phường Cát Lái
L01680,R125,2026-06-04,Bánh mì gà,33000,50,16000,3,2,1,delivery,15:15,32000,34000,0.667,Công nhân,Bánh mì,Phường Lái Thiêu
L01681,R125,2026-06-04,Bánh mì chả lụa,21000,57,9000,2,1,1,pickup,15:15,9000,12000,0.5,Công nhân,Bánh mì,Phường Lái Thiêu
L01682,R126,2026-06-04,Phở bò viên,45000,33,30000,2,0,2,delivery,11:00,0,0,0.0,Dân cư đông,Phở,Phường Gò Vấp
L01683,R126,2026-06-04,Phở bò tái nạm,55000,34,36000,2,1,1,delivery,11:15,36000,19000,0.5,Dân cư đông,Phở,Phường Gò Vấp
L01684,R126,2026-06-04,Phở gà,60000,34,40000,2,1,1,delivery,11:30,40000,20000,0.5,Dân cư đông,Phở,Phường Gò Vấp
L01685,R126,2026-06-04,Phở bò chín,49000,30,34000,3,1,2,delivery,11:15,34000,15000,0.333,Dân cư đông,Phở,Phường Gò Vấp
L01686,R126,2026-06-04,Phở bò tái,38000,30,27000,2,0,2,delivery,11:00,0,0,0.0,Dân cư đông,Phở,Phường Gò Vấp
L01687,R127,2026-06-04,Cơm sườn đậu hũ,35000,30,24000,2,1,1,delivery,18:30,24000,11000,0.5,Dân cư đông,Cơm văn phòng,Phường Tân Sơn Nhất
L01688,R127,2026-06-04,Cơm gà xối mỡ,40000,30,28000,2,0,2,delivery,18:15,0,0,0.0,Dân cư đông,Cơm văn phòng,Phường Tân Sơn Nhất
L01689,R127,2026-06-04,Cơm gà luộc,38000,35,25000,2,1,1,delivery,18:15,25000,13000,0.5,Dân cư đông,Cơm văn phòng,Phường Tân Sơn Nhất
L01690,R127,2026-06-04,Cơm canh chua,37000,30,26000,2,1,1,delivery,18:00,26000,11000,0.5,Dân cư đông,Cơm văn phòng,Phường Tân Sơn Nhất
L01691,R127,2026-06-04,Cơm thịt kho trứng,50000,32,34000,2,0,2,delivery,18:30,0,0,0.0,Dân cư đông,Cơm văn phòng,Phường Tân Sơn Nhất
L01692,R128,2026-06-04,Bánh mì trứng,26000,37,16000,4,1,3,delivery,18:30,16000,10000,0.25,Trung tâm,Bánh mì,Phường Đức Nhuận
L01693,R128,2026-06-04,Bánh mì chả lụa,21000,30,15000,3,0,3,delivery,18:30,0,0,0.0,Trung tâm,Bánh mì,Phường Đức Nhuận
L01694,R129,2026-06-04,Phở bò tái nạm,45000,47,24000,2,1,1,pickup,11:15,24000,21000,0.5,Công nhân,Phở,Phường Dĩ An
L01695,R129,2026-06-04,Phở bò tái,50000,49,26000,2,1,1,pickup,11:00,26000,24000,0.5,Công nhân,Phở,Phường Dĩ An
L01696,R129,2026-06-04,Phở gà,57000,49,29000,2,1,1,pickup,11:30,29000,28000,0.5,Công nhân,Phở,Phường Dĩ An
L01697,R130,2026-06-04,Phở bò viên,37000,48,19000,4,3,1,delivery,10:45,57000,54000,0.75,Công nhân,Phở,Phường Lái Thiêu
L01698,R130,2026-06-04,Phở gà,45000,39,27000,4,1,3,delivery,10:15,27000,18000,0.25,Công nhân,Phở,Phường Lái Thiêu
L01699,R130,2026-06-04,Phở bò chín,51000,44,29000,3,1,2,delivery,10:15,29000,22000,0.333,Công nhân,Phở,Phường Lái Thiêu
L01700,R130,2026-06-04,Phở bò tái,44000,41,26000,3,1,2,delivery,10:00,26000,18000,0.333,Công nhân,Phở,Phường Lái Thiêu
L01701,R131,2026-06-04,Bún bò giò heo,46000,54,21000,1,0,1,delivery,20:45,0,0,0.0,Sinh viên,Bún bò,Phường Phước Long
L01702,R131,2026-06-04,Bún bò viên,48000,54,22000,1,0,1,pickup,20:15,0,0,0.0,Sinh viên,Bún bò,Phường Phước Long
L01703,R131,2026-06-04,Bún bò thập cẩm,46000,56,20000,1,0,1,delivery,20:30,0,0,0.0,Sinh viên,Bún bò,Phường Phước Long
L01704,R131,2026-06-04,Bún bò Huế đặc biệt,37000,53,17000,1,0,1,delivery,20:30,0,0,0.0,Sinh viên,Bún bò,Phường Phước Long
L01705,R132,2026-06-04,Cơm sườn đậu hũ,38000,50,19000,4,2,2,pickup,09:00,38000,38000,0.5,Sinh viên,Cơm văn phòng,Phường Linh Xuân
L01706,R132,2026-06-04,Cơm canh chua,47000,51,23000,3,2,1,pickup,09:00,46000,48000,0.667,Sinh viên,Cơm văn phòng,Phường Linh Xuân
L01707,R132,2026-06-04,Cơm thịt kho trứng,49000,49,25000,4,3,1,delivery,09:15,75000,72000,0.75,Sinh viên,Cơm văn phòng,Phường Linh Xuân
L01708,R133,2026-06-04,Hủ tiếu bò kho,49000,35,32000,13,6,7,delivery,15:15,192000,102000,0.462,Sinh viên,Hủ tiếu,Phường Cát Lái
L01709,R134,2026-06-04,Cơm tấm sườn trứng,41000,30,29000,1,0,1,delivery,15:30,0,0,0.0,Dân cư đông,Cơm tấm,Phường An Nhơn
L01710,R134,2026-06-04,Cơm tấm sườn nướng,48000,36,31000,1,0,1,delivery,15:45,0,0,0.0,Dân cư đông,Cơm tấm,Phường An Nhơn
L01711,R134,2026-06-04,Cơm tấm đặc biệt,41000,30,29000,1,0,1,delivery,15:00,0,0,0.0,Dân cư đông,Cơm tấm,Phường An Nhơn
L01712,R135,2026-06-04,Bún bò giò heo,48000,44,27000,6,3,3,pickup,20:15,81000,63000,0.5,Sinh viên,Bún bò,Phường Cát Lái
L01713,R135,2026-06-04,Bún bò thập cẩm,52000,51,25000,6,4,2,pickup,20:15,100000,108000,0.667,Sinh viên,Bún bò,Phường Cát Lái
L01714,R135,2026-06-04,Bún bò viên,58000,46,31000,7,5,2,pickup,20:00,155000,135000,0.714,Sinh viên,Bún bò,Phường Cát Lái
L01715,R136,2026-06-04,Bún bò viên,45000,59,18000,5,3,2,delivery,10:45,54000,81000,0.6,Công nhân,Bún bò,Phường Đông Hòa
L01716,R136,2026-06-04,Bún bò thập cẩm,49000,55,22000,6,5,1,delivery,10:15,110000,135000,0.833,Công nhân,Bún bò,Phường Đông Hòa
L01717,R136,2026-06-04,Bún bò gân,46000,51,23000,6,5,1,delivery,10:30,115000,115000,0.833,Công nhân,Bún bò,Phường Đông Hòa
L01718,R137,2026-06-04,Hủ tiếu thập cẩm,40000,44,22000,1,0,1,delivery,15:30,0,0,0.0,Dân cư đông,Hủ tiếu,Phường Tân Sơn Nhất
L01719,R137,2026-06-04,Hủ tiếu Nam Vang,44000,43,25000,1,0,1,delivery,15:45,0,0,0.0,Dân cư đông,Hủ tiếu,Phường Tân Sơn Nhất
L01720,R137,2026-06-04,Hủ tiếu mì,47000,42,27000,1,0,1,delivery,15:15,0,0,0.0,Dân cư đông,Hủ tiếu,Phường Tân Sơn Nhất
L01721,R137,2026-06-04,Hủ tiếu bò kho,43000,44,24000,1,0,1,delivery,15:00,0,0,0.0,Dân cư đông,Hủ tiếu,Phường Tân Sơn Nhất
L01722,R137,2026-06-04,Hủ tiếu sa tế,54000,45,30000,1,0,1,delivery,15:45,0,0,0.0,Dân cư đông,Hủ tiếu,Phường Tân Sơn Nhất
L01723,R138,2026-06-04,Cơm tấm sườn trứng,26000,53,12000,1,0,1,delivery,16:45,0,0,0.0,Công nhân,Cơm tấm,Phường Đông Hòa
L01724,R138,2026-06-04,Cơm tấm sườn nướng,33000,60,13000,1,0,1,delivery,16:45,0,0,0.0,Công nhân,Cơm tấm,Phường Đông Hòa
L01725,R138,2026-06-04,Cơm tấm sườn bì chả,37000,57,16000,1,0,1,delivery,16:30,0,0,0.0,Công nhân,Cơm tấm,Phường Đông Hòa
L01726,R138,2026-06-04,Cơm tấm đặc biệt,32000,60,13000,1,0,1,delivery,16:00,0,0,0.0,Công nhân,Cơm tấm,Phường Đông Hòa
L01727,R139,2026-06-04,Bánh mì thịt nguội,19000,60,8000,3,2,1,delivery,09:45,16000,22000,0.667,Ngoại ô,Bánh mì,Xã Bà Điểm
L01728,R139,2026-06-04,Bánh mì xíu mại,20000,54,9000,2,1,1,delivery,09:30,9000,11000,0.5,Ngoại ô,Bánh mì,Xã Bà Điểm
L01729,R139,2026-06-04,Bánh mì gà,22000,55,10000,3,2,1,delivery,09:15,20000,24000,0.667,Ngoại ô,Bánh mì,Xã Bà Điểm
L01730,R140,2026-06-04,Bún riêu cua mọc,39000,41,23000,4,2,2,delivery,17:30,46000,32000,0.5,Ngoại ô,Bún riêu,Xã Hiệp Phước
L01731,R140,2026-06-04,Bún riêu cua,38000,43,22000,5,3,2,pickup,17:30,66000,48000,0.6,Ngoại ô,Bún riêu,Xã Hiệp Phước
L01732,R141,2026-06-04,Cơm thịt kho trứng,31000,30,22000,2,1,1,delivery,15:30,22000,9000,0.5,Sinh viên,Cơm văn phòng,Phường Long Bình
L01733,R141,2026-06-04,Cơm sườn đậu hũ,34000,36,22000,2,0,2,delivery,15:00,0,0,0.0,Sinh viên,Cơm văn phòng,Phường Long Bình
L01734,R142,2026-06-04,Bún riêu cua mọc,31000,50,16000,6,5,1,pickup,11:00,80000,75000,0.833,Công nhân,Bún riêu,Phường Thuận An
L01735,R142,2026-06-04,Bún riêu thập cẩm,39000,49,20000,6,4,2,pickup,11:15,80000,76000,0.667,Công nhân,Bún riêu,Phường Thuận An
L01736,R142,2026-06-04,Bún riêu cua,38000,49,19000,6,4,2,pickup,11:30,76000,76000,0.667,Công nhân,Bún riêu,Phường Thuận An
L01737,R142,2026-06-04,Bún riêu cua đồng,37000,49,19000,4,2,2,pickup,11:30,38000,36000,0.5,Công nhân,Bún riêu,Phường Thuận An
L01738,R143,2026-06-04,Bánh mì xíu mại,23000,45,13000,2,1,1,delivery,16:15,13000,10000,0.5,Sinh viên,Bánh mì,Phường Cát Lái
L01739,R143,2026-06-04,Bánh mì thịt nguội,18000,43,10000,2,1,1,delivery,16:30,10000,8000,0.5,Sinh viên,Bánh mì,Phường Cát Lái
L01740,R143,2026-06-04,Bánh mì chả lụa,15000,50,8000,2,1,1,delivery,16:15,8000,7000,0.5,Sinh viên,Bánh mì,Phường Cát Lái
L01741,R143,2026-06-04,Bánh mì gà,23000,45,13000,2,1,1,pickup,16:00,13000,10000,0.5,Sinh viên,Bánh mì,Phường Cát Lái
L01742,R144,2026-06-04,Bún bò Huế đặc biệt,53000,60,21000,3,2,1,pickup,15:15,42000,64000,0.667,Sinh viên,Bún bò,Phường Phước Long
L01743,R144,2026-06-04,Bún bò giò heo,46000,56,20000,3,2,1,pickup,15:15,40000,52000,0.667,Sinh viên,Bún bò,Phường Phước Long
L01744,R144,2026-06-04,Bún bò viên,37000,60,15000,3,2,1,pickup,15:15,30000,44000,0.667,Sinh viên,Bún bò,Phường Phước Long
L01745,R145,2026-06-04,Cơm tấm sườn bì chả,42000,49,21000,2,1,1,delivery,19:45,21000,21000,0.5,Trung tâm,Cơm tấm,Phường Phú Nhuận
L01746,R145,2026-06-04,Cơm tấm đặc biệt,42000,45,23000,2,1,1,delivery,19:30,23000,19000,0.5,Trung tâm,Cơm tấm,Phường Phú Nhuận
L01747,R145,2026-06-04,Cơm tấm bì,47000,50,24000,2,1,1,pickup,19:45,24000,23000,0.5,Trung tâm,Cơm tấm,Phường Phú Nhuận
L01748,R145,2026-06-04,Cơm tấm sườn trứng,34000,41,20000,1,0,1,pickup,19:45,0,0,0.0,Trung tâm,Cơm tấm,Phường Phú Nhuận
L01749,R146,2026-06-04,Bún bò giò heo,54000,50,27000,2,1,1,delivery,16:15,27000,27000,0.5,Công nhân,Bún bò,Phường Tân Đông Hiệp
L01750,R146,2026-06-04,Bún bò viên,41000,48,21000,2,1,1,delivery,16:30,21000,20000,0.5,Công nhân,Bún bò,Phường Tân Đông Hiệp
L01751,R146,2026-06-04,Bún bò gân,48000,54,22000,2,1,1,delivery,16:45,22000,26000,0.5,Công nhân,Bún bò,Phường Tân Đông Hiệp
L01752,R147,2026-06-04,Phở bò tái,42000,31,29000,3,1,2,delivery,14:00,29000,13000,0.333,Công nhân,Phở,Phường Dĩ An
L01753,R147,2026-06-04,Phở gà,61000,33,41000,4,1,3,delivery,14:45,41000,20000,0.25,Công nhân,Phở,Phường Dĩ An
L01754,R148,2026-06-04,Bún bò viên,52000,32,35000,3,1,2,delivery,17:00,35000,17000,0.333,Trung tâm,Bún bò,Phường Cầu Kiệu
L01755,R148,2026-06-04,Bún bò giò heo,46000,37,29000,3,1,2,delivery,17:00,29000,17000,0.333,Trung tâm,Bún bò,Phường Cầu Kiệu
L01756,R149,2026-06-04,Bún bò Huế đặc biệt,39000,39,24000,18,7,11,delivery,13:45,168000,105000,0.389,Sinh viên,Bún bò,Phường An Khánh
L01757,R000,2026-06-05,Bún bò Huế đặc biệt,52000,32,35000,9,3,6,pickup,18:00,105000,51000,0.333,Công nhân,Bún bò,Phường Đông Hòa
L01758,R000,2026-06-05,Bún bò gân,56000,32,38000,7,3,4,delivery,18:45,114000,54000,0.429,Công nhân,Bún bò,Phường Đông Hòa
L01759,R000,2026-06-05,Bún bò giò heo,58000,34,38000,8,5,3,pickup,18:45,190000,100000,0.625,Công nhân,Bún bò,Phường Đông Hòa
L01760,R001,2026-06-05,Cơm tấm sườn nướng,43000,43,25000,1,0,1,pickup,19:15,0,0,0.0,Ngoại ô,Cơm tấm,Xã Bình Chánh
L01761,R001,2026-06-05,Cơm tấm sườn bì chả,33000,45,18000,1,0,1,pickup,19:45,0,0,0.0,Ngoại ô,Cơm tấm,Xã Bình Chánh
L01762,R001,2026-06-05,Cơm tấm bì,46000,42,27000,1,0,1,pickup,19:00,0,0,0.0,Ngoại ô,Cơm tấm,Xã Bình Chánh
L01763,R002,2026-06-05,Hủ tiếu Nam Vang,64000,40,38000,3,2,1,delivery,20:00,76000,52000,0.667,Dân cư đông,Hủ tiếu,Phường An Nhơn
L01764,R002,2026-06-05,Hủ tiếu thập cẩm,43000,38,27000,2,1,1,delivery,20:15,27000,16000,0.5,Dân cư đông,Hủ tiếu,Phường An Nhơn
L01765,R002,2026-06-05,Hủ tiếu sa tế,51000,38,32000,3,1,2,pickup,20:45,32000,19000,0.333,Dân cư đông,Hủ tiếu,Phường An Nhơn
L01766,R002,2026-06-05,Hủ tiếu mì,37000,35,24000,2,0,2,delivery,20:45,0,0,0.0,Dân cư đông,Hủ tiếu,Phường An Nhơn
L01767,R002,2026-06-05,Hủ tiếu bò kho,44000,33,29000,3,1,2,delivery,20:15,29000,15000,0.333,Dân cư đông,Hủ tiếu,Phường An Nhơn
L01768,R003,2026-06-05,Phở bò tái,47000,60,19000,7,6,1,pickup,18:00,114000,168000,0.857,Công nhân,Phở,Phường Bình Hòa
L01769,R003,2026-06-05,Phở bò tái nạm,61000,51,30000,7,5,2,delivery,18:15,150000,155000,0.714,Công nhân,Phở,Phường Bình Hòa
L01770,R003,2026-06-05,Phở bò chín,45000,54,21000,5,4,1,delivery,18:00,84000,96000,0.8,Công nhân,Phở,Phường Bình Hòa
L01771,R003,2026-06-05,Phở bò viên,45000,59,18000,6,5,1,pickup,18:30,90000,135000,0.833,Công nhân,Phở,Phường Bình Hòa
L01772,R004,2026-06-05,Hủ tiếu sa tế,46000,52,22000,1,0,1,pickup,16:45,0,0,0.0,Sinh viên,Hủ tiếu,Phường Cát Lái
L01773,R004,2026-06-05,Hủ tiếu bò kho,51000,52,24000,1,0,1,pickup,16:45,0,0,0.0,Sinh viên,Hủ tiếu,Phường Cát Lái
L01774,R004,2026-06-05,Hủ tiếu mì,47000,53,22000,1,0,1,delivery,16:15,0,0,0.0,Sinh viên,Hủ tiếu,Phường Cát Lái
L01775,R004,2026-06-05,Hủ tiếu thập cẩm,57000,47,30000,1,0,1,pickup,16:15,0,0,0.0,Sinh viên,Hủ tiếu,Phường Cát Lái
L01776,R005,2026-06-05,Hủ tiếu mì,53000,48,28000,4,2,2,pickup,10:15,56000,50000,0.5,Sinh viên,Hủ tiếu,Phường Long Bình
L01777,R005,2026-06-05,Hủ tiếu bò kho,59000,55,27000,4,3,1,pickup,10:30,81000,96000,0.75,Sinh viên,Hủ tiếu,Phường Long Bình
L01778,R005,2026-06-05,Hủ tiếu sa tế,53000,57,23000,4,3,1,pickup,10:00,69000,90000,0.75,Sinh viên,Hủ tiếu,Phường Long Bình
L01779,R005,2026-06-05,Hủ tiếu thập cẩm,45000,57,19000,4,3,1,pickup,10:45,57000,78000,0.75,Sinh viên,Hủ tiếu,Phường Long Bình
L01780,R006,2026-06-05,Bún bò viên,53000,42,31000,2,1,1,delivery,17:45,31000,22000,0.5,Trung tâm,Bún bò,Phường Nhiêu Lộc
L01781,R006,2026-06-05,Bún bò gân,38000,44,21000,1,0,1,delivery,17:45,0,0,0.0,Trung tâm,Bún bò,Phường Nhiêu Lộc
L01782,R006,2026-06-05,Bún bò giò heo,51000,44,29000,2,1,1,delivery,17:30,29000,22000,0.5,Trung tâm,Bún bò,Phường Nhiêu Lộc
L01783,R006,2026-06-05,Bún bò Huế đặc biệt,57000,36,36000,2,1,1,delivery,17:30,36000,21000,0.5,Trung tâm,Bún bò,Phường Nhiêu Lộc
L01784,R007,2026-06-05,Phở bò viên,40000,31,28000,20,6,14,pickup,09:30,168000,72000,0.3,Dân cư đông,Phở,Phường An Hội Đông
L01785,R008,2026-06-05,Hủ tiếu thập cẩm,46000,45,25000,4,2,2,pickup,16:45,50000,42000,0.5,Công nhân,Hủ tiếu,Phường Thuận An
L01786,R008,2026-06-05,Hủ tiếu Nam Vang,52000,45,29000,5,3,2,delivery,16:15,87000,69000,0.6,Công nhân,Hủ tiếu,Phường Thuận An
L01787,R008,2026-06-05,Hủ tiếu sa tế,43000,44,24000,4,2,2,delivery,16:00,48000,38000,0.5,Công nhân,Hủ tiếu,Phường Thuận An
L01788,R009,2026-06-05,Cơm tấm đặc biệt,42000,53,20000,4,3,1,pickup,20:45,60000,66000,0.75,Dân cư đông,Cơm tấm,Phường Tân Bình
L01789,R009,2026-06-05,Cơm tấm sườn bì chả,47000,50,24000,4,3,1,pickup,20:15,72000,69000,0.75,Dân cư đông,Cơm tấm,Phường Tân Bình
L01790,R009,2026-06-05,Cơm tấm bì,35000,53,16000,4,2,2,pickup,20:30,32000,38000,0.5,Dân cư đông,Cơm tấm,Phường Tân Bình
L01791,R010,2026-06-05,Cơm tấm đặc biệt,51000,50,26000,1,0,1,delivery,19:45,0,0,0.0,Trung tâm,Cơm tấm,Phường Đức Nhuận
L01792,R010,2026-06-05,Cơm tấm sườn bì chả,28000,46,15000,1,0,1,delivery,19:30,0,0,0.0,Trung tâm,Cơm tấm,Phường Đức Nhuận
L01793,R010,2026-06-05,Cơm tấm bì,41000,47,22000,1,0,1,delivery,19:00,0,0,0.0,Trung tâm,Cơm tấm,Phường Đức Nhuận
L01794,R011,2026-06-05,Bánh mì gà,26000,30,18000,6,2,4,delivery,20:30,36000,16000,0.333,Ngoại ô,Bánh mì,Xã Hiệp Phước
L01795,R012,2026-06-05,Phở bò viên,52000,58,22000,2,1,1,delivery,20:30,22000,30000,0.5,Dân cư đông,Phở,Phường Khánh Hội
L01796,R012,2026-06-05,Phở gà,45000,53,21000,2,1,1,delivery,20:00,21000,24000,0.5,Dân cư đông,Phở,Phường Khánh Hội
L01797,R013,2026-06-05,Phở bò tái nạm,40000,52,19000,3,2,1,pickup,12:30,38000,42000,0.667,Sinh viên,Phở,Phường Long Bình
L01798,R013,2026-06-05,Phở bò tái,53000,56,23000,3,2,1,pickup,12:15,46000,60000,0.667,Sinh viên,Phở,Phường Long Bình
L01799,R013,2026-06-05,Phở bò viên,40000,53,19000,4,3,1,delivery,12:00,57000,63000,0.75,Sinh viên,Phở,Phường Long Bình
L01800,R013,2026-06-05,Phở bò chín,63000,53,30000,4,3,1,delivery,12:45,90000,99000,0.75,Sinh viên,Phở,Phường Long Bình
L01801,R013,2026-06-05,Phở gà,50000,53,24000,3,2,1,delivery,12:45,48000,52000,0.667,Sinh viên,Phở,Phường Long Bình
L01802,R014,2026-06-05,Bánh mì gà,22000,52,11000,1,0,1,pickup,12:30,0,0,0.0,Sinh viên,Bánh mì,Phường An Khánh
L01803,R014,2026-06-05,Bánh mì xíu mại,29000,53,14000,1,0,1,delivery,12:15,0,0,0.0,Sinh viên,Bánh mì,Phường An Khánh
L01804,R015,2026-06-05,Hủ tiếu mì,43000,37,27000,5,1,4,delivery,13:00,27000,16000,0.2,Sinh viên,Hủ tiếu,Phường Hiệp Bình
L01805,R015,2026-06-05,Hủ tiếu bò kho,47000,42,27000,6,4,2,delivery,13:45,108000,80000,0.667,Sinh viên,Hủ tiếu,Phường Hiệp Bình
L01806,R015,2026-06-05,Hủ tiếu Nam Vang,47000,44,26000,5,3,2,delivery,13:30,78000,63000,0.6,Sinh viên,Hủ tiếu,Phường Hiệp Bình
L01807,R016,2026-06-05,Phở gà,56000,43,32000,4,2,2,delivery,16:15,64000,48000,0.5,Sinh viên,Phở,Phường Tăng Nhơn Phú
L01808,R016,2026-06-05,Phở bò chín,51000,48,27000,4,2,2,delivery,16:15,54000,48000,0.5,Sinh viên,Phở,Phường Tăng Nhơn Phú
L01809,R016,2026-06-05,Phở bò tái nạm,48000,44,27000,4,2,2,delivery,16:00,54000,42000,0.5,Sinh viên,Phở,Phường Tăng Nhơn Phú
L01810,R017,2026-06-05,Cơm tấm bì,27000,32,18000,15,4,11,delivery,13:45,72000,36000,0.267,Công nhân,Cơm tấm,Phường Dĩ An
L01811,R018,2026-06-05,Cơm tấm sườn nướng,33000,42,19000,2,1,1,delivery,16:30,19000,14000,0.5,Công nhân,Cơm tấm,Phường Lái Thiêu
L01812,R019,2026-06-05,Bún bò gân,54000,43,31000,6,4,2,delivery,18:45,124000,92000,0.667,Sinh viên,Bún bò,Phường Long Bình
L01813,R019,2026-06-05,Bún bò thập cẩm,45000,44,25000,8,6,2,pickup,18:15,150000,120000,0.75,Sinh viên,Bún bò,Phường Long Bình
L01814,R020,2026-06-05,Phở bò tái nạm,52000,40,31000,1,0,1,delivery,09:00,0,0,0.0,Công nhân,Phở,Phường Đông Hòa
L01815,R020,2026-06-05,Phở gà,44000,39,27000,2,1,1,delivery,09:15,27000,17000,0.5,Công nhân,Phở,Phường Đông Hòa
L01816,R020,2026-06-05,Phở bò tái,54000,34,36000,2,0,2,delivery,09:45,0,0,0.0,Công nhân,Phở,Phường Đông Hòa
L01817,R020,2026-06-05,Phở bò chín,49000,44,27000,1,0,1,delivery,09:45,0,0,0.0,Công nhân,Phở,Phường Đông Hòa
L01818,R021,2026-06-05,Hủ tiếu bò kho,55000,46,30000,2,1,1,pickup,20:15,30000,25000,0.5,Sinh viên,Hủ tiếu,Phường Bình Trưng
L01819,R021,2026-06-05,Hủ tiếu Nam Vang,47000,39,29000,2,1,1,pickup,20:00,29000,18000,0.5,Sinh viên,Hủ tiếu,Phường Bình Trưng
L01820,R022,2026-06-05,Bánh mì xíu mại,29000,55,13000,2,1,1,delivery,18:00,13000,16000,0.5,Sinh viên,Bánh mì,Phường Long Bình
L01821,R022,2026-06-05,Bánh mì chả lụa,31000,60,12000,2,1,1,delivery,18:15,12000,19000,0.5,Sinh viên,Bánh mì,Phường Long Bình
L01822,R022,2026-06-05,Bánh mì trứng,20000,54,9000,2,1,1,pickup,18:00,9000,11000,0.5,Sinh viên,Bánh mì,Phường Long Bình
L01823,R022,2026-06-05,Bánh mì gà,31000,57,13000,2,1,1,delivery,18:00,13000,18000,0.5,Sinh viên,Bánh mì,Phường Long Bình
L01824,R022,2026-06-05,Bánh mì thịt nguội,22000,60,9000,1,0,1,pickup,18:00,0,0,0.0,Sinh viên,Bánh mì,Phường Long Bình
L01825,R023,2026-06-05,Bánh mì gà,28000,30,20000,3,1,2,delivery,17:15,20000,8000,0.333,Công nhân,Bánh mì,Phường Tân Đông Hiệp
L01826,R023,2026-06-05,Bánh mì chả lụa,31000,30,22000,2,1,1,pickup,17:45,22000,9000,0.5,Công nhân,Bánh mì,Phường Tân Đông Hiệp
L01827,R024,2026-06-05,Hủ tiếu Nam Vang,42000,57,18000,15,12,3,pickup,14:30,216000,288000,0.8,Công nhân,Hủ tiếu,Phường An Phú
L01828,R025,2026-06-05,Cơm canh chua,46000,32,31000,2,0,2,pickup,11:30,0,0,0.0,Dân cư đông,Cơm văn phòng,Phường An Hội Đông
L01829,R025,2026-06-05,Cơm gà xối mỡ,31000,32,21000,2,0,2,pickup,11:00,0,0,0.0,Dân cư đông,Cơm văn phòng,Phường An Hội Đông
L01830,R025,2026-06-05,Cơm gà luộc,33000,36,21000,2,0,2,delivery,11:00,0,0,0.0,Dân cư đông,Cơm văn phòng,Phường An Hội Đông
L01831,R025,2026-06-05,Cơm sườn đậu hũ,29000,34,19000,2,1,1,delivery,11:45,19000,10000,0.5,Dân cư đông,Cơm văn phòng,Phường An Hội Đông
L01832,R025,2026-06-05,Cơm thịt kho trứng,42000,33,28000,1,0,1,pickup,11:15,0,0,0.0,Dân cư đông,Cơm văn phòng,Phường An Hội Đông
L01833,R026,2026-06-05,Bún riêu thập cẩm,38000,43,22000,3,2,1,delivery,16:45,44000,32000,0.667,Sinh viên,Bún riêu,Phường Tam Bình
L01834,R027,2026-06-05,Bún bò Huế đặc biệt,40000,30,28000,3,0,3,pickup,17:45,0,0,0.0,Công nhân,Bún bò,Phường Hòa Lợi
L01835,R028,2026-06-05,Bánh mì chả lụa,21000,59,9000,8,6,2,pickup,14:00,54000,72000,0.75,Công nhân,Bánh mì,Phường Tân Đông Hiệp
L01836,R029,2026-06-05,Phở gà,43000,58,18000,1,0,1,delivery,19:45,0,0,0.0,Trung tâm,Phở,Phường Bến Thành
L01837,R029,2026-06-05,Phở bò viên,44000,58,18000,1,0,1,delivery,19:00,0,0,0.0,Trung tâm,Phở,Phường Bến Thành
L01838,R029,2026-06-05,Phở bò tái,46000,56,20000,1,0,1,pickup,19:15,0,0,0.0,Trung tâm,Phở,Phường Bến Thành
L01839,R029,2026-06-05,Phở bò tái nạm,60000,58,25000,1,0,1,delivery,19:15,0,0,0.0,Trung tâm,Phở,Phường Bến Thành
L01840,R030,2026-06-05,Bún bò thập cẩm,50000,47,26000,13,8,5,delivery,15:45,208000,192000,0.615,Công nhân,Bún bò,Phường An Phú
L01841,R030,2026-06-05,Bún bò gân,48000,48,25000,15,9,6,pickup,15:45,225000,207000,0.6,Công nhân,Bún bò,Phường An Phú
L01842,R031,2026-06-05,Phở bò tái nạm,47000,47,25000,5,3,2,delivery,09:15,75000,66000,0.6,Sinh viên,Phở,Phường Phước Long
L01843,R031,2026-06-05,Phở bò viên,45000,43,26000,4,3,1,delivery,09:15,78000,57000,0.75,Sinh viên,Phở,Phường Phước Long
L01844,R032,2026-06-05,Cơm gà xối mỡ,36000,44,20000,4,2,2,delivery,13:45,40000,32000,0.5,Trung tâm,Cơm văn phòng,Phường Cầu Ông Lãnh
L01845,R033,2026-06-05,Cơm tấm bì,40000,52,19000,1,0,1,pickup,13:30,0,0,0.0,Dân cư đông,Cơm tấm,Phường Tân Hòa
L01846,R033,2026-06-05,Cơm tấm sườn trứng,29000,49,15000,1,0,1,pickup,13:30,0,0,0.0,Dân cư đông,Cơm tấm,Phường Tân Hòa
L01847,R033,2026-06-05,Cơm tấm đặc biệt,50000,42,29000,1,0,1,pickup,13:45,0,0,0.0,Dân cư đông,Cơm tấm,Phường Tân Hòa
L01848,R033,2026-06-05,Cơm tấm sườn nướng,39000,51,19000,1,0,1,pickup,13:45,0,0,0.0,Dân cư đông,Cơm tấm,Phường Tân Hòa
L01849,R033,2026-06-05,Cơm tấm sườn bì chả,32000,47,17000,1,0,1,pickup,13:15,0,0,0.0,Dân cư đông,Cơm tấm,Phường Tân Hòa
L01850,R034,2026-06-05,Bún bò viên,53000,33,36000,5,1,4,pickup,18:45,36000,17000,0.2,Ngoại ô,Bún bò,Xã Bình Chánh
L01851,R034,2026-06-05,Bún bò gân,64000,37,40000,6,3,3,pickup,18:45,120000,72000,0.5,Ngoại ô,Bún bò,Xã Bình Chánh
L01852,R035,2026-06-05,Bánh mì gà,28000,60,11000,1,0,1,delivery,12:45,0,0,0.0,Dân cư đông,Bánh mì,Phường Tân Sơn Nhất
L01853,R035,2026-06-05,Bánh mì thịt nguội,20000,60,8000,1,0,1,delivery,12:00,0,0,0.0,Dân cư đông,Bánh mì,Phường Tân Sơn Nhất
L01854,R035,2026-06-05,Bánh mì trứng,23000,59,9000,1,0,1,delivery,12:45,0,0,0.0,Dân cư đông,Bánh mì,Phường Tân Sơn Nhất
L01855,R035,2026-06-05,Bánh mì chả lụa,28000,59,11000,1,0,1,delivery,12:15,0,0,0.0,Dân cư đông,Bánh mì,Phường Tân Sơn Nhất
L01856,R035,2026-06-05,Bánh mì xíu mại,21000,56,9000,1,0,1,delivery,12:00,0,0,0.0,Dân cư đông,Bánh mì,Phường Tân Sơn Nhất
L01857,R036,2026-06-05,Bún bò gân,58000,36,37000,5,2,3,pickup,14:45,74000,42000,0.4,Sinh viên,Bún bò,Phường Phước Long
L01858,R036,2026-06-05,Bún bò viên,54000,32,37000,4,1,3,pickup,14:15,37000,17000,0.25,Sinh viên,Bún bò,Phường Phước Long
L01859,R036,2026-06-05,Bún bò giò heo,41000,33,27000,5,2,3,pickup,14:15,54000,28000,0.4,Sinh viên,Bún bò,Phường Phước Long
L01860,R037,2026-06-05,Bún bò Huế đặc biệt,44000,40,26000,7,4,3,delivery,15:30,104000,72000,0.571,Trung tâm,Bún bò,Phường Tân Định
L01861,R038,2026-06-05,Bún bò thập cẩm,37000,53,17000,2,1,1,pickup,17:00,17000,20000,0.5,Công nhân,Bún bò,Phường Thuận Giao
L01862,R038,2026-06-05,Bún bò viên,44000,47,23000,1,0,1,pickup,17:45,0,0,0.0,Công nhân,Bún bò,Phường Thuận Giao
L01863,R039,2026-06-05,Bún riêu cua đồng,41000,54,19000,20,16,4,delivery,09:30,304000,352000,0.8,Công nhân,Bún riêu,Phường Đông Hòa
L01864,R040,2026-06-05,Bún bò thập cẩm,45000,60,18000,2,1,1,delivery,14:30,18000,27000,0.5,Sinh viên,Bún bò,Phường Bình Trưng
L01865,R041,2026-06-05,Phở bò tái,54000,41,32000,3,1,2,delivery,15:30,32000,22000,0.333,Công nhân,Phở,Phường Tân Khánh
L01866,R041,2026-06-05,Phở bò chín,45000,49,23000,3,1,2,pickup,15:15,23000,22000,0.333,Công nhân,Phở,Phường Tân Khánh
L01867,R042,2026-06-05,Cơm tấm sườn bì chả,30000,57,13000,3,2,1,pickup,11:30,26000,34000,0.667,Trung tâm,Cơm tấm,Phường Tân Định
L01868,R042,2026-06-05,Cơm tấm sườn nướng,42000,57,18000,2,1,1,delivery,11:45,18000,24000,0.5,Trung tâm,Cơm tấm,Phường Tân Định
L01869,R042,2026-06-05,Cơm tấm bì,29000,58,12000,3,2,1,delivery,11:30,24000,34000,0.667,Trung tâm,Cơm tấm,Phường Tân Định
L01870,R043,2026-06-05,Cơm gà luộc,45000,57,19000,3,2,1,pickup,16:00,38000,52000,0.667,Dân cư đông,Cơm văn phòng,Phường Bảy Hiền
L01871,R043,2026-06-05,Cơm thịt kho trứng,36000,58,15000,3,2,1,pickup,16:15,30000,42000,0.667,Dân cư đông,Cơm văn phòng,Phường Bảy Hiền
L01872,R043,2026-06-05,Cơm canh chua,36000,57,15000,2,1,1,pickup,16:30,15000,21000,0.5,Dân cư đông,Cơm văn phòng,Phường Bảy Hiền
L01873,R043,2026-06-05,Cơm gà xối mỡ,43000,60,17000,3,2,1,pickup,16:15,34000,52000,0.667,Dân cư đông,Cơm văn phòng,Phường Bảy Hiền
L01874,R043,2026-06-05,Cơm sườn đậu hũ,39000,55,18000,2,1,1,pickup,16:30,18000,21000,0.5,Dân cư đông,Cơm văn phòng,Phường Bảy Hiền
L01875,R044,2026-06-05,Hủ tiếu Nam Vang,52000,53,24000,2,1,1,delivery,13:15,24000,28000,0.5,Sinh viên,Hủ tiếu,Phường Tam Bình
L01876,R044,2026-06-05,Hủ tiếu sa tế,50000,55,22000,3,2,1,delivery,13:00,44000,56000,0.667,Sinh viên,Hủ tiếu,Phường Tam Bình
L01877,R044,2026-06-05,Hủ tiếu thập cẩm,47000,50,24000,3,2,1,delivery,13:30,48000,46000,0.667,Sinh viên,Hủ tiếu,Phường Tam Bình
L01878,R045,2026-06-05,Bún bò gân,45000,36,29000,4,1,3,delivery,17:30,29000,16000,0.25,Công nhân,Bún bò,Phường Thuận An
L01879,R045,2026-06-05,Bún bò viên,53000,38,33000,3,1,2,pickup,17:00,33000,20000,0.333,Công nhân,Bún bò,Phường Thuận An
L01880,R045,2026-06-05,Bún bò thập cẩm,52000,39,32000,4,2,2,delivery,17:45,64000,40000,0.5,Công nhân,Bún bò,Phường Thuận An
L01881,R046,2026-06-05,Bánh mì xíu mại,30000,50,15000,3,2,1,pickup,13:30,30000,30000,0.667,Sinh viên,Bánh mì,Phường Cát Lái
L01882,R046,2026-06-05,Bánh mì thịt nguội,27000,55,12000,3,2,1,pickup,13:30,24000,30000,0.667,Sinh viên,Bánh mì,Phường Cát Lái
L01883,R046,2026-06-05,Bánh mì gà,31000,53,15000,2,1,1,pickup,13:45,15000,16000,0.5,Sinh viên,Bánh mì,Phường Cát Lái
L01884,R046,2026-06-05,Bánh mì trứng,20000,52,10000,3,2,1,pickup,13:00,20000,20000,0.667,Sinh viên,Bánh mì,Phường Cát Lái
L01885,R046,2026-06-05,Bánh mì chả lụa,16000,58,7000,3,2,1,pickup,13:45,14000,18000,0.667,Sinh viên,Bánh mì,Phường Cát Lái
L01886,R047,2026-06-05,Bún bò Huế đặc biệt,52000,45,29000,23,12,11,delivery,17:15,348000,276000,0.522,Công nhân,Bún bò,Phường Tân Khánh
L01887,R048,2026-06-05,Bánh mì xíu mại,32000,56,14000,3,2,1,pickup,18:45,28000,36000,0.667,Công nhân,Bánh mì,Phường An Phú
L01888,R048,2026-06-05,Bánh mì trứng,24000,48,12000,3,1,2,pickup,18:45,12000,12000,0.333,Công nhân,Bánh mì,Phường An Phú
L01889,R049,2026-06-05,Phở gà,63000,40,38000,1,0,1,delivery,12:15,0,0,0.0,Sinh viên,Phở,Phường Thủ Đức
L01890,R049,2026-06-05,Phở bò tái nạm,49000,40,29000,1,0,1,delivery,12:30,0,0,0.0,Sinh viên,Phở,Phường Thủ Đức
L01891,R049,2026-06-05,Phở bò tái,47000,45,26000,1,0,1,pickup,12:00,0,0,0.0,Sinh viên,Phở,Phường Thủ Đức
L01892,R049,2026-06-05,Phở bò viên,47000,46,25000,1,0,1,delivery,12:45,0,0,0.0,Sinh viên,Phở,Phường Thủ Đức
L01893,R050,2026-06-05,Bánh mì gà,20000,39,12000,1,0,1,delivery,17:30,0,0,0.0,Ngoại ô,Bánh mì,Xã Hưng Long
L01894,R051,2026-06-05,Hủ tiếu Nam Vang,60000,54,28000,6,4,2,pickup,13:30,112000,128000,0.667,Dân cư đông,Hủ tiếu,Phường Hạnh Thông
L01895,R052,2026-06-05,Cơm tấm sườn trứng,30000,35,20000,4,1,3,delivery,18:45,20000,10000,0.25,Dân cư đông,Cơm tấm,Phường Xóm Chiếu
L01896,R052,2026-06-05,Cơm tấm bì,30000,35,20000,4,1,3,delivery,18:45,20000,10000,0.25,Dân cư đông,Cơm tấm,Phường Xóm Chiếu
L01897,R052,2026-06-05,Cơm tấm sườn nướng,44000,40,26000,4,2,2,delivery,18:00,52000,36000,0.5,Dân cư đông,Cơm tấm,Phường Xóm Chiếu
L01898,R053,2026-06-05,Bánh mì xíu mại,33000,58,14000,3,2,1,delivery,17:30,28000,38000,0.667,Dân cư đông,Bánh mì,Phường Gia Định
L01899,R053,2026-06-05,Bánh mì thịt nguội,19000,60,8000,4,2,2,pickup,17:15,16000,22000,0.5,Dân cư đông,Bánh mì,Phường Gia Định
L01900,R053,2026-06-05,Bánh mì chả lụa,21000,60,8000,4,2,2,delivery,17:45,16000,26000,0.5,Dân cư đông,Bánh mì,Phường Gia Định
L01901,R053,2026-06-05,Bánh mì trứng,22000,60,9000,4,3,1,pickup,17:30,27000,39000,0.75,Dân cư đông,Bánh mì,Phường Gia Định
L01902,R053,2026-06-05,Bánh mì gà,20000,60,8000,4,3,1,delivery,17:45,24000,36000,0.75,Dân cư đông,Bánh mì,Phường Gia Định
L01903,R054,2026-06-05,Bánh mì xíu mại,25000,57,11000,4,3,1,delivery,11:45,33000,42000,0.75,Công nhân,Bánh mì,Phường Bình Hòa
L01904,R054,2026-06-05,Bánh mì trứng,21000,53,10000,3,2,1,pickup,11:00,20000,22000,0.667,Công nhân,Bánh mì,Phường Bình Hòa
L01905,R054,2026-06-05,Bánh mì chả lụa,24000,56,11000,3,2,1,pickup,11:30,22000,26000,0.667,Công nhân,Bánh mì,Phường Bình Hòa
L01906,R054,2026-06-05,Bánh mì gà,24000,54,11000,3,2,1,delivery,11:45,22000,26000,0.667,Công nhân,Bánh mì,Phường Bình Hòa
L01907,R055,2026-06-05,Cơm tấm sườn nướng,32000,57,14000,2,1,1,pickup,12:45,14000,18000,0.5,Dân cư đông,Cơm tấm,Phường Thông Tây Hội
L01908,R055,2026-06-05,Cơm tấm bì,51000,55,23000,2,1,1,pickup,12:00,23000,28000,0.5,Dân cư đông,Cơm tấm,Phường Thông Tây Hội
L01909,R055,2026-06-05,Cơm tấm sườn bì chả,49000,56,22000,1,0,1,delivery,12:15,0,0,0.0,Dân cư đông,Cơm tấm,Phường Thông Tây Hội
L01910,R055,2026-06-05,Cơm tấm sườn trứng,26000,57,11000,2,1,1,delivery,12:30,11000,15000,0.5,Dân cư đông,Cơm tấm,Phường Thông Tây Hội
L01911,R055,2026-06-05,Cơm tấm đặc biệt,32000,60,13000,2,1,1,delivery,12:00,13000,19000,0.5,Dân cư đông,Cơm tấm,Phường Thông Tây Hội
L01912,R056,2026-06-05,Hủ tiếu bò kho,40000,39,24000,4,1,3,pickup,17:15,24000,16000,0.25,Trung tâm,Hủ tiếu,Phường Nhiêu Lộc
L01913,R056,2026-06-05,Hủ tiếu sa tế,47000,35,31000,4,2,2,pickup,17:15,62000,32000,0.5,Trung tâm,Hủ tiếu,Phường Nhiêu Lộc
L01914,R057,2026-06-05,Bún bò thập cẩm,53000,44,30000,1,0,1,pickup,18:00,0,0,0.0,Sinh viên,Bún bò,Phường Bình Trưng
L01915,R057,2026-06-05,Bún bò gân,39000,53,18000,1,0,1,pickup,18:30,0,0,0.0,Sinh viên,Bún bò,Phường Bình Trưng
L01916,R058,2026-06-05,Bánh mì thịt nguội,24000,32,16000,1,0,1,pickup,19:15,0,0,0.0,Trung tâm,Bánh mì,Phường Cầu Kiệu
L01917,R058,2026-06-05,Bánh mì chả lụa,21000,33,14000,1,0,1,pickup,19:30,0,0,0.0,Trung tâm,Bánh mì,Phường Cầu Kiệu
L01918,R058,2026-06-05,Bánh mì gà,20000,33,13000,1,0,1,pickup,19:45,0,0,0.0,Trung tâm,Bánh mì,Phường Cầu Kiệu
L01919,R058,2026-06-05,Bánh mì xíu mại,19000,31,13000,1,0,1,pickup,19:15,0,0,0.0,Trung tâm,Bánh mì,Phường Cầu Kiệu
L01920,R059,2026-06-05,Cơm tấm đặc biệt,35000,33,23000,2,0,2,pickup,14:30,0,0,0.0,Sinh viên,Cơm tấm,Phường Tam Bình
L01921,R059,2026-06-05,Cơm tấm bì,35000,30,24000,1,0,1,pickup,14:00,0,0,0.0,Sinh viên,Cơm tấm,Phường Tam Bình
L01922,R060,2026-06-05,Phở bò tái,56000,56,25000,2,1,1,delivery,10:45,25000,31000,0.5,Công nhân,Phở,Phường Tân Đông Hiệp
L01923,R061,2026-06-05,Cơm tấm bì,38000,49,19000,3,2,1,delivery,15:00,38000,38000,0.667,Sinh viên,Cơm tấm,Phường Tam Bình
L01924,R061,2026-06-05,Cơm tấm sườn bì chả,39000,41,23000,4,2,2,delivery,15:30,46000,32000,0.5,Sinh viên,Cơm tấm,Phường Tam Bình
L01925,R062,2026-06-05,Phở gà,48000,35,31000,1,0,1,delivery,10:15,0,0,0.0,Dân cư đông,Phở,Phường Hạnh Thông
L01926,R062,2026-06-05,Phở bò viên,48000,30,34000,1,0,1,delivery,10:45,0,0,0.0,Dân cư đông,Phở,Phường Hạnh Thông
L01927,R062,2026-06-05,Phở bò tái,63000,30,44000,1,0,1,delivery,10:00,0,0,0.0,Dân cư đông,Phở,Phường Hạnh Thông
L01928,R062,2026-06-05,Phở bò tái nạm,55000,30,38000,1,0,1,delivery,10:45,0,0,0.0,Dân cư đông,Phở,Phường Hạnh Thông
L01929,R062,2026-06-05,Phở bò chín,47000,30,33000,1,0,1,delivery,10:45,0,0,0.0,Dân cư đông,Phở,Phường Hạnh Thông
L01930,R063,2026-06-05,Hủ tiếu Nam Vang,50000,37,32000,4,2,2,delivery,19:15,64000,36000,0.5,Công nhân,Hủ tiếu,Phường Thuận Giao
L01931,R063,2026-06-05,Hủ tiếu bò kho,42000,38,26000,3,1,2,delivery,19:15,26000,16000,0.333,Công nhân,Hủ tiếu,Phường Thuận Giao
L01932,R063,2026-06-05,Hủ tiếu mì,48000,45,26000,4,2,2,delivery,19:45,52000,44000,0.5,Công nhân,Hủ tiếu,Phường Thuận Giao
L01933,R064,2026-06-05,Bún bò thập cẩm,51000,47,27000,3,2,1,pickup,10:15,54000,48000,0.667,Sinh viên,Bún bò,Phường Tăng Nhơn Phú
L01934,R064,2026-06-05,Bún bò Huế đặc biệt,42000,44,24000,3,1,2,pickup,10:30,24000,18000,0.333,Sinh viên,Bún bò,Phường Tăng Nhơn Phú
L01935,R064,2026-06-05,Bún bò viên,47000,45,26000,2,1,1,delivery,10:30,26000,21000,0.5,Sinh viên,Bún bò,Phường Tăng Nhơn Phú
L01936,R065,2026-06-05,Cơm tấm sườn bì chả,40000,49,20000,2,1,1,pickup,19:15,20000,20000,0.5,Công nhân,Cơm tấm,Phường Đông Hòa
L01937,R065,2026-06-05,Cơm tấm bì,37000,51,18000,1,0,1,pickup,19:30,0,0,0.0,Công nhân,Cơm tấm,Phường Đông Hòa
L01938,R065,2026-06-05,Cơm tấm sườn nướng,44000,50,22000,2,1,1,pickup,19:00,22000,22000,0.5,Công nhân,Cơm tấm,Phường Đông Hòa
L01939,R066,2026-06-05,Cơm gà xối mỡ,36000,60,14000,5,3,2,pickup,09:15,42000,66000,0.6,Sinh viên,Cơm văn phòng,Phường An Khánh
L01940,R066,2026-06-05,Cơm sườn đậu hũ,28000,60,11000,4,2,2,pickup,09:00,22000,34000,0.5,Sinh viên,Cơm văn phòng,Phường An Khánh
L01941,R066,2026-06-05,Cơm gà luộc,35000,54,16000,4,3,1,pickup,09:30,48000,57000,0.75,Sinh viên,Cơm văn phòng,Phường An Khánh
L01942,R067,2026-06-05,Cơm gà xối mỡ,55000,50,28000,1,0,1,delivery,19:30,0,0,0.0,Dân cư đông,Cơm văn phòng,Phường An Hội Đông
L01943,R067,2026-06-05,Cơm gà luộc,36000,51,18000,1,0,1,pickup,19:15,0,0,0.0,Dân cư đông,Cơm văn phòng,Phường An Hội Đông
L01944,R067,2026-06-05,Cơm thịt kho trứng,38000,45,21000,1,0,1,pickup,19:15,0,0,0.0,Dân cư đông,Cơm văn phòng,Phường An Hội Đông
L01945,R067,2026-06-05,Cơm canh chua,32000,47,17000,1,0,1,delivery,19:30,0,0,0.0,Dân cư đông,Cơm văn phòng,Phường An Hội Đông
L01946,R067,2026-06-05,Cơm sườn đậu hũ,36000,42,21000,1,0,1,pickup,19:45,0,0,0.0,Dân cư đông,Cơm văn phòng,Phường An Hội Đông
L01947,R068,2026-06-05,Bún riêu thập cẩm,41000,37,26000,1,0,1,delivery,19:15,0,0,0.0,Trung tâm,Bún riêu,Phường Xuân Hòa
L01948,R068,2026-06-05,Bún riêu cua,48000,37,30000,1,0,1,delivery,19:45,0,0,0.0,Trung tâm,Bún riêu,Phường Xuân Hòa
L01949,R068,2026-06-05,Bún riêu cua đồng,36000,37,23000,1,0,1,delivery,19:00,0,0,0.0,Trung tâm,Bún riêu,Phường Xuân Hòa
L01950,R069,2026-06-05,Bánh mì thịt nguội,23000,50,12000,1,0,1,pickup,20:30,0,0,0.0,Ngoại ô,Bánh mì,Xã Xuân Thới Sơn
L01951,R069,2026-06-05,Bánh mì trứng,21000,47,11000,1,0,1,pickup,20:00,0,0,0.0,Ngoại ô,Bánh mì,Xã Xuân Thới Sơn
L01952,R069,2026-06-05,Bánh mì gà,22000,52,11000,1,0,1,pickup,20:30,0,0,0.0,Ngoại ô,Bánh mì,Xã Xuân Thới Sơn
L01953,R070,2026-06-05,Hủ tiếu sa tế,51000,55,23000,1,0,1,delivery,19:00,0,0,0.0,Dân cư đông,Hủ tiếu,Phường Gò Vấp
L01954,R070,2026-06-05,Hủ tiếu thập cẩm,51000,60,20000,1,0,1,pickup,19:30,0,0,0.0,Dân cư đông,Hủ tiếu,Phường Gò Vấp
L01955,R070,2026-06-05,Hủ tiếu Nam Vang,58000,56,26000,1,0,1,delivery,19:00,0,0,0.0,Dân cư đông,Hủ tiếu,Phường Gò Vấp
L01956,R070,2026-06-05,Hủ tiếu bò kho,40000,60,16000,1,0,1,delivery,19:30,0,0,0.0,Dân cư đông,Hủ tiếu,Phường Gò Vấp
L01957,R071,2026-06-05,Cơm tấm sườn trứng,30000,34,20000,3,1,2,delivery,11:45,20000,10000,0.333,Sinh viên,Cơm tấm,Phường Bình Trưng
L01958,R071,2026-06-05,Cơm tấm đặc biệt,39000,32,27000,4,1,3,delivery,11:00,27000,12000,0.25,Sinh viên,Cơm tấm,Phường Bình Trưng
L01959,R071,2026-06-05,Cơm tấm sườn nướng,42000,33,28000,3,1,2,delivery,11:45,28000,14000,0.333,Sinh viên,Cơm tấm,Phường Bình Trưng
L01960,R071,2026-06-05,Cơm tấm sườn bì chả,43000,30,30000,4,2,2,delivery,11:15,60000,26000,0.5,Sinh viên,Cơm tấm,Phường Bình Trưng
L01961,R071,2026-06-05,Cơm tấm bì,39000,35,25000,3,1,2,delivery,11:00,25000,14000,0.333,Sinh viên,Cơm tấm,Phường Bình Trưng
L01962,R072,2026-06-05,Cơm canh chua,28000,50,14000,5,3,2,delivery,14:30,42000,42000,0.6,Trung tâm,Cơm văn phòng,Phường Bến Thành
L01963,R072,2026-06-05,Cơm gà luộc,38000,53,18000,5,4,1,delivery,14:15,72000,80000,0.8,Trung tâm,Cơm văn phòng,Phường Bến Thành
L01964,R073,2026-06-05,Bánh mì thịt nguội,24000,46,13000,2,1,1,pickup,16:45,13000,11000,0.5,Dân cư đông,Bánh mì,Phường Vĩnh Hội
L01965,R073,2026-06-05,Bánh mì gà,23000,47,12000,2,1,1,pickup,16:45,12000,11000,0.5,Dân cư đông,Bánh mì,Phường Vĩnh Hội
L01966,R074,2026-06-05,Cơm gà xối mỡ,43000,30,30000,1,0,1,pickup,17:00,0,0,0.0,Dân cư đông,Cơm văn phòng,Phường Bình Lợi Trung
L01967,R074,2026-06-05,Cơm sườn đậu hũ,37000,30,26000,2,0,2,pickup,17:45,0,0,0.0,Dân cư đông,Cơm văn phòng,Phường Bình Lợi Trung
L01968,R074,2026-06-05,Cơm canh chua,45000,30,31000,2,1,1,pickup,17:15,31000,14000,0.5,Dân cư đông,Cơm văn phòng,Phường Bình Lợi Trung
L01969,R074,2026-06-05,Cơm thịt kho trứng,29000,31,20000,1,0,1,pickup,17:15,0,0,0.0,Dân cư đông,Cơm văn phòng,Phường Bình Lợi Trung
L01970,R074,2026-06-05,Cơm gà luộc,36000,35,23000,2,0,2,pickup,17:15,0,0,0.0,Dân cư đông,Cơm văn phòng,Phường Bình Lợi Trung
L01971,R075,2026-06-05,Cơm tấm sườn trứng,50000,53,24000,4,2,2,pickup,15:00,48000,52000,0.5,Dân cư đông,Cơm tấm,Phường Vĩnh Hội
L01972,R075,2026-06-05,Cơm tấm đặc biệt,43000,49,22000,3,1,2,pickup,15:45,22000,21000,0.333,Dân cư đông,Cơm tấm,Phường Vĩnh Hội
L01973,R075,2026-06-05,Cơm tấm bì,40000,49,20000,3,2,1,pickup,15:00,40000,40000,0.667,Dân cư đông,Cơm tấm,Phường Vĩnh Hội
L01974,R076,2026-06-05,Phở bò viên,53000,45,29000,7,5,2,pickup,12:15,145000,120000,0.714,Dân cư đông,Phở,Phường An Nhơn
L01975,R076,2026-06-05,Phở gà,49000,41,29000,6,3,3,pickup,12:15,87000,60000,0.5,Dân cư đông,Phở,Phường An Nhơn
L01976,R076,2026-06-05,Phở bò chín,51000,47,27000,7,5,2,pickup,12:15,135000,120000,0.714,Dân cư đông,Phở,Phường An Nhơn
L01977,R077,2026-06-05,Cơm tấm đặc biệt,40000,39,24000,2,0,2,delivery,14:15,0,0,0.0,Trung tâm,Cơm tấm,Phường Xuân Hòa
L01978,R077,2026-06-05,Cơm tấm bì,44000,42,26000,2,1,1,delivery,14:30,26000,18000,0.5,Trung tâm,Cơm tấm,Phường Xuân Hòa
L01979,R077,2026-06-05,Cơm tấm sườn nướng,35000,49,18000,3,2,1,delivery,14:45,36000,34000,0.667,Trung tâm,Cơm tấm,Phường Xuân Hòa
L01980,R078,2026-06-05,Bún riêu cua mọc,32000,42,19000,2,1,1,delivery,13:30,19000,13000,0.5,Công nhân,Bún riêu,Phường Tân Đông Hiệp
L01981,R078,2026-06-05,Bún riêu cua đồng,34000,42,20000,2,1,1,pickup,13:30,20000,14000,0.5,Công nhân,Bún riêu,Phường Tân Đông Hiệp
L01982,R078,2026-06-05,Bún riêu thập cẩm,42000,42,24000,2,1,1,pickup,13:15,24000,18000,0.5,Công nhân,Bún riêu,Phường Tân Đông Hiệp
L01983,R078,2026-06-05,Bún riêu cua,37000,35,24000,2,0,2,pickup,13:30,0,0,0.0,Công nhân,Bún riêu,Phường Tân Đông Hiệp
L01984,R079,2026-06-05,Cơm tấm đặc biệt,48000,45,26000,8,5,3,pickup,16:45,130000,110000,0.625,Sinh viên,Cơm tấm,Phường Bình Trưng
L01985,R080,2026-06-05,Cơm tấm bì,45000,51,22000,1,0,1,delivery,09:15,0,0,0.0,Dân cư đông,Cơm tấm,Phường An Hội Đông
L01986,R080,2026-06-05,Cơm tấm sườn nướng,36000,41,21000,1,0,1,pickup,09:30,0,0,0.0,Dân cư đông,Cơm tấm,Phường An Hội Đông
L01987,R080,2026-06-05,Cơm tấm đặc biệt,34000,46,18000,1,0,1,pickup,09:15,0,0,0.0,Dân cư đông,Cơm tấm,Phường An Hội Đông
L01988,R080,2026-06-05,Cơm tấm sườn bì chả,45000,51,22000,1,0,1,delivery,09:15,0,0,0.0,Dân cư đông,Cơm tấm,Phường An Hội Đông
L01989,R080,2026-06-05,Cơm tấm sườn trứng,37000,41,22000,1,0,1,delivery,09:30,0,0,0.0,Dân cư đông,Cơm tấm,Phường An Hội Đông
L01990,R081,2026-06-05,Bún riêu cua,47000,54,22000,3,2,1,pickup,09:30,44000,50000,0.667,Công nhân,Bún riêu,Phường Đông Hòa
L01991,R081,2026-06-05,Bún riêu cua đồng,39000,49,20000,3,1,2,pickup,09:30,20000,19000,0.333,Công nhân,Bún riêu,Phường Đông Hòa
L01992,R081,2026-06-05,Bún riêu thập cẩm,33000,53,16000,4,3,1,pickup,09:30,48000,51000,0.75,Công nhân,Bún riêu,Phường Đông Hòa
L01993,R081,2026-06-05,Bún riêu cua mọc,44000,54,20000,4,2,2,pickup,09:00,40000,48000,0.5,Công nhân,Bún riêu,Phường Đông Hòa
L01994,R082,2026-06-05,Hủ tiếu thập cẩm,53000,58,22000,8,7,1,delivery,19:15,154000,217000,0.875,Sinh viên,Hủ tiếu,Phường Tăng Nhơn Phú
L01995,R082,2026-06-05,Hủ tiếu bò kho,49000,56,22000,11,10,1,pickup,19:30,220000,270000,0.909,Sinh viên,Hủ tiếu,Phường Tăng Nhơn Phú
L01996,R083,2026-06-05,Cơm tấm bì,36000,30,25000,2,1,1,delivery,14:30,25000,11000,0.5,Trung tâm,Cơm tấm,Phường Sài Gòn
L01997,R083,2026-06-05,Cơm tấm sườn nướng,42000,34,28000,1,0,1,delivery,14:00,0,0,0.0,Trung tâm,Cơm tấm,Phường Sài Gòn
L01998,R083,2026-06-05,Cơm tấm sườn trứng,34000,37,21000,2,1,1,pickup,14:30,21000,13000,0.5,Trung tâm,Cơm tấm,Phường Sài Gòn
L01999,R084,2026-06-05,Bún riêu cua mọc,33000,38,20000,1,0,1,delivery,18:15,0,0,0.0,Sinh viên,Bún riêu,Phường Hiệp Bình
L02000,R085,2026-06-05,Bánh mì chả lụa,20000,57,9000,18,15,3,pickup,20:15,135000,165000,0.833,Sinh viên,Bánh mì,Phường Tăng Nhơn Phú
L02001,R086,2026-06-05,Phở bò tái,47000,54,22000,1,0,1,delivery,10:30,0,0,0.0,Dân cư đông,Phở,Phường Tân Sơn Nhất
L02002,R086,2026-06-05,Phở bò viên,45000,58,19000,1,0,1,delivery,10:00,0,0,0.0,Dân cư đông,Phở,Phường Tân Sơn Nhất
L02003,R086,2026-06-05,Phở gà,45000,53,21000,1,0,1,delivery,10:15,0,0,0.0,Dân cư đông,Phở,Phường Tân Sơn Nhất
L02004,R086,2026-06-05,Phở bò chín,44000,58,18000,1,0,1,delivery,10:45,0,0,0.0,Dân cư đông,Phở,Phường Tân Sơn Nhất
L02005,R086,2026-06-05,Phở bò tái nạm,47000,56,21000,1,0,1,delivery,10:30,0,0,0.0,Dân cư đông,Phở,Phường Tân Sơn Nhất
L02006,R087,2026-06-05,Phở gà,54000,30,38000,15,7,8,pickup,13:30,266000,112000,0.467,Công nhân,Phở,Phường Thuận An
L02007,R087,2026-06-05,Phở bò tái,59000,30,41000,12,7,5,pickup,13:30,287000,126000,0.583,Công nhân,Phở,Phường Thuận An
L02008,R088,2026-06-05,Cơm tấm sườn nướng,35000,59,14000,3,2,1,pickup,09:15,28000,42000,0.667,Dân cư đông,Cơm tấm,Phường Gò Vấp
L02009,R088,2026-06-05,Cơm tấm bì,45000,56,20000,2,1,1,delivery,09:15,20000,25000,0.5,Dân cư đông,Cơm tấm,Phường Gò Vấp
L02010,R088,2026-06-05,Cơm tấm sườn bì chả,32000,54,15000,2,1,1,delivery,09:15,15000,17000,0.5,Dân cư đông,Cơm tấm,Phường Gò Vấp
L02011,R088,2026-06-05,Cơm tấm sườn trứng,38000,60,15000,3,2,1,pickup,09:30,30000,46000,0.667,Dân cư đông,Cơm tấm,Phường Gò Vấp
L02012,R088,2026-06-05,Cơm tấm đặc biệt,45000,58,19000,2,1,1,delivery,09:45,19000,26000,0.5,Dân cư đông,Cơm tấm,Phường Gò Vấp
L02013,R089,2026-06-05,Hủ tiếu bò kho,61000,36,39000,1,0,1,pickup,15:15,0,0,0.0,Công nhân,Hủ tiếu,Phường Đông Hòa
L02014,R089,2026-06-05,Hủ tiếu Nam Vang,43000,31,30000,1,0,1,pickup,15:00,0,0,0.0,Công nhân,Hủ tiếu,Phường Đông Hòa
L02015,R089,2026-06-05,Hủ tiếu sa tế,44000,30,31000,1,0,1,pickup,15:15,0,0,0.0,Công nhân,Hủ tiếu,Phường Đông Hòa
L02016,R089,2026-06-05,Hủ tiếu thập cẩm,47000,32,32000,1,0,1,pickup,15:00,0,0,0.0,Công nhân,Hủ tiếu,Phường Đông Hòa
L02017,R090,2026-06-05,Hủ tiếu Nam Vang,45000,44,25000,15,10,5,pickup,09:00,250000,200000,0.667,Sinh viên,Hủ tiếu,Phường Thủ Đức
L02018,R091,2026-06-05,Bánh mì xíu mại,23000,53,11000,3,1,2,delivery,12:30,11000,12000,0.333,Dân cư đông,Bánh mì,Phường Xóm Chiếu
L02019,R092,2026-06-05,Cơm tấm sườn trứng,31000,39,19000,3,1,2,delivery,17:00,19000,12000,0.333,Dân cư đông,Cơm tấm,Phường Gia Định
L02020,R092,2026-06-05,Cơm tấm bì,51000,37,32000,3,1,2,delivery,17:45,32000,19000,0.333,Dân cư đông,Cơm tấm,Phường Gia Định
L02021,R092,2026-06-05,Cơm tấm sườn nướng,40000,36,26000,3,1,2,delivery,17:45,26000,14000,0.333,Dân cư đông,Cơm tấm,Phường Gia Định
L02022,R092,2026-06-05,Cơm tấm sườn bì chả,44000,35,29000,2,0,2,delivery,17:00,0,0,0.0,Dân cư đông,Cơm tấm,Phường Gia Định
L02023,R092,2026-06-05,Cơm tấm đặc biệt,41000,38,25000,2,0,2,pickup,17:00,0,0,0.0,Dân cư đông,Cơm tấm,Phường Gia Định
L02024,R093,2026-06-05,Phở bò tái nạm,47000,36,30000,5,2,3,delivery,09:00,60000,34000,0.4,Công nhân,Phở,Phường Tân Đông Hiệp
L02025,R093,2026-06-05,Phở bò chín,51000,35,33000,5,2,3,delivery,09:00,66000,36000,0.4,Công nhân,Phở,Phường Tân Đông Hiệp
L02026,R093,2026-06-05,Phở bò tái,47000,39,29000,6,3,3,pickup,09:30,87000,54000,0.5,Công nhân,Phở,Phường Tân Đông Hiệp
L02027,R093,2026-06-05,Phở bò viên,57000,35,37000,6,2,4,delivery,09:00,74000,40000,0.333,Công nhân,Phở,Phường Tân Đông Hiệp
L02028,R094,2026-06-05,Hủ tiếu thập cẩm,55000,54,25000,8,6,2,delivery,12:00,150000,180000,0.75,Dân cư đông,Hủ tiếu,Phường Bình Lợi Trung
L02029,R095,2026-06-05,Cơm tấm sườn trứng,38000,58,16000,2,1,1,delivery,14:45,16000,22000,0.5,Công nhân,Cơm tấm,Phường Lái Thiêu
L02030,R095,2026-06-05,Cơm tấm bì,37000,55,17000,2,1,1,delivery,14:00,17000,20000,0.5,Công nhân,Cơm tấm,Phường Lái Thiêu
L02031,R095,2026-06-05,Cơm tấm đặc biệt,34000,55,15000,2,1,1,delivery,14:15,15000,19000,0.5,Công nhân,Cơm tấm,Phường Lái Thiêu
L02032,R095,2026-06-05,Cơm tấm sườn bì chả,46000,60,18000,2,1,1,delivery,14:00,18000,28000,0.5,Công nhân,Cơm tấm,Phường Lái Thiêu
L02033,R096,2026-06-05,Cơm gà luộc,52000,43,30000,10,6,4,pickup,14:00,180000,132000,0.6,Công nhân,Cơm văn phòng,Phường Lái Thiêu
L02034,R096,2026-06-05,Cơm canh chua,36000,42,21000,10,6,4,pickup,14:30,126000,90000,0.6,Công nhân,Cơm văn phòng,Phường Lái Thiêu
L02035,R097,2026-06-05,Hủ tiếu Nam Vang,49000,51,24000,2,1,1,pickup,20:30,24000,25000,0.5,Công nhân,Hủ tiếu,Phường Tân Đông Hiệp
L02036,R097,2026-06-05,Hủ tiếu thập cẩm,54000,58,23000,3,2,1,delivery,20:00,46000,62000,0.667,Công nhân,Hủ tiếu,Phường Tân Đông Hiệp
L02037,R097,2026-06-05,Hủ tiếu bò kho,41000,53,19000,2,1,1,delivery,20:30,19000,22000,0.5,Công nhân,Hủ tiếu,Phường Tân Đông Hiệp
L02038,R098,2026-06-05,Bún riêu cua,39000,44,22000,3,2,1,delivery,16:00,44000,34000,0.667,Trung tâm,Bún riêu,Phường Xuân Hòa
L02039,R099,2026-06-05,Cơm sườn đậu hũ,49000,60,20000,1,0,1,pickup,09:45,0,0,0.0,Sinh viên,Cơm văn phòng,Phường An Khánh
L02040,R099,2026-06-05,Cơm gà xối mỡ,36000,60,14000,1,0,1,pickup,09:30,0,0,0.0,Sinh viên,Cơm văn phòng,Phường An Khánh
L02041,R099,2026-06-05,Cơm thịt kho trứng,36000,60,14000,1,0,1,pickup,09:45,0,0,0.0,Sinh viên,Cơm văn phòng,Phường An Khánh
L02042,R099,2026-06-05,Cơm gà luộc,42000,55,19000,1,0,1,pickup,09:45,0,0,0.0,Sinh viên,Cơm văn phòng,Phường An Khánh
L02043,R099,2026-06-05,Cơm canh chua,39000,54,18000,1,0,1,pickup,09:15,0,0,0.0,Sinh viên,Cơm văn phòng,Phường An Khánh
L02044,R100,2026-06-05,Hủ tiếu mì,43000,46,23000,2,1,1,delivery,15:45,23000,20000,0.5,Trung tâm,Hủ tiếu,Phường Tân Định
L02045,R100,2026-06-05,Hủ tiếu thập cẩm,45000,45,25000,3,1,2,pickup,15:30,25000,20000,0.333,Trung tâm,Hủ tiếu,Phường Tân Định
L02046,R101,2026-06-05,Phở gà,59000,31,41000,1,0,1,pickup,09:30,0,0,0.0,Công nhân,Phở,Phường Bình Hòa
L02047,R101,2026-06-05,Phở bò viên,52000,30,36000,1,0,1,pickup,09:30,0,0,0.0,Công nhân,Phở,Phường Bình Hòa
L02048,R101,2026-06-05,Phở bò chín,43000,30,30000,1,0,1,pickup,09:45,0,0,0.0,Công nhân,Phở,Phường Bình Hòa
L02049,R102,2026-06-05,Bún bò giò heo,40000,54,18000,1,0,1,delivery,15:30,0,0,0.0,Sinh viên,Bún bò,Phường Thủ Đức
L02050,R102,2026-06-05,Bún bò gân,43000,53,20000,2,1,1,delivery,15:00,20000,23000,0.5,Sinh viên,Bún bò,Phường Thủ Đức
L02051,R102,2026-06-05,Bún bò viên,44000,51,22000,1,0,1,delivery,15:00,0,0,0.0,Sinh viên,Bún bò,Phường Thủ Đức
L02052,R102,2026-06-05,Bún bò Huế đặc biệt,51000,51,25000,2,1,1,delivery,15:30,25000,26000,0.5,Sinh viên,Bún bò,Phường Thủ Đức
L02053,R103,2026-06-05,Cơm thịt kho trứng,35000,34,23000,6,2,4,delivery,11:00,46000,24000,0.333,Công nhân,Cơm văn phòng,Phường Đông Hòa
L02054,R103,2026-06-05,Cơm gà xối mỡ,35000,31,24000,8,4,4,pickup,11:30,96000,44000,0.5,Công nhân,Cơm văn phòng,Phường Đông Hòa
L02055,R103,2026-06-05,Cơm sườn đậu hũ,31000,36,20000,7,3,4,delivery,11:45,60000,33000,0.429,Công nhân,Cơm văn phòng,Phường Đông Hòa
L02056,R104,2026-06-05,Bánh mì chả lụa,30000,52,14000,1,0,1,pickup,19:15,0,0,0.0,Dân cư đông,Bánh mì,Phường Thông Tây Hội
L02057,R104,2026-06-05,Bánh mì trứng,19000,46,10000,1,0,1,pickup,19:45,0,0,0.0,Dân cư đông,Bánh mì,Phường Thông Tây Hội
L02058,R104,2026-06-05,Bánh mì gà,28000,46,15000,1,0,1,pickup,19:30,0,0,0.0,Dân cư đông,Bánh mì,Phường Thông Tây Hội
L02059,R104,2026-06-05,Bánh mì xíu mại,17000,45,9000,1,0,1,pickup,19:30,0,0,0.0,Dân cư đông,Bánh mì,Phường Thông Tây Hội
L02060,R104,2026-06-05,Bánh mì thịt nguội,21000,47,11000,1,0,1,pickup,19:15,0,0,0.0,Dân cư đông,Bánh mì,Phường Thông Tây Hội
L02061,R105,2026-06-05,Bánh mì thịt nguội,22000,30,15000,5,1,4,pickup,16:45,15000,7000,0.2,Sinh viên,Bánh mì,Phường Tam Bình
L02062,R105,2026-06-05,Bánh mì gà,30000,30,21000,5,1,4,pickup,16:00,21000,9000,0.2,Sinh viên,Bánh mì,Phường Tam Bình
L02063,R106,2026-06-05,Phở bò viên,46000,58,19000,7,6,1,pickup,11:45,114000,162000,0.857,Công nhân,Phở,Phường An Phú
L02064,R106,2026-06-05,Phở gà,57000,60,23000,8,5,3,pickup,11:30,115000,170000,0.625,Công nhân,Phở,Phường An Phú
L02065,R106,2026-06-05,Phở bò chín,51000,52,24000,7,6,1,pickup,11:15,144000,162000,0.857,Công nhân,Phở,Phường An Phú
L02066,R107,2026-06-05,Hủ tiếu sa tế,53000,36,34000,18,9,9,pickup,09:15,306000,171000,0.5,Dân cư đông,Hủ tiếu,Phường Gò Vấp
L02067,R108,2026-06-05,Cơm tấm sườn nướng,38000,54,17000,3,2,1,delivery,16:45,34000,42000,0.667,Sinh viên,Cơm tấm,Phường Thủ Đức
L02068,R108,2026-06-05,Cơm tấm đặc biệt,39000,47,21000,3,2,1,delivery,16:15,42000,36000,0.667,Sinh viên,Cơm tấm,Phường Thủ Đức
L02069,R108,2026-06-05,Cơm tấm sườn trứng,32000,44,18000,3,2,1,delivery,16:15,36000,28000,0.667,Sinh viên,Cơm tấm,Phường Thủ Đức
L02070,R108,2026-06-05,Cơm tấm sườn bì chả,35000,44,20000,3,2,1,delivery,16:00,40000,30000,0.667,Sinh viên,Cơm tấm,Phường Thủ Đức
L02071,R109,2026-06-05,Hủ tiếu mì,44000,60,18000,1,0,1,delivery,11:00,0,0,0.0,Trung tâm,Hủ tiếu,Phường Sài Gòn
L02072,R109,2026-06-05,Hủ tiếu Nam Vang,47000,60,19000,1,0,1,delivery,11:45,0,0,0.0,Trung tâm,Hủ tiếu,Phường Sài Gòn
L02073,R109,2026-06-05,Hủ tiếu sa tế,57000,59,23000,1,0,1,delivery,11:45,0,0,0.0,Trung tâm,Hủ tiếu,Phường Sài Gòn
L02074,R110,2026-06-05,Phở bò tái nạm,48000,60,19000,3,2,1,pickup,10:15,38000,58000,0.667,Sinh viên,Phở,Phường Hiệp Bình
L02075,R110,2026-06-05,Phở bò tái,59000,56,26000,4,2,2,delivery,10:15,52000,66000,0.5,Sinh viên,Phở,Phường Hiệp Bình
L02076,R111,2026-06-05,Bánh mì chả lụa,23000,54,11000,5,3,2,delivery,09:00,33000,36000,0.6,Sinh viên,Bánh mì,Phường Long Bình
L02077,R112,2026-06-05,Hủ tiếu sa tế,42000,54,19000,1,0,1,delivery,11:15,0,0,0.0,Dân cư đông,Hủ tiếu,Phường Gò Vấp
L02078,R112,2026-06-05,Hủ tiếu mì,61000,49,31000,1,0,1,pickup,11:15,0,0,0.0,Dân cư đông,Hủ tiếu,Phường Gò Vấp
L02079,R112,2026-06-05,Hủ tiếu Nam Vang,41000,51,20000,1,0,1,delivery,11:00,0,0,0.0,Dân cư đông,Hủ tiếu,Phường Gò Vấp
L02080,R112,2026-06-05,Hủ tiếu thập cẩm,54000,46,29000,1,0,1,pickup,11:00,0,0,0.0,Dân cư đông,Hủ tiếu,Phường Gò Vấp
L02081,R112,2026-06-05,Hủ tiếu bò kho,45000,47,24000,1,0,1,delivery,11:45,0,0,0.0,Dân cư đông,Hủ tiếu,Phường Gò Vấp
L02082,R113,2026-06-05,Bánh mì trứng,17000,49,9000,1,0,1,delivery,10:45,0,0,0.0,Dân cư đông,Bánh mì,Phường Tân Hòa
L02083,R113,2026-06-05,Bánh mì xíu mại,23000,47,12000,1,0,1,delivery,10:30,0,0,0.0,Dân cư đông,Bánh mì,Phường Tân Hòa
L02084,R113,2026-06-05,Bánh mì chả lụa,29000,48,15000,1,0,1,delivery,10:15,0,0,0.0,Dân cư đông,Bánh mì,Phường Tân Hòa
L02085,R113,2026-06-05,Bánh mì gà,24000,49,12000,1,0,1,delivery,10:00,0,0,0.0,Dân cư đông,Bánh mì,Phường Tân Hòa
L02086,R113,2026-06-05,Bánh mì thịt nguội,25000,51,12000,1,0,1,delivery,10:00,0,0,0.0,Dân cư đông,Bánh mì,Phường Tân Hòa
L02087,R114,2026-06-05,Cơm gà luộc,38000,46,21000,2,1,1,delivery,10:45,21000,17000,0.5,Công nhân,Cơm văn phòng,Phường Bình Hòa
L02088,R114,2026-06-05,Cơm gà xối mỡ,33000,40,20000,2,1,1,pickup,10:45,20000,13000,0.5,Công nhân,Cơm văn phòng,Phường Bình Hòa
L02089,R114,2026-06-05,Cơm canh chua,35000,37,22000,1,0,1,pickup,10:00,0,0,0.0,Công nhân,Cơm văn phòng,Phường Bình Hòa
L02090,R114,2026-06-05,Cơm thịt kho trứng,42000,40,25000,1,0,1,delivery,10:45,0,0,0.0,Công nhân,Cơm văn phòng,Phường Bình Hòa
L02091,R115,2026-06-05,Cơm tấm sườn nướng,42000,48,22000,1,0,1,pickup,14:30,0,0,0.0,Dân cư đông,Cơm tấm,Phường Khánh Hội
L02092,R115,2026-06-05,Cơm tấm bì,41000,41,24000,1,0,1,delivery,14:45,0,0,0.0,Dân cư đông,Cơm tấm,Phường Khánh Hội
L02093,R116,2026-06-05,Cơm canh chua,32000,41,19000,2,1,1,delivery,20:30,19000,13000,0.5,Dân cư đông,Cơm văn phòng,Phường Bình Lợi Trung
L02094,R116,2026-06-05,Cơm gà xối mỡ,43000,37,27000,2,0,2,delivery,20:45,0,0,0.0,Dân cư đông,Cơm văn phòng,Phường Bình Lợi Trung
L02095,R117,2026-06-05,Bánh mì gà,19000,38,12000,1,0,1,delivery,09:45,0,0,0.0,Sinh viên,Bánh mì,Phường Hiệp Bình
L02096,R117,2026-06-05,Bánh mì trứng,20000,39,12000,1,0,1,delivery,09:45,0,0,0.0,Sinh viên,Bánh mì,Phường Hiệp Bình
L02097,R117,2026-06-05,Bánh mì xíu mại,20000,41,12000,1,0,1,delivery,09:15,0,0,0.0,Sinh viên,Bánh mì,Phường Hiệp Bình
L02098,R118,2026-06-05,Bánh mì thịt nguội,24000,35,16000,4,2,2,pickup,10:00,32000,16000,0.5,Dân cư đông,Bánh mì,Phường Gò Vấp
L02099,R118,2026-06-05,Bánh mì xíu mại,19000,34,13000,4,1,3,pickup,10:15,13000,6000,0.25,Dân cư đông,Bánh mì,Phường Gò Vấp
L02100,R118,2026-06-05,Bánh mì gà,30000,34,20000,3,1,2,pickup,10:45,20000,10000,0.333,Dân cư đông,Bánh mì,Phường Gò Vấp
L02101,R119,2026-06-05,Bún bò giò heo,58000,56,26000,8,5,3,pickup,14:45,130000,160000,0.625,Công nhân,Bún bò,Phường Đông Hòa
L02102,R120,2026-06-05,Bún bò Huế đặc biệt,48000,60,19000,1,0,1,pickup,11:45,0,0,0.0,Dân cư đông,Bún bò,Phường Hạnh Thông
L02103,R120,2026-06-05,Bún bò viên,55000,51,27000,1,0,1,pickup,11:00,0,0,0.0,Dân cư đông,Bún bò,Phường Hạnh Thông
L02104,R120,2026-06-05,Bún bò gân,62000,60,25000,1,0,1,pickup,11:30,0,0,0.0,Dân cư đông,Bún bò,Phường Hạnh Thông
L02105,R120,2026-06-05,Bún bò giò heo,52000,59,21000,1,0,1,pickup,11:30,0,0,0.0,Dân cư đông,Bún bò,Phường Hạnh Thông
L02106,R120,2026-06-05,Bún bò thập cẩm,47000,58,20000,1,0,1,pickup,11:30,0,0,0.0,Dân cư đông,Bún bò,Phường Hạnh Thông
L02107,R121,2026-06-05,Cơm thịt kho trứng,46000,42,27000,1,0,1,pickup,12:45,0,0,0.0,Dân cư đông,Cơm văn phòng,Phường Gò Vấp
L02108,R121,2026-06-05,Cơm sườn đậu hũ,25000,43,14000,1,0,1,pickup,12:00,0,0,0.0,Dân cư đông,Cơm văn phòng,Phường Gò Vấp
L02109,R121,2026-06-05,Cơm canh chua,34000,38,21000,1,0,1,pickup,12:30,0,0,0.0,Dân cư đông,Cơm văn phòng,Phường Gò Vấp
L02110,R121,2026-06-05,Cơm gà luộc,29000,41,17000,1,0,1,pickup,12:00,0,0,0.0,Dân cư đông,Cơm văn phòng,Phường Gò Vấp
L02111,R121,2026-06-05,Cơm gà xối mỡ,37000,36,24000,1,0,1,pickup,12:45,0,0,0.0,Dân cư đông,Cơm văn phòng,Phường Gò Vấp
L02112,R122,2026-06-05,Bún riêu cua đồng,52000,50,26000,5,4,1,pickup,09:30,104000,104000,0.8,Sinh viên,Bún riêu,Phường Linh Xuân
L02113,R123,2026-06-05,Cơm gà luộc,27000,54,12000,13,11,2,pickup,16:15,132000,165000,0.846,Sinh viên,Cơm văn phòng,Phường Bình Trưng
L02114,R124,2026-06-05,Bún bò viên,49000,33,33000,2,1,1,pickup,15:30,33000,16000,0.5,Sinh viên,Bún bò,Phường Cát Lái
L02115,R124,2026-06-05,Bún bò Huế đặc biệt,42000,36,27000,2,0,2,delivery,15:30,0,0,0.0,Sinh viên,Bún bò,Phường Cát Lái
L02116,R124,2026-06-05,Bún bò gân,43000,30,30000,3,1,2,pickup,15:45,30000,13000,0.333,Sinh viên,Bún bò,Phường Cát Lái
L02117,R124,2026-06-05,Bún bò thập cẩm,46000,31,32000,2,1,1,delivery,15:30,32000,14000,0.5,Sinh viên,Bún bò,Phường Cát Lái
L02118,R124,2026-06-05,Bún bò giò heo,58000,37,37000,3,1,2,pickup,15:45,37000,21000,0.333,Sinh viên,Bún bò,Phường Cát Lái
L02119,R125,2026-06-05,Bánh mì chả lụa,22000,55,10000,2,1,1,pickup,15:00,10000,12000,0.5,Công nhân,Bánh mì,Phường Lái Thiêu
L02120,R125,2026-06-05,Bánh mì trứng,19000,52,9000,2,1,1,pickup,15:00,9000,10000,0.5,Công nhân,Bánh mì,Phường Lái Thiêu
L02121,R126,2026-06-05,Phở gà,39000,34,26000,2,1,1,delivery,11:30,26000,13000,0.5,Dân cư đông,Phở,Phường Gò Vấp
L02122,R126,2026-06-05,Phở bò viên,57000,34,38000,2,0,2,delivery,11:30,0,0,0.0,Dân cư đông,Phở,Phường Gò Vấp
L02123,R126,2026-06-05,Phở bò tái,50000,34,33000,2,1,1,delivery,11:00,33000,17000,0.5,Dân cư đông,Phở,Phường Gò Vấp
L02124,R126,2026-06-05,Phở bò tái nạm,56000,38,35000,3,1,2,delivery,11:30,35000,21000,0.333,Dân cư đông,Phở,Phường Gò Vấp
L02125,R126,2026-06-05,Phở bò chín,46000,38,29000,2,1,1,delivery,11:00,29000,17000,0.5,Dân cư đông,Phở,Phường Gò Vấp
L02126,R127,2026-06-05,Cơm sườn đậu hũ,38000,36,24000,2,0,2,delivery,18:00,0,0,0.0,Dân cư đông,Cơm văn phòng,Phường Tân Sơn Nhất
L02127,R127,2026-06-05,Cơm canh chua,34000,33,23000,2,0,2,delivery,18:45,0,0,0.0,Dân cư đông,Cơm văn phòng,Phường Tân Sơn Nhất
L02128,R127,2026-06-05,Cơm thịt kho trứng,30000,30,21000,3,0,3,delivery,18:45,0,0,0.0,Dân cư đông,Cơm văn phòng,Phường Tân Sơn Nhất
L02129,R127,2026-06-05,Cơm gà xối mỡ,51000,35,33000,2,0,2,delivery,18:15,0,0,0.0,Dân cư đông,Cơm văn phòng,Phường Tân Sơn Nhất
L02130,R127,2026-06-05,Cơm gà luộc,41000,35,27000,2,1,1,delivery,18:00,27000,14000,0.5,Dân cư đông,Cơm văn phòng,Phường Tân Sơn Nhất
L02131,R128,2026-06-05,Bánh mì chả lụa,29000,33,19000,3,1,2,delivery,18:00,19000,10000,0.333,Trung tâm,Bánh mì,Phường Đức Nhuận
L02132,R128,2026-06-05,Bánh mì gà,30000,30,21000,3,1,2,delivery,18:00,21000,9000,0.333,Trung tâm,Bánh mì,Phường Đức Nhuận
L02133,R129,2026-06-05,Phở bò tái nạm,46000,47,24000,1,0,1,pickup,11:00,0,0,0.0,Công nhân,Phở,Phường Dĩ An
L02134,R129,2026-06-05,Phở bò viên,47000,48,24000,2,1,1,pickup,11:15,24000,23000,0.5,Công nhân,Phở,Phường Dĩ An
L02135,R129,2026-06-05,Phở bò chín,47000,48,24000,2,1,1,pickup,11:00,24000,23000,0.5,Công nhân,Phở,Phường Dĩ An
L02136,R130,2026-06-05,Phở bò chín,48000,41,28000,4,2,2,delivery,10:30,56000,40000,0.5,Công nhân,Phở,Phường Lái Thiêu
L02137,R130,2026-06-05,Phở bò viên,50000,43,28000,3,1,2,delivery,10:30,28000,22000,0.333,Công nhân,Phở,Phường Lái Thiêu
L02138,R130,2026-06-05,Phở gà,52000,49,27000,4,2,2,delivery,10:45,54000,50000,0.5,Công nhân,Phở,Phường Lái Thiêu
L02139,R130,2026-06-05,Phở bò tái nạm,43000,46,23000,4,2,2,delivery,10:30,46000,40000,0.5,Công nhân,Phở,Phường Lái Thiêu
L02140,R131,2026-06-05,Bún bò gân,54000,47,29000,1,0,1,delivery,20:15,0,0,0.0,Sinh viên,Bún bò,Phường Phước Long
L02141,R131,2026-06-05,Bún bò thập cẩm,54000,48,28000,1,0,1,delivery,20:00,0,0,0.0,Sinh viên,Bún bò,Phường Phước Long
L02142,R131,2026-06-05,Bún bò Huế đặc biệt,45000,48,23000,1,0,1,pickup,20:15,0,0,0.0,Sinh viên,Bún bò,Phường Phước Long
L02143,R131,2026-06-05,Bún bò viên,46000,49,23000,1,0,1,delivery,20:30,0,0,0.0,Sinh viên,Bún bò,Phường Phước Long
L02144,R132,2026-06-05,Cơm gà xối mỡ,41000,46,22000,4,2,2,pickup,09:30,44000,38000,0.5,Sinh viên,Cơm văn phòng,Phường Linh Xuân
L02145,R132,2026-06-05,Cơm canh chua,33000,43,19000,4,2,2,pickup,09:00,38000,28000,0.5,Sinh viên,Cơm văn phòng,Phường Linh Xuân
L02146,R132,2026-06-05,Cơm sườn đậu hũ,34000,49,17000,4,2,2,pickup,09:15,34000,34000,0.5,Sinh viên,Cơm văn phòng,Phường Linh Xuân
L02147,R133,2026-06-05,Hủ tiếu sa tế,45000,33,30000,13,7,6,delivery,15:30,210000,105000,0.538,Sinh viên,Hủ tiếu,Phường Cát Lái
L02148,R134,2026-06-05,Cơm tấm bì,37000,30,26000,1,0,1,delivery,15:00,0,0,0.0,Dân cư đông,Cơm tấm,Phường An Nhơn
L02149,R134,2026-06-05,Cơm tấm sườn bì chả,50000,32,34000,1,0,1,delivery,15:30,0,0,0.0,Dân cư đông,Cơm tấm,Phường An Nhơn
L02150,R134,2026-06-05,Cơm tấm sườn trứng,33000,36,21000,1,0,1,pickup,15:15,0,0,0.0,Dân cư đông,Cơm tấm,Phường An Nhơn
L02151,R135,2026-06-05,Bún bò thập cẩm,49000,46,26000,6,3,3,pickup,20:15,78000,69000,0.5,Sinh viên,Bún bò,Phường Cát Lái
L02152,R135,2026-06-05,Bún bò Huế đặc biệt,44000,48,23000,7,4,3,pickup,20:45,92000,84000,0.571,Sinh viên,Bún bò,Phường Cát Lái
L02153,R135,2026-06-05,Bún bò giò heo,50000,47,26000,6,3,3,pickup,20:15,78000,72000,0.5,Sinh viên,Bún bò,Phường Cát Lái
L02154,R136,2026-06-05,Bún bò viên,38000,50,19000,6,5,1,delivery,10:15,95000,95000,0.833,Công nhân,Bún bò,Phường Đông Hòa
L02155,R136,2026-06-05,Bún bò thập cẩm,51000,54,23000,8,5,3,delivery,10:00,115000,140000,0.625,Công nhân,Bún bò,Phường Đông Hòa
L02156,R136,2026-06-05,Bún bò giò heo,37000,50,18000,5,4,1,pickup,10:45,72000,76000,0.8,Công nhân,Bún bò,Phường Đông Hòa
L02157,R137,2026-06-05,Hủ tiếu bò kho,49000,49,25000,1,0,1,delivery,15:15,0,0,0.0,Dân cư đông,Hủ tiếu,Phường Tân Sơn Nhất
L02158,R137,2026-06-05,Hủ tiếu Nam Vang,46000,42,27000,1,0,1,delivery,15:15,0,0,0.0,Dân cư đông,Hủ tiếu,Phường Tân Sơn Nhất
L02159,R137,2026-06-05,Hủ tiếu sa tế,49000,44,27000,1,0,1,delivery,15:45,0,0,0.0,Dân cư đông,Hủ tiếu,Phường Tân Sơn Nhất
L02160,R137,2026-06-05,Hủ tiếu mì,47000,46,25000,1,0,1,delivery,15:15,0,0,0.0,Dân cư đông,Hủ tiếu,Phường Tân Sơn Nhất
L02161,R137,2026-06-05,Hủ tiếu thập cẩm,45000,48,23000,1,0,1,delivery,15:15,0,0,0.0,Dân cư đông,Hủ tiếu,Phường Tân Sơn Nhất
L02162,R138,2026-06-05,Cơm tấm sườn trứng,37000,60,15000,1,0,1,delivery,16:00,0,0,0.0,Công nhân,Cơm tấm,Phường Đông Hòa
L02163,R138,2026-06-05,Cơm tấm sườn nướng,39000,60,16000,1,0,1,delivery,16:30,0,0,0.0,Công nhân,Cơm tấm,Phường Đông Hòa
L02164,R138,2026-06-05,Cơm tấm đặc biệt,42000,53,20000,1,0,1,delivery,16:00,0,0,0.0,Công nhân,Cơm tấm,Phường Đông Hòa
L02165,R138,2026-06-05,Cơm tấm sườn bì chả,39000,60,16000,1,0,1,delivery,16:15,0,0,0.0,Công nhân,Cơm tấm,Phường Đông Hòa
L02166,R139,2026-06-05,Bánh mì gà,20000,60,8000,3,2,1,delivery,09:45,16000,24000,0.667,Ngoại ô,Bánh mì,Xã Bà Điểm
L02167,R139,2026-06-05,Bánh mì xíu mại,19000,55,9000,3,2,1,delivery,09:30,18000,20000,0.667,Ngoại ô,Bánh mì,Xã Bà Điểm
L02168,R139,2026-06-05,Bánh mì trứng,31000,53,15000,3,2,1,delivery,09:30,30000,32000,0.667,Ngoại ô,Bánh mì,Xã Bà Điểm
L02169,R140,2026-06-05,Bún riêu cua,52000,42,30000,6,3,3,delivery,17:15,90000,66000,0.5,Ngoại ô,Bún riêu,Xã Hiệp Phước
L02170,R140,2026-06-05,Bún riêu cua đồng,35000,42,20000,5,2,3,delivery,17:15,40000,30000,0.4,Ngoại ô,Bún riêu,Xã Hiệp Phước
L02171,R141,2026-06-05,Cơm thịt kho trứng,37000,34,24000,3,1,2,delivery,15:45,24000,13000,0.333,Sinh viên,Cơm văn phòng,Phường Long Bình
L02172,R141,2026-06-05,Cơm canh chua,34000,35,22000,3,1,2,delivery,15:00,22000,12000,0.333,Sinh viên,Cơm văn phòng,Phường Long Bình
L02173,R142,2026-06-05,Bún riêu cua đồng,43000,47,23000,4,2,2,pickup,11:15,46000,40000,0.5,Công nhân,Bún riêu,Phường Thuận An
L02174,R142,2026-06-05,Bún riêu thập cẩm,35000,45,19000,6,3,3,pickup,11:45,57000,48000,0.5,Công nhân,Bún riêu,Phường Thuận An
L02175,R142,2026-06-05,Bún riêu cua,35000,49,18000,6,3,3,pickup,11:30,54000,51000,0.5,Công nhân,Bún riêu,Phường Thuận An
L02176,R142,2026-06-05,Bún riêu cua mọc,32000,50,16000,5,4,1,pickup,11:00,64000,64000,0.8,Công nhân,Bún riêu,Phường Thuận An
L02177,R143,2026-06-05,Bánh mì gà,22000,47,12000,3,2,1,delivery,16:45,24000,20000,0.667,Sinh viên,Bánh mì,Phường Cát Lái
L02178,R143,2026-06-05,Bánh mì xíu mại,25000,51,12000,3,2,1,pickup,16:00,24000,26000,0.667,Sinh viên,Bánh mì,Phường Cát Lái
L02179,R143,2026-06-05,Bánh mì trứng,17000,43,10000,2,1,1,pickup,16:15,10000,7000,0.5,Sinh viên,Bánh mì,Phường Cát Lái
L02180,R143,2026-06-05,Bánh mì thịt nguội,18000,46,10000,3,2,1,delivery,16:15,20000,16000,0.667,Sinh viên,Bánh mì,Phường Cát Lái
L02181,R144,2026-06-05,Bún bò giò heo,50000,55,22000,4,3,1,pickup,15:45,66000,84000,0.75,Sinh viên,Bún bò,Phường Phước Long
L02182,R144,2026-06-05,Bún bò viên,62000,57,27000,3,2,1,pickup,15:15,54000,70000,0.667,Sinh viên,Bún bò,Phường Phước Long
L02183,R144,2026-06-05,Bún bò thập cẩm,40000,56,18000,3,2,1,pickup,15:15,36000,44000,0.667,Sinh viên,Bún bò,Phường Phước Long
L02184,R145,2026-06-05,Cơm tấm bì,34000,50,17000,1,0,1,delivery,19:30,0,0,0.0,Trung tâm,Cơm tấm,Phường Phú Nhuận
L02185,R145,2026-06-05,Cơm tấm đặc biệt,36000,48,19000,1,0,1,delivery,19:30,0,0,0.0,Trung tâm,Cơm tấm,Phường Phú Nhuận
L02186,R145,2026-06-05,Cơm tấm sườn trứng,48000,42,28000,2,1,1,delivery,19:45,28000,20000,0.5,Trung tâm,Cơm tấm,Phường Phú Nhuận
L02187,R145,2026-06-05,Cơm tấm sườn bì chả,42000,48,22000,1,0,1,pickup,19:15,0,0,0.0,Trung tâm,Cơm tấm,Phường Phú Nhuận
L02188,R146,2026-06-05,Bún bò giò heo,43000,52,21000,2,1,1,pickup,16:45,21000,22000,0.5,Công nhân,Bún bò,Phường Tân Đông Hiệp
L02189,R146,2026-06-05,Bún bò Huế đặc biệt,41000,55,18000,3,2,1,delivery,16:45,36000,46000,0.667,Công nhân,Bún bò,Phường Tân Đông Hiệp
L02190,R146,2026-06-05,Bún bò gân,41000,49,21000,2,1,1,delivery,16:00,21000,20000,0.5,Công nhân,Bún bò,Phường Tân Đông Hiệp
L02191,R147,2026-06-05,Phở bò tái,45000,30,31000,4,1,3,delivery,14:30,31000,14000,0.25,Công nhân,Phở,Phường Dĩ An
L02192,R147,2026-06-05,Phở bò viên,61000,34,40000,3,1,2,delivery,14:00,40000,21000,0.333,Công nhân,Phở,Phường Dĩ An
L02193,R148,2026-06-05,Bún bò thập cẩm,36000,35,23000,3,1,2,pickup,17:30,23000,13000,0.333,Trung tâm,Bún bò,Phường Cầu Kiệu
L02194,R148,2026-06-05,Bún bò viên,45000,33,30000,3,1,2,delivery,17:15,30000,15000,0.333,Trung tâm,Bún bò,Phường Cầu Kiệu
L02195,R149,2026-06-05,Bún bò viên,44000,33,29000,15,4,11,pickup,13:30,116000,60000,0.267,Sinh viên,Bún bò,Phường An Khánh
L02196,R000,2026-06-06,Bún bò thập cẩm,53000,39,32000,8,2,6,delivery,18:00,64000,42000,0.25,Công nhân,Bún bò,Phường Đông Hòa
L02197,R000,2026-06-06,Bún bò gân,42000,37,26000,8,4,4,delivery,18:30,104000,64000,0.5,Công nhân,Bún bò,Phường Đông Hòa
L02198,R000,2026-06-06,Bún bò Huế đặc biệt,50000,35,32000,9,5,4,delivery,18:30,160000,90000,0.556,Công nhân,Bún bò,Phường Đông Hòa
L02199,R001,2026-06-06,Cơm tấm bì,37000,38,23000,2,1,1,pickup,19:00,23000,14000,0.5,Ngoại ô,Cơm tấm,Xã Bình Chánh
L02200,R001,2026-06-06,Cơm tấm đặc biệt,49000,43,28000,2,1,1,pickup,19:00,28000,21000,0.5,Ngoại ô,Cơm tấm,Xã Bình Chánh
L02201,R001,2026-06-06,Cơm tấm sườn bì chả,35000,42,20000,2,1,1,pickup,19:30,20000,15000,0.5,Ngoại ô,Cơm tấm,Xã Bình Chánh
L02202,R002,2026-06-06,Hủ tiếu thập cẩm,46000,33,31000,3,1,2,delivery,20:30,31000,15000,0.333,Dân cư đông,Hủ tiếu,Phường An Nhơn
L02203,R002,2026-06-06,Hủ tiếu mì,43000,42,25000,2,1,1,delivery,20:30,25000,18000,0.5,Dân cư đông,Hủ tiếu,Phường An Nhơn
L02204,R002,2026-06-06,Hủ tiếu Nam Vang,43000,33,29000,3,1,2,delivery,20:15,29000,14000,0.333,Dân cư đông,Hủ tiếu,Phường An Nhơn
L02205,R002,2026-06-06,Hủ tiếu sa tế,54000,40,32000,3,2,1,pickup,20:45,64000,44000,0.667,Dân cư đông,Hủ tiếu,Phường An Nhơn
L02206,R002,2026-06-06,Hủ tiếu bò kho,51000,32,35000,3,1,2,delivery,20:30,35000,16000,0.333,Dân cư đông,Hủ tiếu,Phường An Nhơn
L02207,R003,2026-06-06,Phở bò tái,39000,53,18000,8,6,2,delivery,18:45,108000,126000,0.75,Công nhân,Phở,Phường Bình Hòa
L02208,R003,2026-06-06,Phở bò tái nạm,47000,57,20000,7,6,1,delivery,18:00,120000,162000,0.857,Công nhân,Phở,Phường Bình Hòa
L02209,R003,2026-06-06,Phở gà,50000,56,22000,7,4,3,pickup,18:00,88000,112000,0.571,Công nhân,Phở,Phường Bình Hòa
L02210,R003,2026-06-06,Phở bò viên,48000,54,22000,5,4,1,delivery,18:15,88000,104000,0.8,Công nhân,Phở,Phường Bình Hòa
L02211,R004,2026-06-06,Hủ tiếu Nam Vang,54000,57,23000,1,0,1,delivery,16:30,0,0,0.0,Sinh viên,Hủ tiếu,Phường Cát Lái
L02212,R004,2026-06-06,Hủ tiếu thập cẩm,56000,57,24000,1,0,1,pickup,16:15,0,0,0.0,Sinh viên,Hủ tiếu,Phường Cát Lái
L02213,R004,2026-06-06,Hủ tiếu bò kho,47000,56,21000,1,0,1,delivery,16:45,0,0,0.0,Sinh viên,Hủ tiếu,Phường Cát Lái
L02214,R004,2026-06-06,Hủ tiếu mì,47000,57,20000,1,0,1,pickup,16:00,0,0,0.0,Sinh viên,Hủ tiếu,Phường Cát Lái
L02215,R005,2026-06-06,Hủ tiếu sa tế,39000,54,18000,3,2,1,pickup,10:15,36000,42000,0.667,Sinh viên,Hủ tiếu,Phường Long Bình
L02216,R005,2026-06-06,Hủ tiếu thập cẩm,46000,48,24000,3,1,2,pickup,10:45,24000,22000,0.333,Sinh viên,Hủ tiếu,Phường Long Bình
L02217,R005,2026-06-06,Hủ tiếu Nam Vang,49000,48,25000,3,1,2,pickup,10:00,25000,24000,0.333,Sinh viên,Hủ tiếu,Phường Long Bình
L02218,R005,2026-06-06,Hủ tiếu bò kho,45000,54,21000,4,2,2,pickup,10:15,42000,48000,0.5,Sinh viên,Hủ tiếu,Phường Long Bình
L02219,R006,2026-06-06,Bún bò Huế đặc biệt,51000,40,31000,2,1,1,delivery,17:30,31000,20000,0.5,Trung tâm,Bún bò,Phường Nhiêu Lộc
L02220,R006,2026-06-06,Bún bò viên,54000,42,31000,2,1,1,delivery,17:00,31000,23000,0.5,Trung tâm,Bún bò,Phường Nhiêu Lộc
L02221,R006,2026-06-06,Bún bò gân,46000,42,27000,2,1,1,delivery,17:30,27000,19000,0.5,Trung tâm,Bún bò,Phường Nhiêu Lộc
L02222,R006,2026-06-06,Bún bò thập cẩm,43000,38,27000,2,0,2,delivery,17:30,0,0,0.0,Trung tâm,Bún bò,Phường Nhiêu Lộc
L02223,R007,2026-06-06,Phở bò chín,62000,37,39000,18,8,10,pickup,09:15,312000,184000,0.444,Dân cư đông,Phở,Phường An Hội Đông
L02224,R008,2026-06-06,Hủ tiếu Nam Vang,45000,41,27000,5,3,2,delivery,16:00,81000,54000,0.6,Công nhân,Hủ tiếu,Phường Thuận An
L02225,R008,2026-06-06,Hủ tiếu bò kho,37000,43,21000,5,3,2,delivery,16:45,63000,48000,0.6,Công nhân,Hủ tiếu,Phường Thuận An
L02226,R008,2026-06-06,Hủ tiếu sa tế,45000,49,23000,5,2,3,delivery,16:00,46000,44000,0.4,Công nhân,Hủ tiếu,Phường Thuận An
L02227,R009,2026-06-06,Cơm tấm sườn nướng,30000,54,14000,3,2,1,pickup,20:15,28000,32000,0.667,Dân cư đông,Cơm tấm,Phường Tân Bình
L02228,R009,2026-06-06,Cơm tấm sườn trứng,33000,57,14000,5,3,2,pickup,20:00,42000,57000,0.6,Dân cư đông,Cơm tấm,Phường Tân Bình
L02229,R009,2026-06-06,Cơm tấm bì,37000,51,18000,3,2,1,pickup,20:45,36000,38000,0.667,Dân cư đông,Cơm tấm,Phường Tân Bình
L02230,R010,2026-06-06,Cơm tấm sườn nướng,40000,46,22000,1,0,1,delivery,19:00,0,0,0.0,Trung tâm,Cơm tấm,Phường Đức Nhuận
L02231,R010,2026-06-06,Cơm tấm sườn trứng,39000,42,23000,1,0,1,delivery,19:00,0,0,0.0,Trung tâm,Cơm tấm,Phường Đức Nhuận
L02232,R010,2026-06-06,Cơm tấm bì,36000,44,20000,1,0,1,delivery,19:00,0,0,0.0,Trung tâm,Cơm tấm,Phường Đức Nhuận
L02233,R011,2026-06-06,Bánh mì gà,19000,36,12000,5,2,3,delivery,20:45,24000,14000,0.4,Ngoại ô,Bánh mì,Xã Hiệp Phước
L02234,R012,2026-06-06,Phở bò tái nạm,58000,56,26000,2,1,1,delivery,20:30,26000,32000,0.5,Dân cư đông,Phở,Phường Khánh Hội
L02235,R012,2026-06-06,Phở bò viên,43000,60,17000,2,1,1,delivery,20:00,17000,26000,0.5,Dân cư đông,Phở,Phường Khánh Hội
L02236,R013,2026-06-06,Phở bò tái nạm,40000,47,21000,3,1,2,delivery,12:45,21000,19000,0.333,Sinh viên,Phở,Phường Long Bình
L02237,R013,2026-06-06,Phở bò chín,53000,53,25000,3,2,1,delivery,12:45,50000,56000,0.667,Sinh viên,Phở,Phường Long Bình
L02238,R013,2026-06-06,Phở bò viên,46000,49,23000,4,2,2,delivery,12:00,46000,46000,0.5,Sinh viên,Phở,Phường Long Bình
L02239,R013,2026-06-06,Phở bò tái,59000,51,29000,4,3,1,delivery,12:45,87000,90000,0.75,Sinh viên,Phở,Phường Long Bình
L02240,R013,2026-06-06,Phở gà,52000,55,23000,3,2,1,delivery,12:00,46000,58000,0.667,Sinh viên,Phở,Phường Long Bình
L02241,R014,2026-06-06,Bánh mì chả lụa,27000,58,11000,1,0,1,pickup,12:45,0,0,0.0,Sinh viên,Bánh mì,Phường An Khánh
L02242,R014,2026-06-06,Bánh mì trứng,21000,57,9000,1,0,1,delivery,12:00,0,0,0.0,Sinh viên,Bánh mì,Phường An Khánh
L02243,R015,2026-06-06,Hủ tiếu thập cẩm,44000,47,23000,6,4,2,delivery,13:30,92000,84000,0.667,Sinh viên,Hủ tiếu,Phường Hiệp Bình
L02244,R015,2026-06-06,Hủ tiếu Nam Vang,44000,41,26000,6,4,2,delivery,13:15,104000,72000,0.667,Sinh viên,Hủ tiếu,Phường Hiệp Bình
L02245,R015,2026-06-06,Hủ tiếu bò kho,42000,37,26000,5,1,4,pickup,13:15,26000,16000,0.2,Sinh viên,Hủ tiếu,Phường Hiệp Bình
L02246,R016,2026-06-06,Phở bò tái nạm,39000,46,21000,3,1,2,delivery,16:30,21000,18000,0.333,Sinh viên,Phở,Phường Tăng Nhơn Phú
L02247,R016,2026-06-06,Phở gà,58000,51,28000,4,2,2,delivery,16:30,56000,60000,0.5,Sinh viên,Phở,Phường Tăng Nhơn Phú
L02248,R016,2026-06-06,Phở bò viên,51000,52,24000,4,3,1,delivery,16:00,72000,81000,0.75,Sinh viên,Phở,Phường Tăng Nhơn Phú
L02249,R017,2026-06-06,Cơm tấm đặc biệt,33000,30,23000,16,5,11,delivery,13:00,115000,50000,0.312,Công nhân,Cơm tấm,Phường Dĩ An
L02250,R018,2026-06-06,Cơm tấm sườn bì chả,32000,47,17000,3,2,1,delivery,16:00,34000,30000,0.667,Công nhân,Cơm tấm,Phường Lái Thiêu
L02251,R019,2026-06-06,Bún bò giò heo,44000,37,28000,8,4,4,pickup,18:15,112000,64000,0.5,Sinh viên,Bún bò,Phường Long Bình
L02252,R019,2026-06-06,Bún bò Huế đặc biệt,43000,39,26000,8,3,5,pickup,18:45,78000,51000,0.375,Sinh viên,Bún bò,Phường Long Bình
L02253,R020,2026-06-06,Phở bò tái nạm,42000,37,26000,2,0,2,delivery,09:45,0,0,0.0,Công nhân,Phở,Phường Đông Hòa
L02254,R020,2026-06-06,Phở gà,47000,44,26000,1,0,1,delivery,09:00,0,0,0.0,Công nhân,Phở,Phường Đông Hòa
L02255,R020,2026-06-06,Phở bò chín,42000,44,24000,2,1,1,delivery,09:45,24000,18000,0.5,Công nhân,Phở,Phường Đông Hòa
L02256,R020,2026-06-06,Phở bò viên,50000,39,30000,1,0,1,delivery,09:30,0,0,0.0,Công nhân,Phở,Phường Đông Hòa
L02257,R021,2026-06-06,Hủ tiếu thập cẩm,41000,38,25000,2,0,2,pickup,20:45,0,0,0.0,Sinh viên,Hủ tiếu,Phường Bình Trưng
L02258,R021,2026-06-06,Hủ tiếu Nam Vang,39000,44,22000,3,2,1,pickup,20:00,44000,34000,0.667,Sinh viên,Hủ tiếu,Phường Bình Trưng
L02259,R022,2026-06-06,Bánh mì trứng,27000,60,11000,2,1,1,delivery,18:15,11000,16000,0.5,Sinh viên,Bánh mì,Phường Long Bình
L02260,R022,2026-06-06,Bánh mì xíu mại,22000,60,9000,2,1,1,delivery,18:30,9000,13000,0.5,Sinh viên,Bánh mì,Phường Long Bình
L02261,R022,2026-06-06,Bánh mì thịt nguội,24000,60,10000,2,1,1,delivery,18:30,10000,14000,0.5,Sinh viên,Bánh mì,Phường Long Bình
L02262,R022,2026-06-06,Bánh mì chả lụa,25000,54,12000,2,1,1,pickup,18:15,12000,13000,0.5,Sinh viên,Bánh mì,Phường Long Bình
L02263,R022,2026-06-06,Bánh mì gà,19000,60,8000,2,1,1,delivery,18:30,8000,11000,0.5,Sinh viên,Bánh mì,Phường Long Bình
L02264,R023,2026-06-06,Bánh mì gà,27000,30,19000,3,1,2,delivery,17:15,19000,8000,0.333,Công nhân,Bánh mì,Phường Tân Đông Hiệp
L02265,R023,2026-06-06,Bánh mì trứng,24000,30,17000,3,1,2,pickup,17:00,17000,7000,0.333,Công nhân,Bánh mì,Phường Tân Đông Hiệp
L02266,R024,2026-06-06,Hủ tiếu sa tế,45000,48,23000,13,9,4,delivery,14:30,207000,198000,0.692,Công nhân,Hủ tiếu,Phường An Phú
L02267,R025,2026-06-06,Cơm gà xối mỡ,36000,32,24000,1,0,1,pickup,11:30,0,0,0.0,Dân cư đông,Cơm văn phòng,Phường An Hội Đông
L02268,R025,2026-06-06,Cơm canh chua,41000,31,28000,1,0,1,delivery,11:00,0,0,0.0,Dân cư đông,Cơm văn phòng,Phường An Hội Đông
L02269,R025,2026-06-06,Cơm thịt kho trứng,41000,37,26000,1,0,1,delivery,11:15,0,0,0.0,Dân cư đông,Cơm văn phòng,Phường An Hội Đông
L02270,R025,2026-06-06,Cơm sườn đậu hũ,32000,32,22000,2,1,1,delivery,11:30,22000,10000,0.5,Dân cư đông,Cơm văn phòng,Phường An Hội Đông
L02271,R025,2026-06-06,Cơm gà luộc,34000,37,21000,2,1,1,delivery,11:00,21000,13000,0.5,Dân cư đông,Cơm văn phòng,Phường An Hội Đông
L02272,R026,2026-06-06,Bún riêu cua mọc,46000,39,28000,4,2,2,delivery,16:15,56000,36000,0.5,Sinh viên,Bún riêu,Phường Tam Bình
L02273,R027,2026-06-06,Bún bò Huế đặc biệt,50000,32,34000,3,1,2,pickup,17:00,34000,16000,0.333,Công nhân,Bún bò,Phường Hòa Lợi
L02274,R028,2026-06-06,Bánh mì gà,33000,57,14000,6,4,2,delivery,14:15,56000,76000,0.667,Công nhân,Bánh mì,Phường Tân Đông Hiệp
L02275,R029,2026-06-06,Phở bò tái nạm,53000,52,25000,1,0,1,pickup,19:15,0,0,0.0,Trung tâm,Phở,Phường Bến Thành
L02276,R029,2026-06-06,Phở gà,42000,56,18000,1,0,1,delivery,19:45,0,0,0.0,Trung tâm,Phở,Phường Bến Thành
L02277,R029,2026-06-06,Phở bò viên,58000,52,28000,1,0,1,delivery,19:15,0,0,0.0,Trung tâm,Phở,Phường Bến Thành
L02278,R029,2026-06-06,Phở bò chín,49000,59,20000,1,0,1,pickup,19:45,0,0,0.0,Trung tâm,Phở,Phường Bến Thành
L02279,R030,2026-06-06,Bún bò giò heo,40000,47,21000,14,10,4,pickup,15:00,210000,190000,0.714,Công nhân,Bún bò,Phường An Phú
L02280,R030,2026-06-06,Bún bò gân,45000,52,22000,13,11,2,pickup,15:30,242000,253000,0.846,Công nhân,Bún bò,Phường An Phú
L02281,R031,2026-06-06,Phở bò viên,61000,46,33000,6,3,3,delivery,09:45,99000,84000,0.5,Sinh viên,Phở,Phường Phước Long
L02282,R031,2026-06-06,Phở bò tái nạm,52000,41,31000,5,3,2,pickup,09:15,93000,63000,0.6,Sinh viên,Phở,Phường Phước Long
L02283,R032,2026-06-06,Cơm sườn đậu hũ,50000,47,26000,4,2,2,delivery,13:00,52000,48000,0.5,Trung tâm,Cơm văn phòng,Phường Cầu Ông Lãnh
L02284,R033,2026-06-06,Cơm tấm sườn nướng,34000,49,17000,1,0,1,pickup,13:00,0,0,0.0,Dân cư đông,Cơm tấm,Phường Tân Hòa
L02285,R033,2026-06-06,Cơm tấm bì,50000,42,29000,2,1,1,pickup,13:15,29000,21000,0.5,Dân cư đông,Cơm tấm,Phường Tân Hòa
L02286,R033,2026-06-06,Cơm tấm sườn bì chả,43000,44,24000,1,0,1,pickup,13:00,0,0,0.0,Dân cư đông,Cơm tấm,Phường Tân Hòa
L02287,R033,2026-06-06,Cơm tấm đặc biệt,32000,47,17000,1,0,1,pickup,13:30,0,0,0.0,Dân cư đông,Cơm tấm,Phường Tân Hòa
L02288,R033,2026-06-06,Cơm tấm sườn trứng,38000,44,21000,1,0,1,pickup,13:15,0,0,0.0,Dân cư đông,Cơm tấm,Phường Tân Hòa
L02289,R034,2026-06-06,Bún bò giò heo,42000,35,27000,6,3,3,delivery,18:45,81000,45000,0.5,Ngoại ô,Bún bò,Xã Bình Chánh
L02290,R034,2026-06-06,Bún bò viên,49000,34,32000,6,3,3,delivery,18:45,96000,51000,0.5,Ngoại ô,Bún bò,Xã Bình Chánh
L02291,R035,2026-06-06,Bánh mì xíu mại,24000,53,11000,1,0,1,delivery,12:15,0,0,0.0,Dân cư đông,Bánh mì,Phường Tân Sơn Nhất
L02292,R035,2026-06-06,Bánh mì chả lụa,29000,56,13000,1,0,1,delivery,12:00,0,0,0.0,Dân cư đông,Bánh mì,Phường Tân Sơn Nhất
L02293,R035,2026-06-06,Bánh mì gà,23000,54,11000,1,0,1,delivery,12:45,0,0,0.0,Dân cư đông,Bánh mì,Phường Tân Sơn Nhất
L02294,R035,2026-06-06,Bánh mì trứng,25000,58,10000,1,0,1,delivery,12:15,0,0,0.0,Dân cư đông,Bánh mì,Phường Tân Sơn Nhất
L02295,R035,2026-06-06,Bánh mì thịt nguội,24000,52,12000,1,0,1,delivery,12:45,0,0,0.0,Dân cư đông,Bánh mì,Phường Tân Sơn Nhất
L02296,R036,2026-06-06,Bún bò viên,44000,39,27000,4,2,2,delivery,14:15,54000,34000,0.5,Sinh viên,Bún bò,Phường Phước Long
L02297,R036,2026-06-06,Bún bò thập cẩm,41000,33,27000,4,1,3,delivery,14:00,27000,14000,0.25,Sinh viên,Bún bò,Phường Phước Long
L02298,R036,2026-06-06,Bún bò giò heo,50000,36,32000,4,2,2,pickup,14:45,64000,36000,0.5,Sinh viên,Bún bò,Phường Phước Long
L02299,R037,2026-06-06,Bún bò thập cẩm,52000,44,29000,6,3,3,delivery,15:00,87000,69000,0.5,Trung tâm,Bún bò,Phường Tân Định
L02300,R038,2026-06-06,Bún bò gân,41000,50,20000,2,1,1,pickup,17:30,20000,21000,0.5,Công nhân,Bún bò,Phường Thuận Giao
L02301,R038,2026-06-06,Bún bò giò heo,57000,44,32000,2,1,1,pickup,17:15,32000,25000,0.5,Công nhân,Bún bò,Phường Thuận Giao
L02302,R039,2026-06-06,Bún riêu cua đồng,52000,58,22000,20,13,7,pickup,09:45,286000,390000,0.65,Công nhân,Bún riêu,Phường Đông Hòa
L02303,R040,2026-06-06,Bún bò thập cẩm,48000,59,20000,1,0,1,pickup,14:30,0,0,0.0,Sinh viên,Bún bò,Phường Bình Trưng
L02304,R041,2026-06-06,Phở bò viên,38000,50,19000,3,2,1,pickup,15:15,38000,38000,0.667,Công nhân,Phở,Phường Tân Khánh
L02305,R041,2026-06-06,Phở gà,46000,42,27000,2,1,1,delivery,15:45,27000,19000,0.5,Công nhân,Phở,Phường Tân Khánh
L02306,R042,2026-06-06,Cơm tấm sườn trứng,44000,56,19000,3,2,1,delivery,11:15,38000,50000,0.667,Trung tâm,Cơm tấm,Phường Tân Định
L02307,R042,2026-06-06,Cơm tấm bì,45000,60,18000,3,2,1,delivery,11:30,36000,54000,0.667,Trung tâm,Cơm tấm,Phường Tân Định
L02308,R042,2026-06-06,Cơm tấm sườn bì chả,45000,57,19000,2,1,1,pickup,11:30,19000,26000,0.5,Trung tâm,Cơm tấm,Phường Tân Định
L02309,R043,2026-06-06,Cơm canh chua,43000,60,17000,3,2,1,pickup,16:15,34000,52000,0.667,Dân cư đông,Cơm văn phòng,Phường Bảy Hiền
L02310,R043,2026-06-06,Cơm sườn đậu hũ,37000,55,17000,2,1,1,pickup,16:15,17000,20000,0.5,Dân cư đông,Cơm văn phòng,Phường Bảy Hiền
L02311,R043,2026-06-06,Cơm gà xối mỡ,41000,58,17000,2,1,1,pickup,16:15,17000,24000,0.5,Dân cư đông,Cơm văn phòng,Phường Bảy Hiền
L02312,R043,2026-06-06,Cơm gà luộc,35000,60,14000,2,1,1,pickup,16:45,14000,21000,0.5,Dân cư đông,Cơm văn phòng,Phường Bảy Hiền
L02313,R043,2026-06-06,Cơm thịt kho trứng,42000,54,19000,2,1,1,pickup,16:30,19000,23000,0.5,Dân cư đông,Cơm văn phòng,Phường Bảy Hiền
L02314,R044,2026-06-06,Hủ tiếu thập cẩm,58000,45,32000,2,1,1,delivery,13:15,32000,26000,0.5,Sinh viên,Hủ tiếu,Phường Tam Bình
L02315,R044,2026-06-06,Hủ tiếu mì,42000,52,20000,3,2,1,delivery,13:15,40000,44000,0.667,Sinh viên,Hủ tiếu,Phường Tam Bình
L02316,R044,2026-06-06,Hủ tiếu bò kho,52000,51,25000,3,2,1,delivery,13:15,50000,54000,0.667,Sinh viên,Hủ tiếu,Phường Tam Bình
L02317,R045,2026-06-06,Bún bò viên,61000,40,37000,4,2,2,pickup,17:30,74000,48000,0.5,Công nhân,Bún bò,Phường Thuận An
L02318,R045,2026-06-06,Bún bò thập cẩm,48000,40,29000,4,2,2,pickup,17:45,58000,38000,0.5,Công nhân,Bún bò,Phường Thuận An
L02319,R045,2026-06-06,Bún bò Huế đặc biệt,40000,37,25000,5,1,4,pickup,17:45,25000,15000,0.2,Công nhân,Bún bò,Phường Thuận An
L02320,R046,2026-06-06,Bánh mì chả lụa,29000,59,12000,3,2,1,pickup,13:15,24000,34000,0.667,Sinh viên,Bánh mì,Phường Cát Lái
L02321,R046,2026-06-06,Bánh mì thịt nguội,26000,49,13000,3,1,2,pickup,13:15,13000,13000,0.333,Sinh viên,Bánh mì,Phường Cát Lái
L02322,R046,2026-06-06,Bánh mì trứng,20000,51,10000,3,2,1,pickup,13:45,20000,20000,0.667,Sinh viên,Bánh mì,Phường Cát Lái
L02323,R046,2026-06-06,Bánh mì xíu mại,20000,56,9000,3,1,2,pickup,13:00,9000,11000,0.333,Sinh viên,Bánh mì,Phường Cát Lái
L02324,R046,2026-06-06,Bánh mì gà,21000,54,10000,2,1,1,pickup,13:00,10000,11000,0.5,Sinh viên,Bánh mì,Phường Cát Lái
L02325,R047,2026-06-06,Bún bò viên,54000,40,32000,20,11,9,delivery,17:00,352000,242000,0.55,Công nhân,Bún bò,Phường Tân Khánh
L02326,R048,2026-06-06,Bánh mì thịt nguội,27000,51,13000,3,2,1,delivery,18:45,26000,28000,0.667,Công nhân,Bánh mì,Phường An Phú
L02327,R048,2026-06-06,Bánh mì gà,31000,54,14000,4,2,2,delivery,18:00,28000,34000,0.5,Công nhân,Bánh mì,Phường An Phú
L02328,R049,2026-06-06,Phở bò viên,49000,42,28000,1,0,1,pickup,12:45,0,0,0.0,Sinh viên,Phở,Phường Thủ Đức
L02329,R049,2026-06-06,Phở bò tái nạm,50000,37,32000,1,0,1,pickup,12:45,0,0,0.0,Sinh viên,Phở,Phường Thủ Đức
L02330,R049,2026-06-06,Phở gà,36000,46,19000,1,0,1,pickup,12:00,0,0,0.0,Sinh viên,Phở,Phường Thủ Đức
L02331,R049,2026-06-06,Phở bò chín,60000,46,32000,1,0,1,pickup,12:45,0,0,0.0,Sinh viên,Phở,Phường Thủ Đức
L02332,R050,2026-06-06,Bánh mì gà,21000,42,12000,1,0,1,delivery,17:15,0,0,0.0,Ngoại ô,Bánh mì,Xã Hưng Long
L02333,R051,2026-06-06,Hủ tiếu mì,41000,52,20000,5,4,1,pickup,13:15,80000,84000,0.8,Dân cư đông,Hủ tiếu,Phường Hạnh Thông
L02334,R052,2026-06-06,Cơm tấm sườn trứng,38000,43,22000,4,2,2,delivery,18:45,44000,32000,0.5,Dân cư đông,Cơm tấm,Phường Xóm Chiếu
L02335,R052,2026-06-06,Cơm tấm đặc biệt,39000,40,23000,4,2,2,delivery,18:30,46000,32000,0.5,Dân cư đông,Cơm tấm,Phường Xóm Chiếu
L02336,R052,2026-06-06,Cơm tấm sườn bì chả,44000,41,26000,4,2,2,delivery,18:30,52000,36000,0.5,Dân cư đông,Cơm tấm,Phường Xóm Chiếu
L02337,R053,2026-06-06,Bánh mì trứng,19000,59,8000,3,2,1,pickup,17:00,16000,22000,0.667,Dân cư đông,Bánh mì,Phường Gia Định
L02338,R053,2026-06-06,Bánh mì gà,29000,59,12000,3,2,1,delivery,17:15,24000,34000,0.667,Dân cư đông,Bánh mì,Phường Gia Định
L02339,R053,2026-06-06,Bánh mì thịt nguội,29000,60,12000,4,3,1,delivery,17:00,36000,51000,0.75,Dân cư đông,Bánh mì,Phường Gia Định
L02340,R053,2026-06-06,Bánh mì chả lụa,29000,57,12000,3,2,1,delivery,17:30,24000,34000,0.667,Dân cư đông,Bánh mì,Phường Gia Định
L02341,R053,2026-06-06,Bánh mì xíu mại,16000,54,7000,3,2,1,delivery,17:30,14000,18000,0.667,Dân cư đông,Bánh mì,Phường Gia Định
L02342,R054,2026-06-06,Bánh mì chả lụa,29000,55,13000,4,3,1,delivery,11:30,39000,48000,0.75,Công nhân,Bánh mì,Phường Bình Hòa
L02343,R054,2026-06-06,Bánh mì thịt nguội,20000,58,8000,3,1,2,delivery,11:45,8000,12000,0.333,Công nhân,Bánh mì,Phường Bình Hòa
L02344,R054,2026-06-06,Bánh mì gà,31000,49,16000,3,2,1,delivery,11:15,32000,30000,0.667,Công nhân,Bánh mì,Phường Bình Hòa
L02345,R054,2026-06-06,Bánh mì xíu mại,30000,56,13000,4,2,2,delivery,11:30,26000,34000,0.5,Công nhân,Bánh mì,Phường Bình Hòa
L02346,R055,2026-06-06,Cơm tấm bì,40000,60,16000,2,1,1,delivery,12:15,16000,24000,0.5,Dân cư đông,Cơm tấm,Phường Thông Tây Hội
L02347,R055,2026-06-06,Cơm tấm sườn bì chả,40000,55,18000,1,0,1,pickup,12:30,0,0,0.0,Dân cư đông,Cơm tấm,Phường Thông Tây Hội
L02348,R055,2026-06-06,Cơm tấm đặc biệt,38000,55,17000,2,1,1,delivery,12:30,17000,21000,0.5,Dân cư đông,Cơm tấm,Phường Thông Tây Hội
L02349,R055,2026-06-06,Cơm tấm sườn trứng,32000,55,14000,1,0,1,delivery,12:45,0,0,0.0,Dân cư đông,Cơm tấm,Phường Thông Tây Hội
L02350,R055,2026-06-06,Cơm tấm sườn nướng,35000,56,15000,1,0,1,delivery,12:45,0,0,0.0,Dân cư đông,Cơm tấm,Phường Thông Tây Hội
L02351,R056,2026-06-06,Hủ tiếu Nam Vang,46000,33,31000,3,1,2,pickup,17:30,31000,15000,0.333,Trung tâm,Hủ tiếu,Phường Nhiêu Lộc
L02352,R056,2026-06-06,Hủ tiếu thập cẩm,51000,41,30000,4,2,2,pickup,17:15,60000,42000,0.5,Trung tâm,Hủ tiếu,Phường Nhiêu Lộc
L02353,R057,2026-06-06,Bún bò thập cẩm,52000,50,26000,1,0,1,pickup,18:15,0,0,0.0,Sinh viên,Bún bò,Phường Bình Trưng
L02354,R057,2026-06-06,Bún bò gân,46000,49,23000,1,0,1,pickup,18:00,0,0,0.0,Sinh viên,Bún bò,Phường Bình Trưng
L02355,R058,2026-06-06,Bánh mì xíu mại,32000,36,20000,1,0,1,pickup,19:00,0,0,0.0,Trung tâm,Bánh mì,Phường Cầu Kiệu
L02356,R058,2026-06-06,Bánh mì gà,24000,36,15000,1,0,1,pickup,19:30,0,0,0.0,Trung tâm,Bánh mì,Phường Cầu Kiệu
L02357,R058,2026-06-06,Bánh mì chả lụa,22000,36,14000,1,0,1,pickup,19:30,0,0,0.0,Trung tâm,Bánh mì,Phường Cầu Kiệu
L02358,R058,2026-06-06,Bánh mì trứng,22000,38,14000,1,0,1,pickup,19:45,0,0,0.0,Trung tâm,Bánh mì,Phường Cầu Kiệu
L02359,R059,2026-06-06,Cơm tấm sườn trứng,38000,30,27000,2,0,2,delivery,14:00,0,0,0.0,Sinh viên,Cơm tấm,Phường Tam Bình
L02360,R059,2026-06-06,Cơm tấm sườn nướng,37000,30,26000,1,0,1,delivery,14:45,0,0,0.0,Sinh viên,Cơm tấm,Phường Tam Bình
L02361,R060,2026-06-06,Phở bò tái nạm,52000,60,21000,2,1,1,pickup,10:15,21000,31000,0.5,Công nhân,Phở,Phường Tân Đông Hiệp
L02362,R061,2026-06-06,Cơm tấm bì,34000,43,19000,4,2,2,pickup,15:30,38000,30000,0.5,Sinh viên,Cơm tấm,Phường Tam Bình
L02363,R061,2026-06-06,Cơm tấm sườn bì chả,41000,50,20000,4,3,1,delivery,15:15,60000,63000,0.75,Sinh viên,Cơm tấm,Phường Tam Bình
L02364,R062,2026-06-06,Phở bò chín,45000,37,28000,1,0,1,delivery,10:45,0,0,0.0,Dân cư đông,Phở,Phường Hạnh Thông
L02365,R062,2026-06-06,Phở gà,51000,36,33000,1,0,1,delivery,10:00,0,0,0.0,Dân cư đông,Phở,Phường Hạnh Thông
L02366,R062,2026-06-06,Phở bò tái,43000,30,30000,1,0,1,delivery,10:15,0,0,0.0,Dân cư đông,Phở,Phường Hạnh Thông
L02367,R062,2026-06-06,Phở bò tái nạm,59000,31,41000,1,0,1,delivery,10:30,0,0,0.0,Dân cư đông,Phở,Phường Hạnh Thông
L02368,R062,2026-06-06,Phở bò viên,51000,31,35000,1,0,1,delivery,10:45,0,0,0.0,Dân cư đông,Phở,Phường Hạnh Thông
L02369,R063,2026-06-06,Hủ tiếu thập cẩm,46000,38,29000,4,1,3,delivery,19:45,29000,17000,0.25,Công nhân,Hủ tiếu,Phường Thuận Giao
L02370,R063,2026-06-06,Hủ tiếu Nam Vang,51000,42,30000,5,2,3,delivery,19:45,60000,42000,0.4,Công nhân,Hủ tiếu,Phường Thuận Giao
L02371,R063,2026-06-06,Hủ tiếu bò kho,56000,40,34000,4,2,2,delivery,19:00,68000,44000,0.5,Công nhân,Hủ tiếu,Phường Thuận Giao
L02372,R064,2026-06-06,Bún bò gân,42000,43,24000,3,2,1,pickup,10:45,48000,36000,0.667,Sinh viên,Bún bò,Phường Tăng Nhơn Phú
L02373,R064,2026-06-06,Bún bò viên,51000,47,27000,3,1,2,delivery,10:30,27000,24000,0.333,Sinh viên,Bún bò,Phường Tăng Nhơn Phú
L02374,R064,2026-06-06,Bún bò thập cẩm,56000,47,30000,3,2,1,delivery,10:15,60000,52000,0.667,Sinh viên,Bún bò,Phường Tăng Nhơn Phú
L02375,R065,2026-06-06,Cơm tấm bì,39000,49,20000,2,1,1,pickup,19:00,20000,19000,0.5,Công nhân,Cơm tấm,Phường Đông Hòa
L02376,R065,2026-06-06,Cơm tấm sườn nướng,52000,51,25000,1,0,1,pickup,19:00,0,0,0.0,Công nhân,Cơm tấm,Phường Đông Hòa
L02377,R065,2026-06-06,Cơm tấm đặc biệt,35000,48,18000,2,1,1,pickup,19:45,18000,17000,0.5,Công nhân,Cơm tấm,Phường Đông Hòa
L02378,R066,2026-06-06,Cơm gà luộc,28000,54,13000,4,2,2,pickup,09:00,26000,30000,0.5,Sinh viên,Cơm văn phòng,Phường An Khánh
L02379,R066,2026-06-06,Cơm sườn đậu hũ,30000,60,12000,4,3,1,pickup,09:00,36000,54000,0.75,Sinh viên,Cơm văn phòng,Phường An Khánh
L02380,R066,2026-06-06,Cơm thịt kho trứng,49000,58,21000,5,4,1,pickup,09:45,84000,112000,0.8,Sinh viên,Cơm văn phòng,Phường An Khánh
L02381,R067,2026-06-06,Cơm thịt kho trứng,32000,51,16000,1,0,1,delivery,19:15,0,0,0.0,Dân cư đông,Cơm văn phòng,Phường An Hội Đông
L02382,R067,2026-06-06,Cơm gà xối mỡ,47000,49,24000,1,0,1,delivery,19:00,0,0,0.0,Dân cư đông,Cơm văn phòng,Phường An Hội Đông
L02383,R067,2026-06-06,Cơm sườn đậu hũ,38000,47,20000,1,0,1,delivery,19:30,0,0,0.0,Dân cư đông,Cơm văn phòng,Phường An Hội Đông
L02384,R067,2026-06-06,Cơm gà luộc,33000,50,16000,1,0,1,delivery,19:45,0,0,0.0,Dân cư đông,Cơm văn phòng,Phường An Hội Đông
L02385,R067,2026-06-06,Cơm canh chua,45000,51,22000,1,0,1,pickup,19:30,0,0,0.0,Dân cư đông,Cơm văn phòng,Phường An Hội Đông
L02386,R068,2026-06-06,Bún riêu cua mọc,40000,34,26000,1,0,1,delivery,19:30,0,0,0.0,Trung tâm,Bún riêu,Phường Xuân Hòa
L02387,R068,2026-06-06,Bún riêu cua,53000,35,34000,1,0,1,delivery,19:30,0,0,0.0,Trung tâm,Bún riêu,Phường Xuân Hòa
L02388,R068,2026-06-06,Bún riêu thập cẩm,40000,32,27000,1,0,1,delivery,19:00,0,0,0.0,Trung tâm,Bún riêu,Phường Xuân Hòa
L02389,R069,2026-06-06,Bánh mì xíu mại,20000,50,10000,1,0,1,delivery,20:00,0,0,0.0,Ngoại ô,Bánh mì,Xã Xuân Thới Sơn
L02390,R069,2026-06-06,Bánh mì gà,29000,43,17000,1,0,1,pickup,20:45,0,0,0.0,Ngoại ô,Bánh mì,Xã Xuân Thới Sơn
L02391,R069,2026-06-06,Bánh mì thịt nguội,33000,47,17000,1,0,1,pickup,20:45,0,0,0.0,Ngoại ô,Bánh mì,Xã Xuân Thới Sơn
L02392,R070,2026-06-06,Hủ tiếu sa tế,42000,60,17000,1,0,1,pickup,19:00,0,0,0.0,Dân cư đông,Hủ tiếu,Phường Gò Vấp
L02393,R070,2026-06-06,Hủ tiếu Nam Vang,54000,60,22000,1,0,1,pickup,19:15,0,0,0.0,Dân cư đông,Hủ tiếu,Phường Gò Vấp
L02394,R070,2026-06-06,Hủ tiếu thập cẩm,48000,60,19000,1,0,1,delivery,19:00,0,0,0.0,Dân cư đông,Hủ tiếu,Phường Gò Vấp
L02395,R070,2026-06-06,Hủ tiếu bò kho,59000,59,24000,1,0,1,delivery,19:45,0,0,0.0,Dân cư đông,Hủ tiếu,Phường Gò Vấp
L02396,R071,2026-06-06,Cơm tấm sườn trứng,29000,39,18000,4,1,3,pickup,11:15,18000,11000,0.25,Sinh viên,Cơm tấm,Phường Bình Trưng
L02397,R071,2026-06-06,Cơm tấm sườn nướng,28000,31,19000,4,2,2,pickup,11:00,38000,18000,0.5,Sinh viên,Cơm tấm,Phường Bình Trưng
L02398,R071,2026-06-06,Cơm tấm sườn bì chả,46000,38,29000,4,2,2,delivery,11:30,58000,34000,0.5,Sinh viên,Cơm tấm,Phường Bình Trưng
L02399,R071,2026-06-06,Cơm tấm đặc biệt,48000,32,33000,3,1,2,pickup,11:00,33000,15000,0.333,Sinh viên,Cơm tấm,Phường Bình Trưng
L02400,R071,2026-06-06,Cơm tấm bì,34000,30,24000,3,1,2,delivery,11:30,24000,10000,0.333,Sinh viên,Cơm tấm,Phường Bình Trưng
L02401,R072,2026-06-06,Cơm canh chua,29000,49,15000,5,3,2,pickup,14:45,45000,42000,0.6,Trung tâm,Cơm văn phòng,Phường Bến Thành
L02402,R072,2026-06-06,Cơm thịt kho trứng,39000,51,19000,5,4,1,delivery,14:00,76000,80000,0.8,Trung tâm,Cơm văn phòng,Phường Bến Thành
L02403,R073,2026-06-06,Bánh mì xíu mại,28000,46,15000,2,1,1,delivery,16:30,15000,13000,0.5,Dân cư đông,Bánh mì,Phường Vĩnh Hội
L02404,R073,2026-06-06,Bánh mì chả lụa,24000,43,14000,2,1,1,pickup,16:00,14000,10000,0.5,Dân cư đông,Bánh mì,Phường Vĩnh Hội
L02405,R074,2026-06-06,Cơm gà luộc,33000,32,22000,2,0,2,pickup,17:15,0,0,0.0,Dân cư đông,Cơm văn phòng,Phường Bình Lợi Trung
L02406,R074,2026-06-06,Cơm gà xối mỡ,32000,30,22000,2,1,1,pickup,17:30,22000,10000,0.5,Dân cư đông,Cơm văn phòng,Phường Bình Lợi Trung
L02407,R074,2026-06-06,Cơm canh chua,38000,35,25000,2,1,1,pickup,17:45,25000,13000,0.5,Dân cư đông,Cơm văn phòng,Phường Bình Lợi Trung
L02408,R074,2026-06-06,Cơm thịt kho trứng,51000,30,36000,2,0,2,pickup,17:30,0,0,0.0,Dân cư đông,Cơm văn phòng,Phường Bình Lợi Trung
L02409,R074,2026-06-06,Cơm sườn đậu hũ,43000,30,30000,2,0,2,pickup,17:45,0,0,0.0,Dân cư đông,Cơm văn phòng,Phường Bình Lợi Trung
L02410,R075,2026-06-06,Cơm tấm bì,33000,47,17000,2,1,1,pickup,15:30,17000,16000,0.5,Dân cư đông,Cơm tấm,Phường Vĩnh Hội
L02411,R075,2026-06-06,Cơm tấm đặc biệt,31000,50,16000,3,2,1,delivery,15:30,32000,30000,0.667,Dân cư đông,Cơm tấm,Phường Vĩnh Hội
L02412,R075,2026-06-06,Cơm tấm sườn trứng,40000,45,22000,3,1,2,delivery,15:00,22000,18000,0.333,Dân cư đông,Cơm tấm,Phường Vĩnh Hội
L02413,R076,2026-06-06,Phở bò chín,49000,39,30000,7,2,5,pickup,12:30,60000,38000,0.286,Dân cư đông,Phở,Phường An Nhơn
L02414,R076,2026-06-06,Phở bò tái nạm,57000,48,30000,6,4,2,pickup,12:45,120000,108000,0.667,Dân cư đông,Phở,Phường An Nhơn
L02415,R076,2026-06-06,Phở bò tái,53000,41,31000,6,4,2,pickup,12:00,124000,88000,0.667,Dân cư đông,Phở,Phường An Nhơn
L02416,R077,2026-06-06,Cơm tấm bì,34000,42,20000,2,1,1,delivery,14:45,20000,14000,0.5,Trung tâm,Cơm tấm,Phường Xuân Hòa
L02417,R077,2026-06-06,Cơm tấm sườn bì chả,40000,46,22000,2,1,1,pickup,14:15,22000,18000,0.5,Trung tâm,Cơm tấm,Phường Xuân Hòa
L02418,R077,2026-06-06,Cơm tấm sườn nướng,28000,46,15000,2,1,1,delivery,14:45,15000,13000,0.5,Trung tâm,Cơm tấm,Phường Xuân Hòa
L02419,R078,2026-06-06,Bún riêu cua,44000,38,27000,2,1,1,delivery,13:15,27000,17000,0.5,Công nhân,Bún riêu,Phường Tân Đông Hiệp
L02420,R078,2026-06-06,Bún riêu cua đồng,39000,35,25000,2,0,2,pickup,13:45,0,0,0.0,Công nhân,Bún riêu,Phường Tân Đông Hiệp
L02421,R078,2026-06-06,Bún riêu thập cẩm,48000,33,32000,2,0,2,delivery,13:45,0,0,0.0,Công nhân,Bún riêu,Phường Tân Đông Hiệp
L02422,R078,2026-06-06,Bún riêu cua mọc,45000,42,26000,2,1,1,delivery,13:30,26000,19000,0.5,Công nhân,Bún riêu,Phường Tân Đông Hiệp
L02423,R079,2026-06-06,Cơm tấm bì,37000,49,19000,8,5,3,delivery,16:00,95000,90000,0.625,Sinh viên,Cơm tấm,Phường Bình Trưng
L02424,R080,2026-06-06,Cơm tấm bì,47000,41,28000,2,1,1,pickup,09:15,28000,19000,0.5,Dân cư đông,Cơm tấm,Phường An Hội Đông
L02425,R080,2026-06-06,Cơm tấm sườn nướng,47000,49,24000,1,0,1,delivery,09:00,0,0,0.0,Dân cư đông,Cơm tấm,Phường An Hội Đông
L02426,R080,2026-06-06,Cơm tấm sườn trứng,45000,42,26000,2,1,1,delivery,09:15,26000,19000,0.5,Dân cư đông,Cơm tấm,Phường An Hội Đông
L02427,R080,2026-06-06,Cơm tấm sườn bì chả,52000,48,27000,1,0,1,delivery,09:45,0,0,0.0,Dân cư đông,Cơm tấm,Phường An Hội Đông
L02428,R080,2026-06-06,Cơm tấm đặc biệt,53000,50,26000,1,0,1,delivery,09:15,0,0,0.0,Dân cư đông,Cơm tấm,Phường An Hội Đông
L02429,R081,2026-06-06,Bún riêu cua mọc,45000,59,18000,3,2,1,pickup,09:00,36000,54000,0.667,Công nhân,Bún riêu,Phường Đông Hòa
L02430,R081,2026-06-06,Bún riêu thập cẩm,42000,56,18000,3,2,1,pickup,09:30,36000,48000,0.667,Công nhân,Bún riêu,Phường Đông Hòa
L02431,R081,2026-06-06,Bún riêu cua đồng,52000,56,23000,4,3,1,pickup,09:30,69000,87000,0.75,Công nhân,Bún riêu,Phường Đông Hòa
L02432,R081,2026-06-06,Bún riêu cua,46000,57,20000,3,2,1,pickup,09:15,40000,52000,0.667,Công nhân,Bún riêu,Phường Đông Hòa
L02433,R082,2026-06-06,Hủ tiếu sa tế,47000,52,23000,8,5,3,delivery,19:45,115000,120000,0.625,Sinh viên,Hủ tiếu,Phường Tăng Nhơn Phú
L02434,R082,2026-06-06,Hủ tiếu Nam Vang,46000,52,22000,10,8,2,delivery,19:15,176000,192000,0.8,Sinh viên,Hủ tiếu,Phường Tăng Nhơn Phú
L02435,R083,2026-06-06,Cơm tấm sườn nướng,34000,30,24000,2,1,1,delivery,14:45,24000,10000,0.5,Trung tâm,Cơm tấm,Phường Sài Gòn
L02436,R083,2026-06-06,Cơm tấm bì,36000,35,23000,1,0,1,delivery,14:00,0,0,0.0,Trung tâm,Cơm tấm,Phường Sài Gòn
L02437,R083,2026-06-06,Cơm tấm đặc biệt,41000,34,27000,2,0,2,delivery,14:45,0,0,0.0,Trung tâm,Cơm tấm,Phường Sài Gòn
L02438,R084,2026-06-06,Bún riêu thập cẩm,39000,37,25000,1,0,1,delivery,18:00,0,0,0.0,Sinh viên,Bún riêu,Phường Hiệp Bình
L02439,R085,2026-06-06,Bánh mì chả lụa,18000,53,8000,18,12,6,pickup,20:30,96000,120000,0.667,Sinh viên,Bánh mì,Phường Tăng Nhơn Phú
L02440,R086,2026-06-06,Phở bò chín,61000,57,26000,1,0,1,delivery,10:30,0,0,0.0,Dân cư đông,Phở,Phường Tân Sơn Nhất
L02441,R086,2026-06-06,Phở bò tái nạm,49000,54,23000,1,0,1,delivery,10:00,0,0,0.0,Dân cư đông,Phở,Phường Tân Sơn Nhất
L02442,R086,2026-06-06,Phở gà,54000,59,22000,1,0,1,delivery,10:00,0,0,0.0,Dân cư đông,Phở,Phường Tân Sơn Nhất
L02443,R086,2026-06-06,Phở bò tái,59000,50,30000,1,0,1,delivery,10:45,0,0,0.0,Dân cư đông,Phở,Phường Tân Sơn Nhất
L02444,R086,2026-06-06,Phở bò viên,52000,52,25000,1,0,1,delivery,10:45,0,0,0.0,Dân cư đông,Phở,Phường Tân Sơn Nhất
L02445,R087,2026-06-06,Phở bò tái,55000,37,35000,13,4,9,pickup,13:00,140000,80000,0.308,Công nhân,Phở,Phường Thuận An
L02446,R087,2026-06-06,Phở gà,39000,37,25000,14,7,7,pickup,13:15,175000,98000,0.5,Công nhân,Phở,Phường Thuận An
L02447,R088,2026-06-06,Cơm tấm đặc biệt,48000,54,22000,3,2,1,pickup,09:45,44000,52000,0.667,Dân cư đông,Cơm tấm,Phường Gò Vấp
L02448,R088,2026-06-06,Cơm tấm bì,37000,60,15000,3,2,1,delivery,09:00,30000,44000,0.667,Dân cư đông,Cơm tấm,Phường Gò Vấp
L02449,R088,2026-06-06,Cơm tấm sườn nướng,38000,60,15000,2,1,1,delivery,09:30,15000,23000,0.5,Dân cư đông,Cơm tấm,Phường Gò Vấp
L02450,R088,2026-06-06,Cơm tấm sườn bì chả,39000,58,16000,2,1,1,delivery,09:30,16000,23000,0.5,Dân cư đông,Cơm tấm,Phường Gò Vấp
L02451,R088,2026-06-06,Cơm tấm sườn trứng,31000,56,14000,3,2,1,pickup,09:45,28000,34000,0.667,Dân cư đông,Cơm tấm,Phường Gò Vấp
L02452,R089,2026-06-06,Hủ tiếu Nam Vang,42000,31,29000,1,0,1,delivery,15:15,0,0,0.0,Công nhân,Hủ tiếu,Phường Đông Hòa
L02453,R089,2026-06-06,Hủ tiếu bò kho,48000,37,30000,1,0,1,delivery,15:15,0,0,0.0,Công nhân,Hủ tiếu,Phường Đông Hòa
L02454,R089,2026-06-06,Hủ tiếu mì,41000,31,28000,1,0,1,delivery,15:45,0,0,0.0,Công nhân,Hủ tiếu,Phường Đông Hòa
L02455,R089,2026-06-06,Hủ tiếu sa tế,44000,35,29000,1,0,1,delivery,15:15,0,0,0.0,Công nhân,Hủ tiếu,Phường Đông Hòa
L02456,R090,2026-06-06,Hủ tiếu bò kho,54000,45,30000,18,14,4,delivery,09:30,420000,336000,0.778,Sinh viên,Hủ tiếu,Phường Thủ Đức
L02457,R091,2026-06-06,Bánh mì xíu mại,24000,60,10000,3,2,1,pickup,12:00,20000,28000,0.667,Dân cư đông,Bánh mì,Phường Xóm Chiếu
L02458,R092,2026-06-06,Cơm tấm đặc biệt,38000,39,23000,2,0,2,pickup,17:30,0,0,0.0,Dân cư đông,Cơm tấm,Phường Gia Định
L02459,R092,2026-06-06,Cơm tấm sườn bì chả,39000,30,27000,2,1,1,delivery,17:00,27000,12000,0.5,Dân cư đông,Cơm tấm,Phường Gia Định
L02460,R092,2026-06-06,Cơm tấm bì,38000,39,23000,2,0,2,delivery,17:30,0,0,0.0,Dân cư đông,Cơm tấm,Phường Gia Định
L02461,R092,2026-06-06,Cơm tấm sườn trứng,37000,36,24000,2,1,1,pickup,17:45,24000,13000,0.5,Dân cư đông,Cơm tấm,Phường Gia Định
L02462,R092,2026-06-06,Cơm tấm sườn nướng,27000,39,16000,3,0,3,delivery,17:00,0,0,0.0,Dân cư đông,Cơm tấm,Phường Gia Định
L02463,R093,2026-06-06,Phở bò tái nạm,49000,31,34000,6,1,5,delivery,09:15,34000,15000,0.167,Công nhân,Phở,Phường Tân Đông Hiệp
L02464,R093,2026-06-06,Phở bò viên,41000,41,24000,6,3,3,pickup,09:00,72000,51000,0.5,Công nhân,Phở,Phường Tân Đông Hiệp
L02465,R093,2026-06-06,Phở gà,46000,32,31000,5,2,3,pickup,09:15,62000,30000,0.4,Công nhân,Phở,Phường Tân Đông Hiệp
L02466,R093,2026-06-06,Phở bò chín,55000,36,35000,5,1,4,delivery,09:00,35000,20000,0.2,Công nhân,Phở,Phường Tân Đông Hiệp
L02467,R094,2026-06-06,Hủ tiếu thập cẩm,52000,52,25000,10,9,1,delivery,12:15,225000,243000,0.9,Dân cư đông,Hủ tiếu,Phường Bình Lợi Trung
L02468,R095,2026-06-06,Cơm tấm sườn trứng,39000,59,16000,2,1,1,delivery,14:45,16000,23000,0.5,Công nhân,Cơm tấm,Phường Lái Thiêu
L02469,R095,2026-06-06,Cơm tấm đặc biệt,28000,60,11000,2,1,1,delivery,14:15,11000,17000,0.5,Công nhân,Cơm tấm,Phường Lái Thiêu
L02470,R095,2026-06-06,Cơm tấm sườn bì chả,46000,60,18000,2,1,1,pickup,14:45,18000,28000,0.5,Công nhân,Cơm tấm,Phường Lái Thiêu
L02471,R095,2026-06-06,Cơm tấm sườn nướng,44000,59,18000,2,1,1,delivery,14:00,18000,26000,0.5,Công nhân,Cơm tấm,Phường Lái Thiêu
L02472,R096,2026-06-06,Cơm canh chua,36000,44,20000,8,4,4,pickup,14:45,80000,64000,0.5,Công nhân,Cơm văn phòng,Phường Lái Thiêu
L02473,R096,2026-06-06,Cơm gà xối mỡ,43000,38,27000,12,6,6,pickup,14:00,162000,96000,0.5,Công nhân,Cơm văn phòng,Phường Lái Thiêu
L02474,R097,2026-06-06,Hủ tiếu sa tế,50000,57,22000,2,1,1,delivery,20:45,22000,28000,0.5,Công nhân,Hủ tiếu,Phường Tân Đông Hiệp
L02475,R097,2026-06-06,Hủ tiếu mì,38000,48,20000,3,1,2,pickup,20:15,20000,18000,0.333,Công nhân,Hủ tiếu,Phường Tân Đông Hiệp
L02476,R097,2026-06-06,Hủ tiếu thập cẩm,48000,50,24000,3,2,1,pickup,20:45,48000,48000,0.667,Công nhân,Hủ tiếu,Phường Tân Đông Hiệp
L02477,R098,2026-06-06,Bún riêu cua đồng,43000,35,28000,2,0,2,pickup,16:30,0,0,0.0,Trung tâm,Bún riêu,Phường Xuân Hòa
L02478,R099,2026-06-06,Cơm thịt kho trứng,39000,60,16000,1,0,1,pickup,09:30,0,0,0.0,Sinh viên,Cơm văn phòng,Phường An Khánh
L02479,R099,2026-06-06,Cơm gà luộc,31000,54,14000,1,0,1,pickup,09:30,0,0,0.0,Sinh viên,Cơm văn phòng,Phường An Khánh
L02480,R099,2026-06-06,Cơm gà xối mỡ,33000,57,14000,1,0,1,pickup,09:30,0,0,0.0,Sinh viên,Cơm văn phòng,Phường An Khánh
L02481,R099,2026-06-06,Cơm canh chua,48000,60,19000,1,0,1,pickup,09:45,0,0,0.0,Sinh viên,Cơm văn phòng,Phường An Khánh
L02482,R099,2026-06-06,Cơm sườn đậu hũ,30000,60,12000,1,0,1,pickup,09:15,0,0,0.0,Sinh viên,Cơm văn phòng,Phường An Khánh
L02483,R100,2026-06-06,Hủ tiếu mì,49000,45,27000,2,1,1,pickup,15:00,27000,22000,0.5,Trung tâm,Hủ tiếu,Phường Tân Định
L02484,R100,2026-06-06,Hủ tiếu sa tế,44000,42,26000,3,1,2,delivery,15:30,26000,18000,0.333,Trung tâm,Hủ tiếu,Phường Tân Định
L02485,R101,2026-06-06,Phở bò tái,51000,31,35000,1,0,1,pickup,09:00,0,0,0.0,Công nhân,Phở,Phường Bình Hòa
L02486,R101,2026-06-06,Phở bò chín,48000,35,31000,1,0,1,pickup,09:30,0,0,0.0,Công nhân,Phở,Phường Bình Hòa
L02487,R101,2026-06-06,Phở bò tái nạm,47000,30,33000,1,0,1,pickup,09:00,0,0,0.0,Công nhân,Phở,Phường Bình Hòa
L02488,R102,2026-06-06,Bún bò thập cẩm,49000,54,23000,1,0,1,pickup,15:15,0,0,0.0,Sinh viên,Bún bò,Phường Thủ Đức
L02489,R102,2026-06-06,Bún bò viên,41000,57,18000,2,1,1,delivery,15:15,18000,23000,0.5,Sinh viên,Bún bò,Phường Thủ Đức
L02490,R102,2026-06-06,Bún bò giò heo,43000,52,21000,1,0,1,delivery,15:30,0,0,0.0,Sinh viên,Bún bò,Phường Thủ Đức
L02491,R102,2026-06-06,Bún bò gân,51000,57,22000,2,1,1,pickup,15:00,22000,29000,0.5,Sinh viên,Bún bò,Phường Thủ Đức
L02492,R103,2026-06-06,Cơm thịt kho trứng,36000,32,24000,7,4,3,delivery,11:45,96000,48000,0.571,Công nhân,Cơm văn phòng,Phường Đông Hòa
L02493,R103,2026-06-06,Cơm gà xối mỡ,37000,38,23000,7,4,3,delivery,11:30,92000,56000,0.571,Công nhân,Cơm văn phòng,Phường Đông Hòa
L02494,R103,2026-06-06,Cơm canh chua,44000,36,28000,6,2,4,delivery,11:30,56000,32000,0.333,Công nhân,Cơm văn phòng,Phường Đông Hòa
L02495,R104,2026-06-06,Bánh mì gà,25000,47,13000,1,0,1,pickup,19:45,0,0,0.0,Dân cư đông,Bánh mì,Phường Thông Tây Hội
L02496,R104,2026-06-06,Bánh mì chả lụa,24000,51,12000,1,0,1,pickup,19:45,0,0,0.0,Dân cư đông,Bánh mì,Phường Thông Tây Hội
L02497,R104,2026-06-06,Bánh mì thịt nguội,20000,53,9000,1,0,1,pickup,19:15,0,0,0.0,Dân cư đông,Bánh mì,Phường Thông Tây Hội
L02498,R104,2026-06-06,Bánh mì xíu mại,21000,44,12000,1,0,1,pickup,19:00,0,0,0.0,Dân cư đông,Bánh mì,Phường Thông Tây Hội
L02499,R104,2026-06-06,Bánh mì trứng,22000,45,12000,1,0,1,pickup,19:45,0,0,0.0,Dân cư đông,Bánh mì,Phường Thông Tây Hội
L02500,R105,2026-06-06,Bánh mì chả lụa,32000,30,22000,5,2,3,pickup,16:15,44000,20000,0.4,Sinh viên,Bánh mì,Phường Tam Bình
L02501,R105,2026-06-06,Bánh mì thịt nguội,27000,31,19000,5,1,4,pickup,16:15,19000,8000,0.2,Sinh viên,Bánh mì,Phường Tam Bình
L02502,R106,2026-06-06,Phở bò viên,44000,60,18000,7,4,3,pickup,11:00,72000,104000,0.571,Công nhân,Phở,Phường An Phú
L02503,R106,2026-06-06,Phở bò tái,50000,54,23000,8,5,3,pickup,11:15,115000,135000,0.625,Công nhân,Phở,Phường An Phú
L02504,R106,2026-06-06,Phở bò chín,45000,56,20000,6,4,2,pickup,11:30,80000,100000,0.667,Công nhân,Phở,Phường An Phú
L02505,R107,2026-06-06,Hủ tiếu mì,46000,36,29000,17,8,9,delivery,09:45,232000,136000,0.471,Dân cư đông,Hủ tiếu,Phường Gò Vấp
L02506,R108,2026-06-06,Cơm tấm đặc biệt,34000,44,19000,4,2,2,delivery,16:00,38000,30000,0.5,Sinh viên,Cơm tấm,Phường Thủ Đức
L02507,R108,2026-06-06,Cơm tấm bì,42000,49,21000,3,1,2,delivery,16:15,21000,21000,0.333,Sinh viên,Cơm tấm,Phường Thủ Đức
L02508,R108,2026-06-06,Cơm tấm sườn trứng,47000,47,25000,3,2,1,delivery,16:30,50000,44000,0.667,Sinh viên,Cơm tấm,Phường Thủ Đức
L02509,R108,2026-06-06,Cơm tấm sườn bì chả,38000,46,21000,4,2,2,pickup,16:45,42000,34000,0.5,Sinh viên,Cơm tấm,Phường Thủ Đức
L02510,R109,2026-06-06,Hủ tiếu bò kho,46000,60,18000,1,0,1,delivery,11:00,0,0,0.0,Trung tâm,Hủ tiếu,Phường Sài Gòn
L02511,R109,2026-06-06,Hủ tiếu thập cẩm,50000,60,20000,1,0,1,pickup,11:45,0,0,0.0,Trung tâm,Hủ tiếu,Phường Sài Gòn
L02512,R109,2026-06-06,Hủ tiếu mì,52000,53,24000,1,0,1,delivery,11:00,0,0,0.0,Trung tâm,Hủ tiếu,Phường Sài Gòn
L02513,R110,2026-06-06,Phở bò viên,45000,60,18000,3,2,1,pickup,10:15,36000,54000,0.667,Sinh viên,Phở,Phường Hiệp Bình
L02514,R110,2026-06-06,Phở bò tái nạm,59000,60,24000,4,3,1,delivery,10:00,72000,105000,0.75,Sinh viên,Phở,Phường Hiệp Bình
L02515,R111,2026-06-06,Bánh mì thịt nguội,22000,52,11000,5,3,2,delivery,09:30,33000,33000,0.6,Sinh viên,Bánh mì,Phường Long Bình
L02516,R112,2026-06-06,Hủ tiếu mì,39000,54,18000,1,0,1,pickup,11:30,0,0,0.0,Dân cư đông,Hủ tiếu,Phường Gò Vấp
L02517,R112,2026-06-06,Hủ tiếu bò kho,42000,45,23000,1,0,1,delivery,11:30,0,0,0.0,Dân cư đông,Hủ tiếu,Phường Gò Vấp
L02518,R112,2026-06-06,Hủ tiếu thập cẩm,49000,50,24000,1,0,1,pickup,11:45,0,0,0.0,Dân cư đông,Hủ tiếu,Phường Gò Vấp
L02519,R112,2026-06-06,Hủ tiếu Nam Vang,44000,47,23000,1,0,1,delivery,11:30,0,0,0.0,Dân cư đông,Hủ tiếu,Phường Gò Vấp
L02520,R112,2026-06-06,Hủ tiếu sa tế,39000,53,18000,1,0,1,delivery,11:30,0,0,0.0,Dân cư đông,Hủ tiếu,Phường Gò Vấp
L02521,R113,2026-06-06,Bánh mì trứng,26000,53,12000,1,0,1,delivery,10:30,0,0,0.0,Dân cư đông,Bánh mì,Phường Tân Hòa
L02522,R113,2026-06-06,Bánh mì gà,29000,45,16000,1,0,1,delivery,10:15,0,0,0.0,Dân cư đông,Bánh mì,Phường Tân Hòa
L02523,R113,2026-06-06,Bánh mì thịt nguội,26000,50,13000,1,0,1,delivery,10:00,0,0,0.0,Dân cư đông,Bánh mì,Phường Tân Hòa
L02524,R113,2026-06-06,Bánh mì chả lụa,22000,48,11000,1,0,1,delivery,10:30,0,0,0.0,Dân cư đông,Bánh mì,Phường Tân Hòa
L02525,R113,2026-06-06,Bánh mì xíu mại,20000,53,9000,1,0,1,delivery,10:00,0,0,0.0,Dân cư đông,Bánh mì,Phường Tân Hòa
L02526,R114,2026-06-06,Cơm gà xối mỡ,30000,40,18000,1,0,1,pickup,10:30,0,0,0.0,Công nhân,Cơm văn phòng,Phường Bình Hòa
L02527,R114,2026-06-06,Cơm gà luộc,36000,39,22000,1,0,1,delivery,10:45,0,0,0.0,Công nhân,Cơm văn phòng,Phường Bình Hòa
L02528,R114,2026-06-06,Cơm sườn đậu hũ,34000,40,20000,2,1,1,delivery,10:45,20000,14000,0.5,Công nhân,Cơm văn phòng,Phường Bình Hòa
L02529,R114,2026-06-06,Cơm canh chua,37000,43,21000,1,0,1,delivery,10:00,0,0,0.0,Công nhân,Cơm văn phòng,Phường Bình Hòa
L02530,R115,2026-06-06,Cơm tấm sườn nướng,35000,38,22000,1,0,1,delivery,14:15,0,0,0.0,Dân cư đông,Cơm tấm,Phường Khánh Hội
L02531,R115,2026-06-06,Cơm tấm sườn bì chả,45000,38,28000,1,0,1,delivery,14:30,0,0,0.0,Dân cư đông,Cơm tấm,Phường Khánh Hội
L02532,R116,2026-06-06,Cơm gà luộc,50000,40,30000,2,1,1,pickup,20:15,30000,20000,0.5,Dân cư đông,Cơm văn phòng,Phường Bình Lợi Trung
L02533,R116,2026-06-06,Cơm gà xối mỡ,38000,34,25000,2,1,1,pickup,20:30,25000,13000,0.5,Dân cư đông,Cơm văn phòng,Phường Bình Lợi Trung
L02534,R117,2026-06-06,Bánh mì gà,18000,37,11000,1,0,1,delivery,09:00,0,0,0.0,Sinh viên,Bánh mì,Phường Hiệp Bình
L02535,R117,2026-06-06,Bánh mì thịt nguội,24000,44,13000,1,0,1,delivery,09:30,0,0,0.0,Sinh viên,Bánh mì,Phường Hiệp Bình
L02536,R117,2026-06-06,Bánh mì trứng,18000,36,12000,1,0,1,delivery,09:00,0,0,0.0,Sinh viên,Bánh mì,Phường Hiệp Bình
L02537,R118,2026-06-06,Bánh mì thịt nguội,26000,34,17000,4,1,3,pickup,10:45,17000,9000,0.25,Dân cư đông,Bánh mì,Phường Gò Vấp
L02538,R118,2026-06-06,Bánh mì chả lụa,27000,32,18000,3,1,2,pickup,10:45,18000,9000,0.333,Dân cư đông,Bánh mì,Phường Gò Vấp
L02539,R118,2026-06-06,Bánh mì trứng,26000,35,17000,4,1,3,pickup,10:00,17000,9000,0.25,Dân cư đông,Bánh mì,Phường Gò Vấp
L02540,R119,2026-06-06,Bún bò gân,55000,49,28000,6,3,3,pickup,14:45,84000,81000,0.5,Công nhân,Bún bò,Phường Đông Hòa
L02541,R120,2026-06-06,Bún bò viên,47000,50,24000,2,1,1,pickup,11:15,24000,23000,0.5,Dân cư đông,Bún bò,Phường Hạnh Thông
L02542,R120,2026-06-06,Bún bò Huế đặc biệt,47000,53,22000,2,1,1,pickup,11:15,22000,25000,0.5,Dân cư đông,Bún bò,Phường Hạnh Thông
L02543,R120,2026-06-06,Bún bò thập cẩm,43000,56,19000,2,1,1,pickup,11:30,19000,24000,0.5,Dân cư đông,Bún bò,Phường Hạnh Thông
L02544,R120,2026-06-06,Bún bò gân,51000,59,21000,1,0,1,pickup,11:15,0,0,0.0,Dân cư đông,Bún bò,Phường Hạnh Thông
L02545,R120,2026-06-06,Bún bò giò heo,55000,51,27000,1,0,1,pickup,11:15,0,0,0.0,Dân cư đông,Bún bò,Phường Hạnh Thông
L02546,R121,2026-06-06,Cơm sườn đậu hũ,35000,37,22000,1,0,1,pickup,12:30,0,0,0.0,Dân cư đông,Cơm văn phòng,Phường Gò Vấp
L02547,R121,2026-06-06,Cơm thịt kho trứng,44000,36,28000,1,0,1,pickup,12:30,0,0,0.0,Dân cư đông,Cơm văn phòng,Phường Gò Vấp
L02548,R121,2026-06-06,Cơm gà xối mỡ,52000,35,34000,1,0,1,pickup,12:00,0,0,0.0,Dân cư đông,Cơm văn phòng,Phường Gò Vấp
L02549,R121,2026-06-06,Cơm gà luộc,46000,43,26000,1,0,1,pickup,12:30,0,0,0.0,Dân cư đông,Cơm văn phòng,Phường Gò Vấp
L02550,R121,2026-06-06,Cơm canh chua,35000,34,23000,1,0,1,pickup,12:30,0,0,0.0,Dân cư đông,Cơm văn phòng,Phường Gò Vấp
L02551,R122,2026-06-06,Bún riêu cua mọc,44000,48,23000,6,3,3,pickup,09:30,69000,63000,0.5,Sinh viên,Bún riêu,Phường Linh Xuân
L02552,R123,2026-06-06,Cơm gà luộc,40000,58,17000,15,13,2,pickup,16:45,221000,299000,0.867,Sinh viên,Cơm văn phòng,Phường Bình Trưng
L02553,R124,2026-06-06,Bún bò giò heo,58000,30,41000,3,1,2,delivery,15:45,41000,17000,0.333,Sinh viên,Bún bò,Phường Cát Lái
L02554,R124,2026-06-06,Bún bò thập cẩm,57000,30,40000,2,1,1,delivery,15:00,40000,17000,0.5,Sinh viên,Bún bò,Phường Cát Lái
L02555,R124,2026-06-06,Bún bò Huế đặc biệt,41000,33,27000,3,1,2,delivery,15:45,27000,14000,0.333,Sinh viên,Bún bò,Phường Cát Lái
L02556,R124,2026-06-06,Bún bò gân,41000,33,27000,3,1,2,delivery,15:45,27000,14000,0.333,Sinh viên,Bún bò,Phường Cát Lái
L02557,R124,2026-06-06,Bún bò viên,50000,32,34000,3,1,2,delivery,15:00,34000,16000,0.333,Sinh viên,Bún bò,Phường Cát Lái
L02558,R125,2026-06-06,Bánh mì thịt nguội,27000,50,14000,2,1,1,delivery,15:45,14000,13000,0.5,Công nhân,Bánh mì,Phường Lái Thiêu
L02559,R125,2026-06-06,Bánh mì xíu mại,30000,54,14000,3,2,1,pickup,15:15,28000,32000,0.667,Công nhân,Bánh mì,Phường Lái Thiêu
L02560,R126,2026-06-06,Phở bò chín,46000,33,31000,2,0,2,delivery,11:00,0,0,0.0,Dân cư đông,Phở,Phường Gò Vấp
L02561,R126,2026-06-06,Phở bò tái,55000,39,34000,2,0,2,delivery,11:00,0,0,0.0,Dân cư đông,Phở,Phường Gò Vấp
L02562,R126,2026-06-06,Phở bò viên,55000,37,35000,3,1,2,delivery,11:15,35000,20000,0.333,Dân cư đông,Phở,Phường Gò Vấp
L02563,R126,2026-06-06,Phở bò tái nạm,48000,30,34000,2,0,2,delivery,11:30,0,0,0.0,Dân cư đông,Phở,Phường Gò Vấp
L02564,R126,2026-06-06,Phở gà,48000,33,32000,3,1,2,delivery,11:00,32000,16000,0.333,Dân cư đông,Phở,Phường Gò Vấp
L02565,R127,2026-06-06,Cơm canh chua,35000,37,22000,3,1,2,delivery,18:00,22000,13000,0.333,Dân cư đông,Cơm văn phòng,Phường Tân Sơn Nhất
L02566,R127,2026-06-06,Cơm gà xối mỡ,45000,33,30000,3,1,2,delivery,18:30,30000,15000,0.333,Dân cư đông,Cơm văn phòng,Phường Tân Sơn Nhất
L02567,R127,2026-06-06,Cơm gà luộc,28000,37,18000,3,1,2,delivery,18:45,18000,10000,0.333,Dân cư đông,Cơm văn phòng,Phường Tân Sơn Nhất
L02568,R127,2026-06-06,Cơm sườn đậu hũ,46000,38,29000,2,1,1,delivery,18:00,29000,17000,0.5,Dân cư đông,Cơm văn phòng,Phường Tân Sơn Nhất
L02569,R127,2026-06-06,Cơm thịt kho trứng,51000,33,34000,3,0,3,delivery,18:15,0,0,0.0,Dân cư đông,Cơm văn phòng,Phường Tân Sơn Nhất
L02570,R128,2026-06-06,Bánh mì chả lụa,30000,37,19000,4,2,2,delivery,18:45,38000,22000,0.5,Trung tâm,Bánh mì,Phường Đức Nhuận
L02571,R128,2026-06-06,Bánh mì thịt nguội,22000,34,15000,3,1,2,delivery,18:00,15000,7000,0.333,Trung tâm,Bánh mì,Phường Đức Nhuận
L02572,R129,2026-06-06,Phở gà,50000,52,24000,2,1,1,pickup,11:00,24000,26000,0.5,Công nhân,Phở,Phường Dĩ An
L02573,R129,2026-06-06,Phở bò chín,48000,54,22000,1,0,1,pickup,11:00,0,0,0.0,Công nhân,Phở,Phường Dĩ An
L02574,R129,2026-06-06,Phở bò tái nạm,45000,48,23000,2,1,1,pickup,11:30,23000,22000,0.5,Công nhân,Phở,Phường Dĩ An
L02575,R130,2026-06-06,Phở bò tái nạm,43000,40,26000,3,2,1,delivery,10:45,52000,34000,0.667,Công nhân,Phở,Phường Lái Thiêu
L02576,R130,2026-06-06,Phở bò chín,47000,43,27000,4,3,1,delivery,10:00,81000,60000,0.75,Công nhân,Phở,Phường Lái Thiêu
L02577,R130,2026-06-06,Phở gà,59000,49,30000,4,2,2,delivery,10:00,60000,58000,0.5,Công nhân,Phở,Phường Lái Thiêu
L02578,R130,2026-06-06,Phở bò viên,45000,41,27000,4,2,2,delivery,10:15,54000,36000,0.5,Công nhân,Phở,Phường Lái Thiêu
L02579,R131,2026-06-06,Bún bò viên,42000,47,22000,1,0,1,delivery,20:00,0,0,0.0,Sinh viên,Bún bò,Phường Phước Long
L02580,R131,2026-06-06,Bún bò giò heo,56000,55,25000,1,0,1,pickup,20:30,0,0,0.0,Sinh viên,Bún bò,Phường Phước Long
L02581,R131,2026-06-06,Bún bò Huế đặc biệt,44000,52,21000,1,0,1,delivery,20:45,0,0,0.0,Sinh viên,Bún bò,Phường Phước Long
L02582,R131,2026-06-06,Bún bò thập cẩm,49000,54,23000,1,0,1,pickup,20:15,0,0,0.0,Sinh viên,Bún bò,Phường Phước Long
L02583,R132,2026-06-06,Cơm thịt kho trứng,36000,46,19000,3,1,2,delivery,09:45,19000,17000,0.333,Sinh viên,Cơm văn phòng,Phường Linh Xuân
L02584,R132,2026-06-06,Cơm sườn đậu hũ,42000,50,21000,3,2,1,pickup,09:45,42000,42000,0.667,Sinh viên,Cơm văn phòng,Phường Linh Xuân
L02585,R132,2026-06-06,Cơm canh chua,32000,43,18000,4,3,1,pickup,09:15,54000,42000,0.75,Sinh viên,Cơm văn phòng,Phường Linh Xuân
L02586,R133,2026-06-06,Hủ tiếu mì,47000,40,28000,13,7,6,delivery,15:00,196000,133000,0.538,Sinh viên,Hủ tiếu,Phường Cát Lái
L02587,R134,2026-06-06,Cơm tấm sườn bì chả,29000,37,18000,1,0,1,pickup,15:45,0,0,0.0,Dân cư đông,Cơm tấm,Phường An Nhơn
L02588,R134,2026-06-06,Cơm tấm sườn trứng,52000,36,33000,1,0,1,delivery,15:00,0,0,0.0,Dân cư đông,Cơm tấm,Phường An Nhơn
L02589,R134,2026-06-06,Cơm tấm sườn nướng,53000,36,34000,1,0,1,pickup,15:30,0,0,0.0,Dân cư đông,Cơm tấm,Phường An Nhơn
L02590,R135,2026-06-06,Bún bò thập cẩm,42000,51,21000,6,4,2,pickup,20:45,84000,84000,0.667,Sinh viên,Bún bò,Phường Cát Lái
L02591,R135,2026-06-06,Bún bò Huế đặc biệt,37000,44,21000,7,5,2,pickup,20:45,105000,80000,0.714,Sinh viên,Bún bò,Phường Cát Lái
L02592,R135,2026-06-06,Bún bò gân,42000,50,21000,6,4,2,pickup,20:45,84000,84000,0.667,Sinh viên,Bún bò,Phường Cát Lái
L02593,R136,2026-06-06,Bún bò Huế đặc biệt,43000,53,20000,7,6,1,delivery,10:45,120000,138000,0.857,Công nhân,Bún bò,Phường Đông Hòa
L02594,R136,2026-06-06,Bún bò viên,57000,52,27000,5,3,2,delivery,10:45,81000,90000,0.6,Công nhân,Bún bò,Phường Đông Hòa
L02595,R136,2026-06-06,Bún bò gân,45000,57,19000,6,4,2,delivery,10:45,76000,104000,0.667,Công nhân,Bún bò,Phường Đông Hòa
L02596,R137,2026-06-06,Hủ tiếu mì,51000,48,27000,1,0,1,delivery,15:15,0,0,0.0,Dân cư đông,Hủ tiếu,Phường Tân Sơn Nhất
L02597,R137,2026-06-06,Hủ tiếu bò kho,44000,47,23000,1,0,1,delivery,15:30,0,0,0.0,Dân cư đông,Hủ tiếu,Phường Tân Sơn Nhất
L02598,R137,2026-06-06,Hủ tiếu sa tế,53000,45,29000,1,0,1,delivery,15:15,0,0,0.0,Dân cư đông,Hủ tiếu,Phường Tân Sơn Nhất
L02599,R137,2026-06-06,Hủ tiếu Nam Vang,57000,46,31000,1,0,1,delivery,15:00,0,0,0.0,Dân cư đông,Hủ tiếu,Phường Tân Sơn Nhất
L02600,R137,2026-06-06,Hủ tiếu thập cẩm,50000,45,28000,1,0,1,delivery,15:30,0,0,0.0,Dân cư đông,Hủ tiếu,Phường Tân Sơn Nhất
L02601,R138,2026-06-06,Cơm tấm đặc biệt,45000,60,18000,1,0,1,delivery,16:45,0,0,0.0,Công nhân,Cơm tấm,Phường Đông Hòa
L02602,R138,2026-06-06,Cơm tấm sườn trứng,37000,60,15000,1,0,1,delivery,16:45,0,0,0.0,Công nhân,Cơm tấm,Phường Đông Hòa
L02603,R138,2026-06-06,Cơm tấm bì,38000,60,15000,1,0,1,delivery,16:30,0,0,0.0,Công nhân,Cơm tấm,Phường Đông Hòa
L02604,R138,2026-06-06,Cơm tấm sườn nướng,48000,55,22000,1,0,1,delivery,16:15,0,0,0.0,Công nhân,Cơm tấm,Phường Đông Hòa
L02605,R139,2026-06-06,Bánh mì chả lụa,29000,60,12000,2,1,1,delivery,09:45,12000,17000,0.5,Ngoại ô,Bánh mì,Xã Bà Điểm
L02606,R139,2026-06-06,Bánh mì xíu mại,29000,60,12000,3,1,2,delivery,09:15,12000,17000,0.333,Ngoại ô,Bánh mì,Xã Bà Điểm
L02607,R139,2026-06-06,Bánh mì thịt nguội,19000,57,8000,3,2,1,delivery,09:15,16000,22000,0.667,Ngoại ô,Bánh mì,Xã Bà Điểm
L02608,R140,2026-06-06,Bún riêu cua,47000,36,30000,5,2,3,pickup,17:30,60000,34000,0.4,Ngoại ô,Bún riêu,Xã Hiệp Phước
L02609,R140,2026-06-06,Bún riêu cua mọc,39000,37,25000,4,1,3,delivery,17:45,25000,14000,0.25,Ngoại ô,Bún riêu,Xã Hiệp Phước
L02610,R141,2026-06-06,Cơm canh chua,39000,31,27000,3,1,2,delivery,15:00,27000,12000,0.333,Sinh viên,Cơm văn phòng,Phường Long Bình
L02611,R141,2026-06-06,Cơm gà xối mỡ,37000,36,24000,3,1,2,delivery,15:15,24000,13000,0.333,Sinh viên,Cơm văn phòng,Phường Long Bình
L02612,R142,2026-06-06,Bún riêu cua đồng,42000,51,21000,6,4,2,pickup,11:15,84000,84000,0.667,Công nhân,Bún riêu,Phường Thuận An
L02613,R142,2026-06-06,Bún riêu cua,34000,52,16000,5,3,2,pickup,11:30,48000,54000,0.6,Công nhân,Bún riêu,Phường Thuận An
L02614,R142,2026-06-06,Bún riêu thập cẩm,52000,51,25000,5,3,2,pickup,11:00,75000,81000,0.6,Công nhân,Bún riêu,Phường Thuận An
L02615,R142,2026-06-06,Bún riêu cua mọc,48000,50,24000,6,4,2,pickup,11:15,96000,96000,0.667,Công nhân,Bún riêu,Phường Thuận An
L02616,R143,2026-06-06,Bánh mì chả lụa,32000,50,16000,2,1,1,delivery,16:15,16000,16000,0.5,Sinh viên,Bánh mì,Phường Cát Lái
L02617,R143,2026-06-06,Bánh mì thịt nguội,24000,47,13000,3,2,1,delivery,16:00,26000,22000,0.667,Sinh viên,Bánh mì,Phường Cát Lái
L02618,R143,2026-06-06,Bánh mì gà,26000,51,13000,2,1,1,delivery,16:45,13000,13000,0.5,Sinh viên,Bánh mì,Phường Cát Lái
L02619,R143,2026-06-06,Bánh mì trứng,30000,44,17000,3,1,2,pickup,16:30,17000,13000,0.333,Sinh viên,Bánh mì,Phường Cát Lái
L02620,R144,2026-06-06,Bún bò gân,47000,59,19000,3,2,1,pickup,15:00,38000,56000,0.667,Sinh viên,Bún bò,Phường Phước Long
L02621,R144,2026-06-06,Bún bò viên,52000,60,21000,3,2,1,pickup,15:00,42000,62000,0.667,Sinh viên,Bún bò,Phường Phước Long
L02622,R144,2026-06-06,Bún bò thập cẩm,37000,57,16000,4,3,1,pickup,15:30,48000,63000,0.75,Sinh viên,Bún bò,Phường Phước Long
L02623,R145,2026-06-06,Cơm tấm sườn trứng,37000,44,21000,2,1,1,pickup,19:15,21000,16000,0.5,Trung tâm,Cơm tấm,Phường Phú Nhuận
L02624,R145,2026-06-06,Cơm tấm đặc biệt,41000,49,21000,1,0,1,delivery,19:30,0,0,0.0,Trung tâm,Cơm tấm,Phường Phú Nhuận
L02625,R145,2026-06-06,Cơm tấm sườn nướng,49000,42,28000,2,1,1,pickup,19:00,28000,21000,0.5,Trung tâm,Cơm tấm,Phường Phú Nhuận
L02626,R145,2026-06-06,Cơm tấm sườn bì chả,37000,41,22000,2,1,1,pickup,19:00,22000,15000,0.5,Trung tâm,Cơm tấm,Phường Phú Nhuận
L02627,R146,2026-06-06,Bún bò giò heo,52000,51,25000,2,1,1,delivery,16:45,25000,27000,0.5,Công nhân,Bún bò,Phường Tân Đông Hiệp
L02628,R146,2026-06-06,Bún bò thập cẩm,61000,54,28000,2,1,1,delivery,16:00,28000,33000,0.5,Công nhân,Bún bò,Phường Tân Đông Hiệp
L02629,R146,2026-06-06,Bún bò viên,59000,49,30000,2,1,1,delivery,16:30,30000,29000,0.5,Công nhân,Bún bò,Phường Tân Đông Hiệp
L02630,R147,2026-06-06,Phở gà,44000,37,28000,4,1,3,delivery,14:45,28000,16000,0.25,Công nhân,Phở,Phường Dĩ An
L02631,R147,2026-06-06,Phở bò chín,57000,34,38000,3,1,2,delivery,14:45,38000,19000,0.333,Công nhân,Phở,Phường Dĩ An
L02632,R148,2026-06-06,Bún bò gân,54000,30,38000,4,1,3,delivery,17:45,38000,16000,0.25,Trung tâm,Bún bò,Phường Cầu Kiệu
L02633,R148,2026-06-06,Bún bò giò heo,57000,35,37000,3,1,2,delivery,17:15,37000,20000,0.333,Trung tâm,Bún bò,Phường Cầu Kiệu
L02634,R149,2026-06-06,Bún bò giò heo,52000,40,31000,15,11,4,pickup,13:15,341000,231000,0.733,Sinh viên,Bún bò,Phường An Khánh
L02635,R000,2026-06-07,Bún bò giò heo,44000,33,29000,9,5,4,pickup,18:00,145000,75000,0.556,Công nhân,Bún bò,Phường Đông Hòa
L02636,R000,2026-06-07,Bún bò Huế đặc biệt,43000,39,26000,8,3,5,pickup,18:30,78000,51000,0.375,Công nhân,Bún bò,Phường Đông Hòa
L02637,R000,2026-06-07,Bún bò thập cẩm,45000,36,29000,9,4,5,pickup,18:00,116000,64000,0.444,Công nhân,Bún bò,Phường Đông Hòa
L02638,R001,2026-06-07,Cơm tấm sườn trứng,33000,42,19000,2,1,1,pickup,19:45,19000,14000,0.5,Ngoại ô,Cơm tấm,Xã Bình Chánh
L02639,R001,2026-06-07,Cơm tấm sườn bì chả,34000,37,21000,1,0,1,pickup,19:15,0,0,0.0,Ngoại ô,Cơm tấm,Xã Bình Chánh
L02640,R001,2026-06-07,Cơm tấm bì,35000,41,21000,2,1,1,pickup,19:45,21000,14000,0.5,Ngoại ô,Cơm tấm,Xã Bình Chánh
L02641,R002,2026-06-07,Hủ tiếu mì,57000,39,35000,2,1,1,delivery,20:30,35000,22000,0.5,Dân cư đông,Hủ tiếu,Phường An Nhơn
L02642,R002,2026-06-07,Hủ tiếu sa tế,52000,32,35000,2,1,1,delivery,20:45,35000,17000,0.5,Dân cư đông,Hủ tiếu,Phường An Nhơn
L02643,R002,2026-06-07,Hủ tiếu bò kho,59000,41,35000,2,1,1,delivery,20:45,35000,24000,0.5,Dân cư đông,Hủ tiếu,Phường An Nhơn
L02644,R002,2026-06-07,Hủ tiếu thập cẩm,43000,40,26000,3,2,1,delivery,20:45,52000,34000,0.667,Dân cư đông,Hủ tiếu,Phường An Nhơn
L02645,R002,2026-06-07,Hủ tiếu Nam Vang,40000,41,24000,3,1,2,delivery,20:45,24000,16000,0.333,Dân cư đông,Hủ tiếu,Phường An Nhơn
L02646,R003,2026-06-07,Phở gà,43000,57,18000,5,3,2,delivery,18:00,54000,75000,0.6,Công nhân,Phở,Phường Bình Hòa
L02647,R003,2026-06-07,Phở bò chín,38000,53,18000,6,4,2,pickup,18:30,72000,80000,0.667,Công nhân,Phở,Phường Bình Hòa
L02648,R003,2026-06-07,Phở bò tái,50000,51,24000,7,6,1,delivery,18:00,144000,156000,0.857,Công nhân,Phở,Phường Bình Hòa
L02649,R003,2026-06-07,Phở bò viên,52000,57,22000,6,4,2,delivery,18:30,88000,120000,0.667,Công nhân,Phở,Phường Bình Hòa
L02650,R004,2026-06-07,Hủ tiếu mì,43000,57,18000,1,0,1,delivery,16:15,0,0,0.0,Sinh viên,Hủ tiếu,Phường Cát Lái
L02651,R004,2026-06-07,Hủ tiếu bò kho,58000,49,30000,1,0,1,pickup,16:00,0,0,0.0,Sinh viên,Hủ tiếu,Phường Cát Lái
L02652,R004,2026-06-07,Hủ tiếu thập cẩm,45000,50,22000,1,0,1,delivery,16:00,0,0,0.0,Sinh viên,Hủ tiếu,Phường Cát Lái
L02653,R004,2026-06-07,Hủ tiếu Nam Vang,52000,50,26000,1,0,1,delivery,16:15,0,0,0.0,Sinh viên,Hủ tiếu,Phường Cát Lái
L02654,R005,2026-06-07,Hủ tiếu sa tế,38000,50,19000,3,2,1,pickup,10:30,38000,38000,0.667,Sinh viên,Hủ tiếu,Phường Long Bình
L02655,R005,2026-06-07,Hủ tiếu Nam Vang,56000,51,27000,3,2,1,pickup,10:15,54000,58000,0.667,Sinh viên,Hủ tiếu,Phường Long Bình
L02656,R005,2026-06-07,Hủ tiếu mì,46000,54,21000,4,3,1,pickup,10:30,63000,75000,0.75,Sinh viên,Hủ tiếu,Phường Long Bình
L02657,R005,2026-06-07,Hủ tiếu bò kho,46000,51,23000,3,2,1,pickup,10:30,46000,46000,0.667,Sinh viên,Hủ tiếu,Phường Long Bình
L02658,R006,2026-06-07,Bún bò viên,65000,36,42000,2,0,2,delivery,17:45,0,0,0.0,Trung tâm,Bún bò,Phường Nhiêu Lộc
L02659,R006,2026-06-07,Bún bò giò heo,57000,45,31000,1,0,1,delivery,17:00,0,0,0.0,Trung tâm,Bún bò,Phường Nhiêu Lộc
L02660,R006,2026-06-07,Bún bò gân,42000,42,24000,1,0,1,delivery,17:15,0,0,0.0,Trung tâm,Bún bò,Phường Nhiêu Lộc
L02661,R006,2026-06-07,Bún bò Huế đặc biệt,46000,36,29000,2,1,1,delivery,17:00,29000,17000,0.5,Trung tâm,Bún bò,Phường Nhiêu Lộc
L02662,R007,2026-06-07,Phở bò tái nạm,59000,38,37000,22,10,12,pickup,09:00,370000,220000,0.455,Dân cư đông,Phở,Phường An Hội Đông
L02663,R008,2026-06-07,Hủ tiếu sa tế,39000,48,20000,5,3,2,delivery,16:45,60000,57000,0.6,Công nhân,Hủ tiếu,Phường Thuận An
L02664,R008,2026-06-07,Hủ tiếu mì,43000,42,25000,5,2,3,delivery,16:15,50000,36000,0.4,Công nhân,Hủ tiếu,Phường Thuận An
L02665,R008,2026-06-07,Hủ tiếu thập cẩm,44000,44,25000,5,3,2,delivery,16:00,75000,57000,0.6,Công nhân,Hủ tiếu,Phường Thuận An
L02666,R009,2026-06-07,Cơm tấm sườn bì chả,46000,48,24000,4,2,2,pickup,20:00,48000,44000,0.5,Dân cư đông,Cơm tấm,Phường Tân Bình
L02667,R009,2026-06-07,Cơm tấm sườn nướng,33000,56,15000,4,3,1,pickup,20:45,45000,54000,0.75,Dân cư đông,Cơm tấm,Phường Tân Bình
L02668,R009,2026-06-07,Cơm tấm sườn trứng,30000,49,15000,4,2,2,pickup,20:45,30000,30000,0.5,Dân cư đông,Cơm tấm,Phường Tân Bình
L02669,R010,2026-06-07,Cơm tấm đặc biệt,33000,45,18000,1,0,1,pickup,19:30,0,0,0.0,Trung tâm,Cơm tấm,Phường Đức Nhuận
L02670,R010,2026-06-07,Cơm tấm sườn trứng,41000,41,24000,1,0,1,delivery,19:45,0,0,0.0,Trung tâm,Cơm tấm,Phường Đức Nhuận
L02671,R010,2026-06-07,Cơm tấm sườn nướng,46000,43,26000,1,0,1,delivery,19:00,0,0,0.0,Trung tâm,Cơm tấm,Phường Đức Nhuận
L02672,R011,2026-06-07,Bánh mì gà,18000,30,13000,6,2,4,delivery,20:30,26000,10000,0.333,Ngoại ô,Bánh mì,Xã Hiệp Phước
L02673,R012,2026-06-07,Phở bò chín,47000,54,22000,2,1,1,delivery,20:45,22000,25000,0.5,Dân cư đông,Phở,Phường Khánh Hội
L02674,R012,2026-06-07,Phở bò viên,43000,53,20000,2,1,1,delivery,20:15,20000,23000,0.5,Dân cư đông,Phở,Phường Khánh Hội
L02675,R013,2026-06-07,Phở bò chín,54000,46,29000,3,2,1,delivery,12:00,58000,50000,0.667,Sinh viên,Phở,Phường Long Bình
L02676,R013,2026-06-07,Phở bò tái nạm,48000,50,24000,3,2,1,delivery,12:30,48000,48000,0.667,Sinh viên,Phở,Phường Long Bình
L02677,R013,2026-06-07,Phở bò tái,44000,47,23000,3,1,2,delivery,12:00,23000,21000,0.333,Sinh viên,Phở,Phường Long Bình
L02678,R013,2026-06-07,Phở bò viên,49000,53,23000,4,3,1,delivery,12:45,69000,78000,0.75,Sinh viên,Phở,Phường Long Bình
L02679,R013,2026-06-07,Phở gà,49000,49,25000,3,1,2,delivery,12:45,25000,24000,0.333,Sinh viên,Phở,Phường Long Bình
L02680,R014,2026-06-07,Bánh mì chả lụa,26000,53,12000,1,0,1,delivery,12:45,0,0,0.0,Sinh viên,Bánh mì,Phường An Khánh
L02681,R014,2026-06-07,Bánh mì thịt nguội,29000,55,13000,1,0,1,delivery,12:30,0,0,0.0,Sinh viên,Bánh mì,Phường An Khánh
L02682,R015,2026-06-07,Hủ tiếu sa tế,43000,38,27000,6,2,4,delivery,13:00,54000,32000,0.333,Sinh viên,Hủ tiếu,Phường Hiệp Bình
L02683,R015,2026-06-07,Hủ tiếu bò kho,53000,38,33000,5,2,3,delivery,13:15,66000,40000,0.4,Sinh viên,Hủ tiếu,Phường Hiệp Bình
L02684,R015,2026-06-07,Hủ tiếu mì,55000,41,32000,5,3,2,delivery,13:15,96000,69000,0.6,Sinh viên,Hủ tiếu,Phường Hiệp Bình
L02685,R016,2026-06-07,Phở bò tái nạm,47000,42,27000,3,2,1,pickup,16:30,54000,40000,0.667,Sinh viên,Phở,Phường Tăng Nhơn Phú
L02686,R016,2026-06-07,Phở gà,45000,48,23000,4,2,2,pickup,16:15,46000,44000,0.5,Sinh viên,Phở,Phường Tăng Nhơn Phú
L02687,R016,2026-06-07,Phở bò chín,53000,47,28000,3,1,2,delivery,16:15,28000,25000,0.333,Sinh viên,Phở,Phường Tăng Nhơn Phú
L02688,R017,2026-06-07,Cơm tấm đặc biệt,42000,33,28000,20,6,14,pickup,13:00,168000,84000,0.3,Công nhân,Cơm tấm,Phường Dĩ An
L02689,R018,2026-06-07,Cơm tấm bì,31000,45,17000,3,2,1,pickup,16:00,34000,28000,0.667,Công nhân,Cơm tấm,Phường Lái Thiêu
L02690,R019,2026-06-07,Bún bò thập cẩm,46000,43,26000,7,4,3,delivery,18:30,104000,80000,0.571,Sinh viên,Bún bò,Phường Long Bình
L02691,R019,2026-06-07,Bún bò viên,52000,38,32000,6,2,4,delivery,18:30,64000,40000,0.333,Sinh viên,Bún bò,Phường Long Bình
L02692,R020,2026-06-07,Phở bò tái,45000,37,28000,1,0,1,delivery,09:30,0,0,0.0,Công nhân,Phở,Phường Đông Hòa
L02693,R020,2026-06-07,Phở bò chín,60000,40,36000,1,0,1,delivery,09:30,0,0,0.0,Công nhân,Phở,Phường Đông Hòa
L02694,R020,2026-06-07,Phở bò tái nạm,48000,37,30000,1,0,1,delivery,09:00,0,0,0.0,Công nhân,Phở,Phường Đông Hòa
L02695,R020,2026-06-07,Phở gà,53000,43,30000,1,0,1,delivery,09:15,0,0,0.0,Công nhân,Phở,Phường Đông Hòa
L02696,R021,2026-06-07,Hủ tiếu sa tế,61000,46,33000,3,1,2,pickup,20:00,33000,28000,0.333,Sinh viên,Hủ tiếu,Phường Bình Trưng
L02697,R021,2026-06-07,Hủ tiếu Nam Vang,57000,43,32000,3,2,1,pickup,20:45,64000,50000,0.667,Sinh viên,Hủ tiếu,Phường Bình Trưng
L02698,R022,2026-06-07,Bánh mì chả lụa,23000,60,9000,2,1,1,pickup,18:30,9000,14000,0.5,Sinh viên,Bánh mì,Phường Long Bình
L02699,R022,2026-06-07,Bánh mì thịt nguội,19000,60,8000,2,1,1,pickup,18:00,8000,11000,0.5,Sinh viên,Bánh mì,Phường Long Bình
L02700,R022,2026-06-07,Bánh mì xíu mại,28000,60,11000,2,1,1,delivery,18:15,11000,17000,0.5,Sinh viên,Bánh mì,Phường Long Bình
L02701,R022,2026-06-07,Bánh mì trứng,29000,60,12000,2,1,1,pickup,18:45,12000,17000,0.5,Sinh viên,Bánh mì,Phường Long Bình
L02702,R022,2026-06-07,Bánh mì gà,20000,59,8000,2,1,1,delivery,18:30,8000,12000,0.5,Sinh viên,Bánh mì,Phường Long Bình
L02703,R023,2026-06-07,Bánh mì trứng,34000,33,23000,2,0,2,delivery,17:00,0,0,0.0,Công nhân,Bánh mì,Phường Tân Đông Hiệp
L02704,R023,2026-06-07,Bánh mì thịt nguội,33000,30,23000,3,1,2,delivery,17:30,23000,10000,0.333,Công nhân,Bánh mì,Phường Tân Đông Hiệp
L02705,R024,2026-06-07,Hủ tiếu thập cẩm,39000,55,18000,14,10,4,pickup,14:30,180000,210000,0.714,Công nhân,Hủ tiếu,Phường An Phú
L02706,R025,2026-06-07,Cơm gà xối mỡ,35000,31,24000,2,1,1,pickup,11:30,24000,11000,0.5,Dân cư đông,Cơm văn phòng,Phường An Hội Đông
L02707,R025,2026-06-07,Cơm sườn đậu hũ,44000,30,31000,1,0,1,delivery,11:45,0,0,0.0,Dân cư đông,Cơm văn phòng,Phường An Hội Đông
L02708,R025,2026-06-07,Cơm canh chua,37000,35,24000,2,0,2,delivery,11:15,0,0,0.0,Dân cư đông,Cơm văn phòng,Phường An Hội Đông
L02709,R025,2026-06-07,Cơm gà luộc,44000,32,30000,2,0,2,pickup,11:30,0,0,0.0,Dân cư đông,Cơm văn phòng,Phường An Hội Đông
L02710,R025,2026-06-07,Cơm thịt kho trứng,33000,34,22000,2,0,2,delivery,11:30,0,0,0.0,Dân cư đông,Cơm văn phòng,Phường An Hội Đông
L02711,R026,2026-06-07,Bún riêu cua mọc,50000,44,28000,4,2,2,delivery,16:15,56000,44000,0.5,Sinh viên,Bún riêu,Phường Tam Bình
L02712,R027,2026-06-07,Bún bò viên,52000,34,34000,3,1,2,pickup,17:00,34000,18000,0.333,Công nhân,Bún bò,Phường Hòa Lợi
L02713,R028,2026-06-07,Bánh mì chả lụa,28000,57,12000,7,5,2,pickup,14:30,60000,80000,0.714,Công nhân,Bánh mì,Phường Tân Đông Hiệp
L02714,R029,2026-06-07,Phở bò chín,51000,55,23000,1,0,1,delivery,19:15,0,0,0.0,Trung tâm,Phở,Phường Bến Thành
L02715,R029,2026-06-07,Phở bò viên,40000,51,20000,1,0,1,delivery,19:30,0,0,0.0,Trung tâm,Phở,Phường Bến Thành
L02716,R029,2026-06-07,Phở bò tái nạm,44000,54,20000,1,0,1,delivery,19:45,0,0,0.0,Trung tâm,Phở,Phường Bến Thành
L02717,R029,2026-06-07,Phở bò tái,47000,51,23000,1,0,1,delivery,19:30,0,0,0.0,Trung tâm,Phở,Phường Bến Thành
L02718,R030,2026-06-07,Bún bò thập cẩm,49000,55,22000,10,7,3,delivery,15:00,154000,189000,0.7,Công nhân,Bún bò,Phường An Phú
L02719,R030,2026-06-07,Bún bò viên,49000,55,22000,15,11,4,delivery,15:00,242000,297000,0.733,Công nhân,Bún bò,Phường An Phú
L02720,R031,2026-06-07,Phở bò viên,40000,44,22000,5,3,2,delivery,09:45,66000,54000,0.6,Sinh viên,Phở,Phường Phước Long
L02721,R031,2026-06-07,Phở bò chín,52000,44,29000,4,2,2,delivery,09:15,58000,46000,0.5,Sinh viên,Phở,Phường Phước Long
L02722,R032,2026-06-07,Cơm thịt kho trứng,37000,46,20000,4,3,1,delivery,13:45,60000,51000,0.75,Trung tâm,Cơm văn phòng,Phường Cầu Ông Lãnh
L02723,R033,2026-06-07,Cơm tấm sườn nướng,35000,48,18000,1,0,1,pickup,13:00,0,0,0.0,Dân cư đông,Cơm tấm,Phường Tân Hòa
L02724,R033,2026-06-07,Cơm tấm đặc biệt,52000,44,29000,1,0,1,pickup,13:15,0,0,0.0,Dân cư đông,Cơm tấm,Phường Tân Hòa
L02725,R033,2026-06-07,Cơm tấm bì,33000,44,18000,1,0,1,pickup,13:00,0,0,0.0,Dân cư đông,Cơm tấm,Phường Tân Hòa
L02726,R033,2026-06-07,Cơm tấm sườn trứng,44000,46,24000,1,0,1,pickup,13:00,0,0,0.0,Dân cư đông,Cơm tấm,Phường Tân Hòa
L02727,R033,2026-06-07,Cơm tấm sườn bì chả,36000,43,21000,1,0,1,pickup,13:45,0,0,0.0,Dân cư đông,Cơm tấm,Phường Tân Hòa
L02728,R034,2026-06-07,Bún bò thập cẩm,52000,35,34000,7,4,3,pickup,18:30,136000,72000,0.571,Ngoại ô,Bún bò,Xã Bình Chánh
L02729,R034,2026-06-07,Bún bò giò heo,38000,31,26000,6,3,3,delivery,18:00,78000,36000,0.5,Ngoại ô,Bún bò,Xã Bình Chánh
L02730,R035,2026-06-07,Bánh mì thịt nguội,23000,60,9000,1,0,1,delivery,12:00,0,0,0.0,Dân cư đông,Bánh mì,Phường Tân Sơn Nhất
L02731,R035,2026-06-07,Bánh mì xíu mại,21000,53,10000,1,0,1,delivery,12:30,0,0,0.0,Dân cư đông,Bánh mì,Phường Tân Sơn Nhất
L02732,R035,2026-06-07,Bánh mì trứng,25000,51,12000,1,0,1,delivery,12:30,0,0,0.0,Dân cư đông,Bánh mì,Phường Tân Sơn Nhất
L02733,R035,2026-06-07,Bánh mì gà,22000,60,9000,1,0,1,delivery,12:30,0,0,0.0,Dân cư đông,Bánh mì,Phường Tân Sơn Nhất
L02734,R035,2026-06-07,Bánh mì chả lụa,29000,58,12000,1,0,1,delivery,12:30,0,0,0.0,Dân cư đông,Bánh mì,Phường Tân Sơn Nhất
L02735,R036,2026-06-07,Bún bò gân,45000,33,30000,4,2,2,delivery,14:30,60000,30000,0.5,Sinh viên,Bún bò,Phường Phước Long
L02736,R036,2026-06-07,Bún bò thập cẩm,49000,38,30000,5,2,3,pickup,14:15,60000,38000,0.4,Sinh viên,Bún bò,Phường Phước Long
L02737,R036,2026-06-07,Bún bò Huế đặc biệt,61000,37,38000,4,1,3,pickup,14:45,38000,23000,0.25,Sinh viên,Bún bò,Phường Phước Long
L02738,R037,2026-06-07,Bún bò thập cẩm,57000,41,34000,9,6,3,delivery,15:15,204000,138000,0.667,Trung tâm,Bún bò,Phường Tân Định
L02739,R038,2026-06-07,Bún bò gân,45000,54,21000,1,0,1,pickup,17:15,0,0,0.0,Công nhân,Bún bò,Phường Thuận Giao
L02740,R038,2026-06-07,Bún bò thập cẩm,43000,51,21000,1,0,1,pickup,17:00,0,0,0.0,Công nhân,Bún bò,Phường Thuận Giao
L02741,R039,2026-06-07,Bún riêu thập cẩm,41000,60,16000,19,13,6,delivery,09:00,208000,325000,0.684,Công nhân,Bún riêu,Phường Đông Hòa
L02742,R040,2026-06-07,Bún bò gân,44000,60,18000,1,0,1,pickup,14:00,0,0,0.0,Sinh viên,Bún bò,Phường Bình Trưng
L02743,R041,2026-06-07,Phở gà,51000,50,26000,2,1,1,delivery,15:45,26000,25000,0.5,Công nhân,Phở,Phường Tân Khánh
L02744,R041,2026-06-07,Phở bò chín,46000,49,23000,3,1,2,delivery,15:15,23000,23000,0.333,Công nhân,Phở,Phường Tân Khánh
L02745,R042,2026-06-07,Cơm tấm sườn trứng,44000,60,18000,3,2,1,delivery,11:45,36000,52000,0.667,Trung tâm,Cơm tấm,Phường Tân Định
L02746,R042,2026-06-07,Cơm tấm sườn nướng,38000,60,15000,3,2,1,pickup,11:15,30000,46000,0.667,Trung tâm,Cơm tấm,Phường Tân Định
L02747,R042,2026-06-07,Cơm tấm đặc biệt,44000,57,19000,2,1,1,pickup,11:30,19000,25000,0.5,Trung tâm,Cơm tấm,Phường Tân Định
L02748,R043,2026-06-07,Cơm thịt kho trứng,41000,60,16000,3,2,1,pickup,16:00,32000,50000,0.667,Dân cư đông,Cơm văn phòng,Phường Bảy Hiền
L02749,R043,2026-06-07,Cơm gà luộc,44000,59,18000,3,2,1,pickup,16:00,36000,52000,0.667,Dân cư đông,Cơm văn phòng,Phường Bảy Hiền
L02750,R043,2026-06-07,Cơm canh chua,40000,60,16000,2,1,1,pickup,16:45,16000,24000,0.5,Dân cư đông,Cơm văn phòng,Phường Bảy Hiền
L02751,R043,2026-06-07,Cơm sườn đậu hũ,36000,57,15000,2,1,1,pickup,16:30,15000,21000,0.5,Dân cư đông,Cơm văn phòng,Phường Bảy Hiền
L02752,R043,2026-06-07,Cơm gà xối mỡ,53000,56,23000,2,1,1,pickup,16:15,23000,30000,0.5,Dân cư đông,Cơm văn phòng,Phường Bảy Hiền
L02753,R044,2026-06-07,Hủ tiếu thập cẩm,44000,50,22000,3,2,1,pickup,13:45,44000,44000,0.667,Sinh viên,Hủ tiếu,Phường Tam Bình
L02754,R044,2026-06-07,Hủ tiếu bò kho,40000,46,22000,3,1,2,delivery,13:00,22000,18000,0.333,Sinh viên,Hủ tiếu,Phường Tam Bình
L02755,R044,2026-06-07,Hủ tiếu sa tế,48000,50,24000,3,2,1,pickup,13:15,48000,48000,0.667,Sinh viên,Hủ tiếu,Phường Tam Bình
L02756,R045,2026-06-07,Bún bò giò heo,59000,41,35000,4,2,2,delivery,17:45,70000,48000,0.5,Công nhân,Bún bò,Phường Thuận An
L02757,R045,2026-06-07,Bún bò Huế đặc biệt,46000,36,29000,3,1,2,delivery,17:00,29000,17000,0.333,Công nhân,Bún bò,Phường Thuận An
L02758,R045,2026-06-07,Bún bò gân,47000,36,30000,4,2,2,pickup,17:45,60000,34000,0.5,Công nhân,Bún bò,Phường Thuận An
L02759,R046,2026-06-07,Bánh mì gà,20000,54,9000,3,2,1,pickup,13:15,18000,22000,0.667,Sinh viên,Bánh mì,Phường Cát Lái
L02760,R046,2026-06-07,Bánh mì xíu mại,22000,59,9000,3,2,1,pickup,13:15,18000,26000,0.667,Sinh viên,Bánh mì,Phường Cát Lái
L02761,R046,2026-06-07,Bánh mì trứng,24000,53,11000,3,2,1,pickup,13:00,22000,26000,0.667,Sinh viên,Bánh mì,Phường Cát Lái
L02762,R046,2026-06-07,Bánh mì thịt nguội,24000,56,11000,2,1,1,pickup,13:45,11000,13000,0.5,Sinh viên,Bánh mì,Phường Cát Lái
L02763,R046,2026-06-07,Bánh mì chả lụa,27000,58,11000,3,2,1,pickup,13:00,22000,32000,0.667,Sinh viên,Bánh mì,Phường Cát Lái
L02764,R047,2026-06-07,Bún bò viên,44000,44,25000,21,13,8,delivery,17:45,325000,247000,0.619,Công nhân,Bún bò,Phường Tân Khánh
L02765,R048,2026-06-07,Bánh mì chả lụa,25000,56,11000,4,2,2,pickup,18:30,22000,28000,0.5,Công nhân,Bánh mì,Phường An Phú
L02766,R048,2026-06-07,Bánh mì gà,19000,48,10000,3,2,1,pickup,18:15,20000,18000,0.667,Công nhân,Bánh mì,Phường An Phú
L02767,R049,2026-06-07,Phở bò tái,39000,37,25000,1,0,1,pickup,12:30,0,0,0.0,Sinh viên,Phở,Phường Thủ Đức
L02768,R049,2026-06-07,Phở bò tái nạm,47000,40,28000,1,0,1,pickup,12:15,0,0,0.0,Sinh viên,Phở,Phường Thủ Đức
L02769,R049,2026-06-07,Phở bò viên,56000,36,36000,1,0,1,delivery,12:30,0,0,0.0,Sinh viên,Phở,Phường Thủ Đức
L02770,R049,2026-06-07,Phở bò chín,47000,45,26000,1,0,1,pickup,12:30,0,0,0.0,Sinh viên,Phở,Phường Thủ Đức
L02771,R050,2026-06-07,Bánh mì gà,25000,41,15000,1,0,1,delivery,17:45,0,0,0.0,Ngoại ô,Bánh mì,Xã Hưng Long
L02772,R051,2026-06-07,Hủ tiếu mì,43000,52,21000,5,4,1,delivery,13:00,84000,88000,0.8,Dân cư đông,Hủ tiếu,Phường Hạnh Thông
L02773,R052,2026-06-07,Cơm tấm bì,34000,36,22000,3,1,2,delivery,18:15,22000,12000,0.333,Dân cư đông,Cơm tấm,Phường Xóm Chiếu
L02774,R052,2026-06-07,Cơm tấm sườn nướng,34000,42,20000,4,2,2,delivery,18:00,40000,28000,0.5,Dân cư đông,Cơm tấm,Phường Xóm Chiếu
L02775,R052,2026-06-07,Cơm tấm sườn bì chả,45000,44,25000,4,2,2,delivery,18:30,50000,40000,0.5,Dân cư đông,Cơm tấm,Phường Xóm Chiếu
L02776,R053,2026-06-07,Bánh mì gà,22000,60,9000,4,2,2,delivery,17:45,18000,26000,0.5,Dân cư đông,Bánh mì,Phường Gia Định
L02777,R053,2026-06-07,Bánh mì trứng,23000,57,10000,4,3,1,delivery,17:15,30000,39000,0.75,Dân cư đông,Bánh mì,Phường Gia Định
L02778,R053,2026-06-07,Bánh mì xíu mại,23000,60,9000,3,2,1,pickup,17:15,18000,28000,0.667,Dân cư đông,Bánh mì,Phường Gia Định
L02779,R053,2026-06-07,Bánh mì chả lụa,24000,58,10000,4,3,1,delivery,17:00,30000,42000,0.75,Dân cư đông,Bánh mì,Phường Gia Định
L02780,R053,2026-06-07,Bánh mì thịt nguội,29000,60,12000,3,2,1,delivery,17:30,24000,34000,0.667,Dân cư đông,Bánh mì,Phường Gia Định
L02781,R054,2026-06-07,Bánh mì thịt nguội,25000,51,12000,3,2,1,delivery,11:30,24000,26000,0.667,Công nhân,Bánh mì,Phường Bình Hòa
L02782,R054,2026-06-07,Bánh mì chả lụa,28000,50,14000,4,3,1,delivery,11:30,42000,42000,0.75,Công nhân,Bánh mì,Phường Bình Hòa
L02783,R054,2026-06-07,Bánh mì gà,25000,50,12000,4,3,1,pickup,11:00,36000,39000,0.75,Công nhân,Bánh mì,Phường Bình Hòa
L02784,R054,2026-06-07,Bánh mì trứng,26000,56,11000,4,3,1,delivery,11:15,33000,45000,0.75,Công nhân,Bánh mì,Phường Bình Hòa
L02785,R055,2026-06-07,Cơm tấm sườn trứng,39000,60,16000,1,0,1,delivery,12:30,0,0,0.0,Dân cư đông,Cơm tấm,Phường Thông Tây Hội
L02786,R055,2026-06-07,Cơm tấm đặc biệt,46000,60,18000,1,0,1,delivery,12:00,0,0,0.0,Dân cư đông,Cơm tấm,Phường Thông Tây Hội
L02787,R055,2026-06-07,Cơm tấm sườn bì chả,35000,56,15000,2,1,1,pickup,12:30,15000,20000,0.5,Dân cư đông,Cơm tấm,Phường Thông Tây Hội
L02788,R055,2026-06-07,Cơm tấm bì,30000,60,12000,2,1,1,delivery,12:00,12000,18000,0.5,Dân cư đông,Cơm tấm,Phường Thông Tây Hội
L02789,R055,2026-06-07,Cơm tấm sườn nướng,29000,58,12000,2,1,1,pickup,12:45,12000,17000,0.5,Dân cư đông,Cơm tấm,Phường Thông Tây Hội
L02790,R056,2026-06-07,Hủ tiếu thập cẩm,44000,32,30000,4,2,2,pickup,17:30,60000,28000,0.5,Trung tâm,Hủ tiếu,Phường Nhiêu Lộc
L02791,R056,2026-06-07,Hủ tiếu sa tế,52000,34,34000,4,2,2,pickup,17:30,68000,36000,0.5,Trung tâm,Hủ tiếu,Phường Nhiêu Lộc
L02792,R057,2026-06-07,Bún bò giò heo,40000,51,20000,1,0,1,pickup,18:45,0,0,0.0,Sinh viên,Bún bò,Phường Bình Trưng
L02793,R057,2026-06-07,Bún bò viên,45000,46,24000,1,0,1,pickup,18:00,0,0,0.0,Sinh viên,Bún bò,Phường Bình Trưng
L02794,R058,2026-06-07,Bánh mì chả lụa,19000,35,12000,1,0,1,pickup,19:15,0,0,0.0,Trung tâm,Bánh mì,Phường Cầu Kiệu
L02795,R058,2026-06-07,Bánh mì trứng,26000,32,18000,1,0,1,pickup,19:30,0,0,0.0,Trung tâm,Bánh mì,Phường Cầu Kiệu
L02796,R058,2026-06-07,Bánh mì thịt nguội,26000,33,17000,1,0,1,pickup,19:45,0,0,0.0,Trung tâm,Bánh mì,Phường Cầu Kiệu
L02797,R058,2026-06-07,Bánh mì gà,27000,38,17000,1,0,1,pickup,19:30,0,0,0.0,Trung tâm,Bánh mì,Phường Cầu Kiệu
L02798,R059,2026-06-07,Cơm tấm đặc biệt,28000,30,20000,2,0,2,pickup,14:30,0,0,0.0,Sinh viên,Cơm tấm,Phường Tam Bình
L02799,R059,2026-06-07,Cơm tấm sườn trứng,40000,33,27000,1,0,1,delivery,14:15,0,0,0.0,Sinh viên,Cơm tấm,Phường Tam Bình
L02800,R060,2026-06-07,Phở bò tái nạm,44000,60,18000,3,2,1,delivery,10:30,36000,52000,0.667,Công nhân,Phở,Phường Tân Đông Hiệp
L02801,R061,2026-06-07,Cơm tấm sườn bì chả,31000,41,18000,3,1,2,delivery,15:15,18000,13000,0.333,Sinh viên,Cơm tấm,Phường Tam Bình
L02802,R061,2026-06-07,Cơm tấm sườn trứng,28000,47,15000,4,2,2,pickup,15:00,30000,26000,0.5,Sinh viên,Cơm tấm,Phường Tam Bình
L02803,R062,2026-06-07,Phở bò viên,51000,30,36000,1,0,1,delivery,10:30,0,0,0.0,Dân cư đông,Phở,Phường Hạnh Thông
L02804,R062,2026-06-07,Phở bò chín,59000,37,37000,1,0,1,delivery,10:45,0,0,0.0,Dân cư đông,Phở,Phường Hạnh Thông
L02805,R062,2026-06-07,Phở bò tái,56000,32,38000,1,0,1,delivery,10:30,0,0,0.0,Dân cư đông,Phở,Phường Hạnh Thông
L02806,R062,2026-06-07,Phở bò tái nạm,44000,32,30000,1,0,1,delivery,10:00,0,0,0.0,Dân cư đông,Phở,Phường Hạnh Thông
L02807,R062,2026-06-07,Phở gà,40000,30,28000,1,0,1,delivery,10:00,0,0,0.0,Dân cư đông,Phở,Phường Hạnh Thông
L02808,R063,2026-06-07,Hủ tiếu bò kho,50000,37,32000,5,2,3,delivery,19:00,64000,36000,0.4,Công nhân,Hủ tiếu,Phường Thuận Giao
L02809,R063,2026-06-07,Hủ tiếu Nam Vang,40000,41,24000,4,2,2,delivery,19:45,48000,32000,0.5,Công nhân,Hủ tiếu,Phường Thuận Giao
L02810,R063,2026-06-07,Hủ tiếu mì,39000,47,21000,4,2,2,delivery,19:30,42000,36000,0.5,Công nhân,Hủ tiếu,Phường Thuận Giao
L02811,R064,2026-06-07,Bún bò gân,42000,39,26000,3,1,2,delivery,10:30,26000,16000,0.333,Sinh viên,Bún bò,Phường Tăng Nhơn Phú
L02812,R064,2026-06-07,Bún bò thập cẩm,44000,42,26000,2,1,1,pickup,10:15,26000,18000,0.5,Sinh viên,Bún bò,Phường Tăng Nhơn Phú
L02813,R064,2026-06-07,Bún bò viên,40000,47,21000,3,1,2,pickup,10:00,21000,19000,0.333,Sinh viên,Bún bò,Phường Tăng Nhơn Phú
L02814,R065,2026-06-07,Cơm tấm sườn bì chả,48000,57,21000,2,1,1,pickup,19:30,21000,27000,0.5,Công nhân,Cơm tấm,Phường Đông Hòa
L02815,R065,2026-06-07,Cơm tấm bì,28000,58,12000,2,1,1,pickup,19:45,12000,16000,0.5,Công nhân,Cơm tấm,Phường Đông Hòa
L02816,R065,2026-06-07,Cơm tấm sườn nướng,32000,57,14000,2,1,1,pickup,19:00,14000,18000,0.5,Công nhân,Cơm tấm,Phường Đông Hòa
L02817,R066,2026-06-07,Cơm sườn đậu hũ,35000,60,14000,5,3,2,pickup,09:15,42000,63000,0.6,Sinh viên,Cơm văn phòng,Phường An Khánh
L02818,R066,2026-06-07,Cơm canh chua,41000,60,16000,4,2,2,pickup,09:00,32000,50000,0.5,Sinh viên,Cơm văn phòng,Phường An Khánh
L02819,R066,2026-06-07,Cơm gà xối mỡ,28000,60,11000,5,4,1,pickup,09:00,44000,68000,0.8,Sinh viên,Cơm văn phòng,Phường An Khánh
L02820,R067,2026-06-07,Cơm canh chua,31000,49,16000,1,0,1,delivery,19:15,0,0,0.0,Dân cư đông,Cơm văn phòng,Phường An Hội Đông
L02821,R067,2026-06-07,Cơm sườn đậu hũ,34000,43,19000,1,0,1,delivery,19:00,0,0,0.0,Dân cư đông,Cơm văn phòng,Phường An Hội Đông
L02822,R067,2026-06-07,Cơm thịt kho trứng,32000,42,19000,1,0,1,pickup,19:30,0,0,0.0,Dân cư đông,Cơm văn phòng,Phường An Hội Đông
L02823,R067,2026-06-07,Cơm gà xối mỡ,44000,50,22000,1,0,1,delivery,19:15,0,0,0.0,Dân cư đông,Cơm văn phòng,Phường An Hội Đông
L02824,R067,2026-06-07,Cơm gà luộc,39000,45,21000,1,0,1,pickup,19:00,0,0,0.0,Dân cư đông,Cơm văn phòng,Phường An Hội Đông
L02825,R068,2026-06-07,Bún riêu cua đồng,48000,36,31000,1,0,1,delivery,19:30,0,0,0.0,Trung tâm,Bún riêu,Phường Xuân Hòa
L02826,R068,2026-06-07,Bún riêu cua,33000,38,20000,1,0,1,delivery,19:15,0,0,0.0,Trung tâm,Bún riêu,Phường Xuân Hòa
L02827,R068,2026-06-07,Bún riêu cua mọc,36000,30,25000,1,0,1,delivery,19:00,0,0,0.0,Trung tâm,Bún riêu,Phường Xuân Hòa
L02828,R069,2026-06-07,Bánh mì xíu mại,23000,46,12000,1,0,1,delivery,20:45,0,0,0.0,Ngoại ô,Bánh mì,Xã Xuân Thới Sơn
L02829,R069,2026-06-07,Bánh mì trứng,19000,47,10000,1,0,1,delivery,20:15,0,0,0.0,Ngoại ô,Bánh mì,Xã Xuân Thới Sơn
L02830,R069,2026-06-07,Bánh mì chả lụa,20000,46,11000,1,0,1,delivery,20:30,0,0,0.0,Ngoại ô,Bánh mì,Xã Xuân Thới Sơn
L02831,R070,2026-06-07,Hủ tiếu Nam Vang,48000,60,19000,1,0,1,pickup,19:15,0,0,0.0,Dân cư đông,Hủ tiếu,Phường Gò Vấp
L02832,R070,2026-06-07,Hủ tiếu mì,43000,58,18000,1,0,1,delivery,19:15,0,0,0.0,Dân cư đông,Hủ tiếu,Phường Gò Vấp
L02833,R070,2026-06-07,Hủ tiếu sa tế,52000,55,23000,1,0,1,delivery,19:15,0,0,0.0,Dân cư đông,Hủ tiếu,Phường Gò Vấp
L02834,R070,2026-06-07,Hủ tiếu thập cẩm,52000,58,22000,1,0,1,delivery,19:15,0,0,0.0,Dân cư đông,Hủ tiếu,Phường Gò Vấp
L02835,R071,2026-06-07,Cơm tấm sườn trứng,50000,34,33000,3,1,2,delivery,11:15,33000,17000,0.333,Sinh viên,Cơm tấm,Phường Bình Trưng
L02836,R071,2026-06-07,Cơm tấm bì,38000,37,24000,4,1,3,pickup,11:15,24000,14000,0.25,Sinh viên,Cơm tấm,Phường Bình Trưng
L02837,R071,2026-06-07,Cơm tấm đặc biệt,31000,35,20000,4,2,2,pickup,11:00,40000,22000,0.5,Sinh viên,Cơm tấm,Phường Bình Trưng
L02838,R071,2026-06-07,Cơm tấm sườn nướng,50000,31,34000,4,1,3,delivery,11:15,34000,16000,0.25,Sinh viên,Cơm tấm,Phường Bình Trưng
L02839,R071,2026-06-07,Cơm tấm sườn bì chả,33000,30,23000,4,1,3,pickup,11:15,23000,10000,0.25,Sinh viên,Cơm tấm,Phường Bình Trưng
L02840,R072,2026-06-07,Cơm gà luộc,36000,54,17000,4,2,2,delivery,14:00,34000,38000,0.5,Trung tâm,Cơm văn phòng,Phường Bến Thành
L02841,R072,2026-06-07,Cơm canh chua,40000,54,18000,5,3,2,pickup,14:15,54000,66000,0.6,Trung tâm,Cơm văn phòng,Phường Bến Thành
L02842,R073,2026-06-07,Bánh mì chả lụa,27000,42,16000,2,1,1,delivery,16:15,16000,11000,0.5,Dân cư đông,Bánh mì,Phường Vĩnh Hội
L02843,R073,2026-06-07,Bánh mì gà,29000,47,15000,2,1,1,pickup,16:15,15000,14000,0.5,Dân cư đông,Bánh mì,Phường Vĩnh Hội
L02844,R074,2026-06-07,Cơm gà xối mỡ,28000,30,20000,2,1,1,pickup,17:30,20000,8000,0.5,Dân cư đông,Cơm văn phòng,Phường Bình Lợi Trung
L02845,R074,2026-06-07,Cơm gà luộc,42000,31,29000,2,1,1,pickup,17:30,29000,13000,0.5,Dân cư đông,Cơm văn phòng,Phường Bình Lợi Trung
L02846,R074,2026-06-07,Cơm sườn đậu hũ,34000,31,23000,2,1,1,pickup,17:15,23000,11000,0.5,Dân cư đông,Cơm văn phòng,Phường Bình Lợi Trung
L02847,R074,2026-06-07,Cơm canh chua,35000,30,24000,2,1,1,pickup,17:00,24000,11000,0.5,Dân cư đông,Cơm văn phòng,Phường Bình Lợi Trung
L02848,R074,2026-06-07,Cơm thịt kho trứng,28000,33,19000,2,1,1,pickup,17:15,19000,9000,0.5,Dân cư đông,Cơm văn phòng,Phường Bình Lợi Trung
L02849,R075,2026-06-07,Cơm tấm bì,31000,54,14000,3,2,1,delivery,15:15,28000,34000,0.667,Dân cư đông,Cơm tấm,Phường Vĩnh Hội
L02850,R075,2026-06-07,Cơm tấm sườn nướng,33000,51,16000,3,2,1,delivery,15:30,32000,34000,0.667,Dân cư đông,Cơm tấm,Phường Vĩnh Hội
L02851,R075,2026-06-07,Cơm tấm sườn bì chả,50000,46,27000,3,2,1,delivery,15:45,54000,46000,0.667,Dân cư đông,Cơm tấm,Phường Vĩnh Hội
L02852,R076,2026-06-07,Phở bò viên,40000,46,22000,7,3,4,pickup,12:30,66000,54000,0.429,Dân cư đông,Phở,Phường An Nhơn
L02853,R076,2026-06-07,Phở bò tái,63000,42,37000,5,2,3,pickup,12:15,74000,52000,0.4,Dân cư đông,Phở,Phường An Nhơn
L02854,R076,2026-06-07,Phở bò chín,50000,47,26000,7,5,2,pickup,12:15,130000,120000,0.714,Dân cư đông,Phở,Phường An Nhơn
L02855,R077,2026-06-07,Cơm tấm sườn trứng,34000,42,20000,2,1,1,delivery,14:00,20000,14000,0.5,Trung tâm,Cơm tấm,Phường Xuân Hòa
L02856,R077,2026-06-07,Cơm tấm sườn bì chả,38000,39,23000,2,0,2,pickup,14:15,0,0,0.0,Trung tâm,Cơm tấm,Phường Xuân Hòa
L02857,R077,2026-06-07,Cơm tấm đặc biệt,44000,49,22000,2,1,1,pickup,14:15,22000,22000,0.5,Trung tâm,Cơm tấm,Phường Xuân Hòa
L02858,R078,2026-06-07,Bún riêu cua,41000,36,26000,2,1,1,pickup,13:00,26000,15000,0.5,Công nhân,Bún riêu,Phường Tân Đông Hiệp
L02859,R078,2026-06-07,Bún riêu cua mọc,39000,41,23000,2,1,1,delivery,13:45,23000,16000,0.5,Công nhân,Bún riêu,Phường Tân Đông Hiệp
L02860,R078,2026-06-07,Bún riêu cua đồng,44000,40,26000,2,1,1,delivery,13:00,26000,18000,0.5,Công nhân,Bún riêu,Phường Tân Đông Hiệp
L02861,R078,2026-06-07,Bún riêu thập cẩm,36000,39,22000,2,1,1,pickup,13:00,22000,14000,0.5,Công nhân,Bún riêu,Phường Tân Đông Hiệp
L02862,R079,2026-06-07,Cơm tấm sườn trứng,35000,48,18000,8,6,2,delivery,16:00,108000,102000,0.75,Sinh viên,Cơm tấm,Phường Bình Trưng
L02863,R080,2026-06-07,Cơm tấm bì,27000,46,15000,1,0,1,pickup,09:00,0,0,0.0,Dân cư đông,Cơm tấm,Phường An Hội Đông
L02864,R080,2026-06-07,Cơm tấm đặc biệt,47000,49,24000,1,0,1,delivery,09:00,0,0,0.0,Dân cư đông,Cơm tấm,Phường An Hội Đông
L02865,R080,2026-06-07,Cơm tấm sườn trứng,39000,51,19000,1,0,1,delivery,09:00,0,0,0.0,Dân cư đông,Cơm tấm,Phường An Hội Đông
L02866,R080,2026-06-07,Cơm tấm sườn bì chả,33000,44,18000,1,0,1,pickup,09:30,0,0,0.0,Dân cư đông,Cơm tấm,Phường An Hội Đông
L02867,R080,2026-06-07,Cơm tấm sườn nướng,45000,51,22000,1,0,1,pickup,09:15,0,0,0.0,Dân cư đông,Cơm tấm,Phường An Hội Đông
L02868,R081,2026-06-07,Bún riêu cua đồng,48000,58,20000,4,3,1,pickup,09:45,60000,84000,0.75,Công nhân,Bún riêu,Phường Đông Hòa
L02869,R081,2026-06-07,Bún riêu thập cẩm,42000,52,20000,3,2,1,pickup,09:00,40000,44000,0.667,Công nhân,Bún riêu,Phường Đông Hòa
L02870,R081,2026-06-07,Bún riêu cua,48000,52,23000,3,1,2,pickup,09:15,23000,25000,0.333,Công nhân,Bún riêu,Phường Đông Hòa
L02871,R081,2026-06-07,Bún riêu cua mọc,36000,53,17000,3,2,1,pickup,09:15,34000,38000,0.667,Công nhân,Bún riêu,Phường Đông Hòa
L02872,R082,2026-06-07,Hủ tiếu sa tế,38000,52,18000,9,8,1,pickup,19:15,144000,160000,0.889,Sinh viên,Hủ tiếu,Phường Tăng Nhơn Phú
L02873,R082,2026-06-07,Hủ tiếu thập cẩm,52000,58,22000,10,8,2,pickup,19:00,176000,240000,0.8,Sinh viên,Hủ tiếu,Phường Tăng Nhơn Phú
L02874,R083,2026-06-07,Cơm tấm sườn bì chả,30000,37,19000,2,0,2,pickup,14:00,0,0,0.0,Trung tâm,Cơm tấm,Phường Sài Gòn
L02875,R083,2026-06-07,Cơm tấm sườn trứng,38000,33,25000,2,0,2,delivery,14:45,0,0,0.0,Trung tâm,Cơm tấm,Phường Sài Gòn
L02876,R083,2026-06-07,Cơm tấm đặc biệt,40000,31,28000,1,0,1,pickup,14:00,0,0,0.0,Trung tâm,Cơm tấm,Phường Sài Gòn
L02877,R084,2026-06-07,Bún riêu thập cẩm,42000,41,25000,1,0,1,pickup,18:15,0,0,0.0,Sinh viên,Bún riêu,Phường Hiệp Bình
L02878,R085,2026-06-07,Bánh mì thịt nguội,32000,54,15000,17,14,3,pickup,20:30,210000,238000,0.824,Sinh viên,Bánh mì,Phường Tăng Nhơn Phú
L02879,R086,2026-06-07,Phở gà,52000,53,24000,1,0,1,delivery,10:00,0,0,0.0,Dân cư đông,Phở,Phường Tân Sơn Nhất
L02880,R086,2026-06-07,Phở bò viên,56000,58,24000,1,0,1,delivery,10:00,0,0,0.0,Dân cư đông,Phở,Phường Tân Sơn Nhất
L02881,R086,2026-06-07,Phở bò tái,62000,55,28000,1,0,1,delivery,10:00,0,0,0.0,Dân cư đông,Phở,Phường Tân Sơn Nhất
L02882,R086,2026-06-07,Phở bò chín,45000,59,18000,1,0,1,delivery,10:15,0,0,0.0,Dân cư đông,Phở,Phường Tân Sơn Nhất
L02883,R086,2026-06-07,Phở bò tái nạm,52000,51,25000,1,0,1,delivery,10:15,0,0,0.0,Dân cư đông,Phở,Phường Tân Sơn Nhất
L02884,R087,2026-06-07,Phở bò chín,47000,32,32000,14,7,7,pickup,13:45,224000,105000,0.5,Công nhân,Phở,Phường Thuận An
L02885,R087,2026-06-07,Phở bò tái nạm,54000,33,36000,11,3,8,pickup,13:00,108000,54000,0.273,Công nhân,Phở,Phường Thuận An
L02886,R088,2026-06-07,Cơm tấm sườn bì chả,48000,58,20000,3,2,1,delivery,09:00,40000,56000,0.667,Dân cư đông,Cơm tấm,Phường Gò Vấp
L02887,R088,2026-06-07,Cơm tấm bì,32000,60,13000,3,2,1,pickup,09:30,26000,38000,0.667,Dân cư đông,Cơm tấm,Phường Gò Vấp
L02888,R088,2026-06-07,Cơm tấm sườn trứng,32000,57,14000,2,1,1,pickup,09:30,14000,18000,0.5,Dân cư đông,Cơm tấm,Phường Gò Vấp
L02889,R088,2026-06-07,Cơm tấm đặc biệt,27000,60,11000,2,1,1,pickup,09:45,11000,16000,0.5,Dân cư đông,Cơm tấm,Phường Gò Vấp
L02890,R088,2026-06-07,Cơm tấm sườn nướng,34000,53,16000,3,2,1,delivery,09:45,32000,36000,0.667,Dân cư đông,Cơm tấm,Phường Gò Vấp
L02891,R089,2026-06-07,Hủ tiếu thập cẩm,50000,32,34000,1,0,1,delivery,15:00,0,0,0.0,Công nhân,Hủ tiếu,Phường Đông Hòa
L02892,R089,2026-06-07,Hủ tiếu sa tế,44000,35,29000,1,0,1,delivery,15:30,0,0,0.0,Công nhân,Hủ tiếu,Phường Đông Hòa
L02893,R089,2026-06-07,Hủ tiếu bò kho,55000,31,38000,1,0,1,delivery,15:00,0,0,0.0,Công nhân,Hủ tiếu,Phường Đông Hòa
L02894,R089,2026-06-07,Hủ tiếu Nam Vang,39000,37,25000,1,0,1,delivery,15:45,0,0,0.0,Công nhân,Hủ tiếu,Phường Đông Hòa
L02895,R090,2026-06-07,Hủ tiếu sa tế,62000,41,37000,14,10,4,delivery,09:15,370000,250000,0.714,Sinh viên,Hủ tiếu,Phường Thủ Đức
L02896,R091,2026-06-07,Bánh mì xíu mại,24000,55,11000,2,1,1,pickup,12:15,11000,13000,0.5,Dân cư đông,Bánh mì,Phường Xóm Chiếu
L02897,R092,2026-06-07,Cơm tấm sườn bì chả,36000,37,23000,3,0,3,pickup,17:45,0,0,0.0,Dân cư đông,Cơm tấm,Phường Gia Định
L02898,R092,2026-06-07,Cơm tấm bì,35000,31,24000,2,0,2,delivery,17:45,0,0,0.0,Dân cư đông,Cơm tấm,Phường Gia Định
L02899,R092,2026-06-07,Cơm tấm sườn nướng,27000,30,19000,2,0,2,pickup,17:00,0,0,0.0,Dân cư đông,Cơm tấm,Phường Gia Định
L02900,R092,2026-06-07,Cơm tấm đặc biệt,37000,33,25000,3,1,2,delivery,17:30,25000,12000,0.333,Dân cư đông,Cơm tấm,Phường Gia Định
L02901,R092,2026-06-07,Cơm tấm sườn trứng,35000,30,24000,3,0,3,delivery,17:15,0,0,0.0,Dân cư đông,Cơm tấm,Phường Gia Định
L02902,R093,2026-06-07,Phở bò tái nạm,46000,33,31000,6,1,5,delivery,09:45,31000,15000,0.167,Công nhân,Phở,Phường Tân Đông Hiệp
L02903,R093,2026-06-07,Phở bò viên,59000,40,35000,5,3,2,delivery,09:30,105000,72000,0.6,Công nhân,Phở,Phường Tân Đông Hiệp
L02904,R093,2026-06-07,Phở bò tái,48000,32,33000,5,1,4,delivery,09:00,33000,15000,0.2,Công nhân,Phở,Phường Tân Đông Hiệp
L02905,R093,2026-06-07,Phở bò chín,56000,32,38000,5,2,3,delivery,09:30,76000,36000,0.4,Công nhân,Phở,Phường Tân Đông Hiệp
L02906,R094,2026-06-07,Hủ tiếu thập cẩm,45000,52,22000,8,6,2,delivery,12:45,132000,138000,0.75,Dân cư đông,Hủ tiếu,Phường Bình Lợi Trung
L02907,R095,2026-06-07,Cơm tấm bì,50000,60,20000,2,1,1,delivery,14:45,20000,30000,0.5,Công nhân,Cơm tấm,Phường Lái Thiêu
L02908,R095,2026-06-07,Cơm tấm đặc biệt,46000,57,20000,2,1,1,delivery,14:45,20000,26000,0.5,Công nhân,Cơm tấm,Phường Lái Thiêu
L02909,R095,2026-06-07,Cơm tấm sườn bì chả,32000,60,13000,2,1,1,pickup,14:00,13000,19000,0.5,Công nhân,Cơm tấm,Phường Lái Thiêu
L02910,R095,2026-06-07,Cơm tấm sườn nướng,41000,60,16000,2,1,1,pickup,14:00,16000,25000,0.5,Công nhân,Cơm tấm,Phường Lái Thiêu
L02911,R096,2026-06-07,Cơm thịt kho trứng,41000,40,25000,10,5,5,pickup,14:00,125000,80000,0.5,Công nhân,Cơm văn phòng,Phường Lái Thiêu
L02912,R096,2026-06-07,Cơm canh chua,39000,46,21000,10,7,3,pickup,14:15,147000,126000,0.7,Công nhân,Cơm văn phòng,Phường Lái Thiêu
L02913,R097,2026-06-07,Hủ tiếu mì,59000,53,28000,3,2,1,pickup,20:30,56000,62000,0.667,Công nhân,Hủ tiếu,Phường Tân Đông Hiệp
L02914,R097,2026-06-07,Hủ tiếu bò kho,40000,57,17000,2,1,1,pickup,20:45,17000,23000,0.5,Công nhân,Hủ tiếu,Phường Tân Đông Hiệp
L02915,R097,2026-06-07,Hủ tiếu sa tế,40000,53,19000,2,1,1,delivery,20:30,19000,21000,0.5,Công nhân,Hủ tiếu,Phường Tân Đông Hiệp
L02916,R098,2026-06-07,Bún riêu thập cẩm,41000,39,25000,3,0,3,pickup,16:15,0,0,0.0,Trung tâm,Bún riêu,Phường Xuân Hòa
L02917,R099,2026-06-07,Cơm gà xối mỡ,32000,58,13000,1,0,1,pickup,09:00,0,0,0.0,Sinh viên,Cơm văn phòng,Phường An Khánh
L02918,R099,2026-06-07,Cơm canh chua,35000,60,14000,1,0,1,pickup,09:00,0,0,0.0,Sinh viên,Cơm văn phòng,Phường An Khánh
L02919,R099,2026-06-07,Cơm sườn đậu hũ,38000,60,15000,1,0,1,pickup,09:15,0,0,0.0,Sinh viên,Cơm văn phòng,Phường An Khánh
L02920,R099,2026-06-07,Cơm gà luộc,32000,56,14000,1,0,1,pickup,09:30,0,0,0.0,Sinh viên,Cơm văn phòng,Phường An Khánh
L02921,R099,2026-06-07,Cơm thịt kho trứng,47000,60,19000,1,0,1,pickup,09:45,0,0,0.0,Sinh viên,Cơm văn phòng,Phường An Khánh
L02922,R100,2026-06-07,Hủ tiếu Nam Vang,46000,47,24000,2,1,1,delivery,15:45,24000,22000,0.5,Trung tâm,Hủ tiếu,Phường Tân Định
L02923,R100,2026-06-07,Hủ tiếu sa tế,40000,44,22000,2,1,1,delivery,15:30,22000,18000,0.5,Trung tâm,Hủ tiếu,Phường Tân Định
L02924,R101,2026-06-07,Phở gà,51000,33,34000,1,0,1,pickup,09:30,0,0,0.0,Công nhân,Phở,Phường Bình Hòa
L02925,R101,2026-06-07,Phở bò tái nạm,47000,31,32000,1,0,1,pickup,09:15,0,0,0.0,Công nhân,Phở,Phường Bình Hòa
L02926,R101,2026-06-07,Phở bò chín,57000,30,40000,1,0,1,pickup,09:00,0,0,0.0,Công nhân,Phở,Phường Bình Hòa
L02927,R102,2026-06-07,Bún bò Huế đặc biệt,47000,50,24000,2,1,1,delivery,15:30,24000,23000,0.5,Sinh viên,Bún bò,Phường Thủ Đức
L02928,R102,2026-06-07,Bún bò thập cẩm,47000,56,21000,2,1,1,delivery,15:00,21000,26000,0.5,Sinh viên,Bún bò,Phường Thủ Đức
L02929,R102,2026-06-07,Bún bò gân,54000,59,22000,1,0,1,delivery,15:30,0,0,0.0,Sinh viên,Bún bò,Phường Thủ Đức
L02930,R102,2026-06-07,Bún bò giò heo,47000,54,22000,2,1,1,pickup,15:15,22000,25000,0.5,Sinh viên,Bún bò,Phường Thủ Đức
L02931,R103,2026-06-07,Cơm canh chua,45000,33,30000,7,3,4,pickup,11:30,90000,45000,0.429,Công nhân,Cơm văn phòng,Phường Đông Hòa
L02932,R103,2026-06-07,Cơm sườn đậu hũ,36000,36,23000,6,2,4,delivery,11:45,46000,26000,0.333,Công nhân,Cơm văn phòng,Phường Đông Hòa
L02933,R103,2026-06-07,Cơm gà luộc,41000,40,25000,7,3,4,delivery,11:00,75000,48000,0.429,Công nhân,Cơm văn phòng,Phường Đông Hòa
L02934,R104,2026-06-07,Bánh mì gà,31000,46,17000,1,0,1,pickup,19:45,0,0,0.0,Dân cư đông,Bánh mì,Phường Thông Tây Hội
L02935,R104,2026-06-07,Bánh mì trứng,28000,49,14000,1,0,1,pickup,19:00,0,0,0.0,Dân cư đông,Bánh mì,Phường Thông Tây Hội
L02936,R104,2026-06-07,Bánh mì chả lụa,27000,54,12000,1,0,1,pickup,19:00,0,0,0.0,Dân cư đông,Bánh mì,Phường Thông Tây Hội
L02937,R104,2026-06-07,Bánh mì xíu mại,24000,51,12000,1,0,1,pickup,19:15,0,0,0.0,Dân cư đông,Bánh mì,Phường Thông Tây Hội
L02938,R104,2026-06-07,Bánh mì thịt nguội,22000,49,11000,1,0,1,pickup,19:15,0,0,0.0,Dân cư đông,Bánh mì,Phường Thông Tây Hội
L02939,R105,2026-06-07,Bánh mì gà,27000,34,18000,5,1,4,pickup,16:30,18000,9000,0.2,Sinh viên,Bánh mì,Phường Tam Bình
L02940,R105,2026-06-07,Bánh mì trứng,28000,34,18000,4,2,2,pickup,16:15,36000,20000,0.5,Sinh viên,Bánh mì,Phường Tam Bình
L02941,R106,2026-06-07,Phở gà,47000,57,20000,7,4,3,pickup,11:00,80000,108000,0.571,Công nhân,Phở,Phường An Phú
L02942,R106,2026-06-07,Phở bò tái nạm,60000,54,28000,7,5,2,pickup,11:00,140000,160000,0.714,Công nhân,Phở,Phường An Phú
L02943,R106,2026-06-07,Phở bò chín,50000,58,21000,7,4,3,pickup,11:30,84000,116000,0.571,Công nhân,Phở,Phường An Phú
L02944,R107,2026-06-07,Hủ tiếu mì,39000,37,25000,13,7,6,pickup,09:45,175000,98000,0.538,Dân cư đông,Hủ tiếu,Phường Gò Vấp
L02945,R108,2026-06-07,Cơm tấm đặc biệt,33000,53,16000,3,2,1,delivery,16:00,32000,34000,0.667,Sinh viên,Cơm tấm,Phường Thủ Đức
L02946,R108,2026-06-07,Cơm tấm sườn trứng,39000,46,21000,3,2,1,delivery,16:00,42000,36000,0.667,Sinh viên,Cơm tấm,Phường Thủ Đức
L02947,R108,2026-06-07,Cơm tấm sườn bì chả,42000,54,19000,4,3,1,delivery,16:00,57000,69000,0.75,Sinh viên,Cơm tấm,Phường Thủ Đức
L02948,R108,2026-06-07,Cơm tấm bì,32000,46,17000,3,1,2,delivery,16:00,17000,15000,0.333,Sinh viên,Cơm tấm,Phường Thủ Đức
L02949,R109,2026-06-07,Hủ tiếu thập cẩm,50000,60,20000,1,0,1,delivery,11:45,0,0,0.0,Trung tâm,Hủ tiếu,Phường Sài Gòn
L02950,R109,2026-06-07,Hủ tiếu sa tế,42000,56,18000,1,0,1,pickup,11:00,0,0,0.0,Trung tâm,Hủ tiếu,Phường Sài Gòn
L02951,R109,2026-06-07,Hủ tiếu mì,42000,58,18000,1,0,1,delivery,11:00,0,0,0.0,Trung tâm,Hủ tiếu,Phường Sài Gòn
L02952,R110,2026-06-07,Phở bò chín,38000,60,15000,3,2,1,pickup,10:15,30000,46000,0.667,Sinh viên,Phở,Phường Hiệp Bình
L02953,R110,2026-06-07,Phở gà,51000,60,20000,3,2,1,delivery,10:30,40000,62000,0.667,Sinh viên,Phở,Phường Hiệp Bình
L02954,R111,2026-06-07,Bánh mì thịt nguội,27000,53,13000,5,3,2,delivery,09:30,39000,42000,0.6,Sinh viên,Bánh mì,Phường Long Bình
L02955,R112,2026-06-07,Hủ tiếu mì,51000,55,23000,1,0,1,pickup,11:30,0,0,0.0,Dân cư đông,Hủ tiếu,Phường Gò Vấp
L02956,R112,2026-06-07,Hủ tiếu Nam Vang,54000,51,26000,1,0,1,delivery,11:15,0,0,0.0,Dân cư đông,Hủ tiếu,Phường Gò Vấp
L02957,R112,2026-06-07,Hủ tiếu sa tế,55000,48,29000,1,0,1,delivery,11:15,0,0,0.0,Dân cư đông,Hủ tiếu,Phường Gò Vấp
L02958,R112,2026-06-07,Hủ tiếu thập cẩm,46000,55,21000,1,0,1,pickup,11:15,0,0,0.0,Dân cư đông,Hủ tiếu,Phường Gò Vấp
L02959,R112,2026-06-07,Hủ tiếu bò kho,52000,54,24000,1,0,1,delivery,11:30,0,0,0.0,Dân cư đông,Hủ tiếu,Phường Gò Vấp
L02960,R113,2026-06-07,Bánh mì xíu mại,18000,51,9000,1,0,1,delivery,10:00,0,0,0.0,Dân cư đông,Bánh mì,Phường Tân Hòa
L02961,R113,2026-06-07,Bánh mì chả lụa,20000,45,11000,1,0,1,delivery,10:15,0,0,0.0,Dân cư đông,Bánh mì,Phường Tân Hòa
L02962,R113,2026-06-07,Bánh mì trứng,25000,50,12000,1,0,1,delivery,10:30,0,0,0.0,Dân cư đông,Bánh mì,Phường Tân Hòa
L02963,R113,2026-06-07,Bánh mì gà,24000,46,13000,1,0,1,delivery,10:00,0,0,0.0,Dân cư đông,Bánh mì,Phường Tân Hòa
L02964,R113,2026-06-07,Bánh mì thịt nguội,21000,48,11000,1,0,1,delivery,10:45,0,0,0.0,Dân cư đông,Bánh mì,Phường Tân Hòa
L02965,R114,2026-06-07,Cơm gà luộc,43000,41,25000,1,0,1,delivery,10:45,0,0,0.0,Công nhân,Cơm văn phòng,Phường Bình Hòa
L02966,R114,2026-06-07,Cơm gà xối mỡ,38000,40,23000,1,0,1,delivery,10:30,0,0,0.0,Công nhân,Cơm văn phòng,Phường Bình Hòa
L02967,R114,2026-06-07,Cơm thịt kho trứng,33000,40,20000,1,0,1,delivery,10:30,0,0,0.0,Công nhân,Cơm văn phòng,Phường Bình Hòa
L02968,R114,2026-06-07,Cơm sườn đậu hũ,36000,43,21000,1,0,1,pickup,10:30,0,0,0.0,Công nhân,Cơm văn phòng,Phường Bình Hòa
L02969,R115,2026-06-07,Cơm tấm đặc biệt,46000,48,24000,1,0,1,pickup,14:30,0,0,0.0,Dân cư đông,Cơm tấm,Phường Khánh Hội
L02970,R115,2026-06-07,Cơm tấm sườn trứng,43000,44,24000,1,0,1,pickup,14:00,0,0,0.0,Dân cư đông,Cơm tấm,Phường Khánh Hội
L02971,R116,2026-06-07,Cơm gà luộc,37000,39,23000,2,1,1,delivery,20:00,23000,14000,0.5,Dân cư đông,Cơm văn phòng,Phường Bình Lợi Trung
L02972,R116,2026-06-07,Cơm gà xối mỡ,43000,35,28000,2,0,2,delivery,20:00,0,0,0.0,Dân cư đông,Cơm văn phòng,Phường Bình Lợi Trung
L02973,R117,2026-06-07,Bánh mì thịt nguội,26000,43,15000,1,0,1,delivery,09:15,0,0,0.0,Sinh viên,Bánh mì,Phường Hiệp Bình
L02974,R117,2026-06-07,Bánh mì gà,19000,37,12000,1,0,1,delivery,09:45,0,0,0.0,Sinh viên,Bánh mì,Phường Hiệp Bình
L02975,R117,2026-06-07,Bánh mì xíu mại,23000,37,14000,1,0,1,delivery,09:30,0,0,0.0,Sinh viên,Bánh mì,Phường Hiệp Bình
L02976,R118,2026-06-07,Bánh mì thịt nguội,25000,34,16000,3,1,2,pickup,10:00,16000,9000,0.333,Dân cư đông,Bánh mì,Phường Gò Vấp
L02977,R118,2026-06-07,Bánh mì gà,25000,30,18000,4,1,3,pickup,10:45,18000,7000,0.25,Dân cư đông,Bánh mì,Phường Gò Vấp
L02978,R118,2026-06-07,Bánh mì chả lụa,22000,32,15000,3,1,2,pickup,10:30,15000,7000,0.333,Dân cư đông,Bánh mì,Phường Gò Vấp
L02979,R119,2026-06-07,Bún bò gân,52000,49,27000,7,4,3,pickup,14:15,108000,100000,0.571,Công nhân,Bún bò,Phường Đông Hòa
L02980,R120,2026-06-07,Bún bò gân,60000,52,29000,1,0,1,pickup,11:15,0,0,0.0,Dân cư đông,Bún bò,Phường Hạnh Thông
L02981,R120,2026-06-07,Bún bò giò heo,51000,55,23000,1,0,1,pickup,11:45,0,0,0.0,Dân cư đông,Bún bò,Phường Hạnh Thông
L02982,R120,2026-06-07,Bún bò thập cẩm,37000,50,18000,1,0,1,pickup,11:45,0,0,0.0,Dân cư đông,Bún bò,Phường Hạnh Thông
L02983,R120,2026-06-07,Bún bò Huế đặc biệt,55000,55,25000,1,0,1,pickup,11:45,0,0,0.0,Dân cư đông,Bún bò,Phường Hạnh Thông
L02984,R120,2026-06-07,Bún bò viên,41000,57,18000,1,0,1,pickup,11:45,0,0,0.0,Dân cư đông,Bún bò,Phường Hạnh Thông
L02985,R121,2026-06-07,Cơm gà xối mỡ,48000,36,31000,1,0,1,pickup,12:30,0,0,0.0,Dân cư đông,Cơm văn phòng,Phường Gò Vấp
L02986,R121,2026-06-07,Cơm canh chua,42000,41,25000,1,0,1,pickup,12:45,0,0,0.0,Dân cư đông,Cơm văn phòng,Phường Gò Vấp
L02987,R121,2026-06-07,Cơm sườn đậu hũ,28000,34,18000,1,0,1,pickup,12:00,0,0,0.0,Dân cư đông,Cơm văn phòng,Phường Gò Vấp
L02988,R121,2026-06-07,Cơm gà luộc,45000,39,27000,1,0,1,pickup,12:15,0,0,0.0,Dân cư đông,Cơm văn phòng,Phường Gò Vấp
L02989,R121,2026-06-07,Cơm thịt kho trứng,35000,33,23000,1,0,1,pickup,12:00,0,0,0.0,Dân cư đông,Cơm văn phòng,Phường Gò Vấp
L02990,R122,2026-06-07,Bún riêu cua đồng,53000,49,27000,7,3,4,pickup,09:00,81000,78000,0.429,Sinh viên,Bún riêu,Phường Linh Xuân
L02991,R123,2026-06-07,Cơm gà xối mỡ,35000,51,17000,13,9,4,pickup,16:45,153000,162000,0.692,Sinh viên,Cơm văn phòng,Phường Bình Trưng
L02992,R124,2026-06-07,Bún bò viên,51000,33,34000,2,0,2,delivery,15:30,0,0,0.0,Sinh viên,Bún bò,Phường Cát Lái
L02993,R124,2026-06-07,Bún bò Huế đặc biệt,48000,30,34000,3,1,2,delivery,15:30,34000,14000,0.333,Sinh viên,Bún bò,Phường Cát Lái
L02994,R124,2026-06-07,Bún bò thập cẩm,44000,33,29000,2,1,1,pickup,15:30,29000,15000,0.5,Sinh viên,Bún bò,Phường Cát Lái
L02995,R124,2026-06-07,Bún bò giò heo,44000,30,31000,3,1,2,pickup,15:30,31000,13000,0.333,Sinh viên,Bún bò,Phường Cát Lái
L02996,R124,2026-06-07,Bún bò gân,50000,36,32000,2,1,1,delivery,15:45,32000,18000,0.5,Sinh viên,Bún bò,Phường Cát Lái
L02997,R125,2026-06-07,Bánh mì thịt nguội,31000,55,14000,2,1,1,delivery,15:15,14000,17000,0.5,Công nhân,Bánh mì,Phường Lái Thiêu
L02998,R125,2026-06-07,Bánh mì trứng,32000,50,16000,3,2,1,pickup,15:30,32000,32000,0.667,Công nhân,Bánh mì,Phường Lái Thiêu
L02999,R126,2026-06-07,Phở bò tái,38000,40,23000,2,1,1,delivery,11:45,23000,15000,0.5,Dân cư đông,Phở,Phường Gò Vấp
L03000,R126,2026-06-07,Phở bò chín,60000,35,39000,2,1,1,delivery,11:30,39000,21000,0.5,Dân cư đông,Phở,Phường Gò Vấp
L03001,R126,2026-06-07,Phở gà,52000,30,36000,2,0,2,delivery,11:45,0,0,0.0,Dân cư đông,Phở,Phường Gò Vấp
L03002,R126,2026-06-07,Phở bò tái nạm,61000,40,37000,3,1,2,delivery,11:30,37000,24000,0.333,Dân cư đông,Phở,Phường Gò Vấp
L03003,R126,2026-06-07,Phở bò viên,42000,38,26000,2,0,2,delivery,11:30,0,0,0.0,Dân cư đông,Phở,Phường Gò Vấp
L03004,R127,2026-06-07,Cơm canh chua,37000,30,26000,2,0,2,delivery,18:30,0,0,0.0,Dân cư đông,Cơm văn phòng,Phường Tân Sơn Nhất
L03005,R127,2026-06-07,Cơm gà luộc,37000,35,24000,3,1,2,delivery,18:00,24000,13000,0.333,Dân cư đông,Cơm văn phòng,Phường Tân Sơn Nhất
L03006,R127,2026-06-07,Cơm gà xối mỡ,40000,37,25000,2,1,1,delivery,18:30,25000,15000,0.5,Dân cư đông,Cơm văn phòng,Phường Tân Sơn Nhất
L03007,R127,2026-06-07,Cơm thịt kho trứng,30000,33,20000,3,1,2,delivery,18:45,20000,10000,0.333,Dân cư đông,Cơm văn phòng,Phường Tân Sơn Nhất
L03008,R127,2026-06-07,Cơm sườn đậu hũ,37000,31,26000,3,1,2,delivery,18:15,26000,11000,0.333,Dân cư đông,Cơm văn phòng,Phường Tân Sơn Nhất
L03009,R128,2026-06-07,Bánh mì gà,27000,38,17000,4,2,2,pickup,18:45,34000,20000,0.5,Trung tâm,Bánh mì,Phường Đức Nhuận
L03010,R128,2026-06-07,Bánh mì chả lụa,25000,31,17000,3,1,2,delivery,18:15,17000,8000,0.333,Trung tâm,Bánh mì,Phường Đức Nhuận
L03011,R129,2026-06-07,Phở bò viên,55000,52,26000,1,0,1,pickup,11:30,0,0,0.0,Công nhân,Phở,Phường Dĩ An
L03012,R129,2026-06-07,Phở gà,54000,55,24000,2,1,1,pickup,11:45,24000,30000,0.5,Công nhân,Phở,Phường Dĩ An
L03013,R129,2026-06-07,Phở bò tái,37000,55,17000,2,1,1,pickup,11:00,17000,20000,0.5,Công nhân,Phở,Phường Dĩ An
L03014,R130,2026-06-07,Phở bò viên,47000,40,28000,3,1,2,delivery,10:00,28000,19000,0.333,Công nhân,Phở,Phường Lái Thiêu
L03015,R130,2026-06-07,Phở bò tái nạm,45000,46,24000,4,3,1,delivery,10:45,72000,63000,0.75,Công nhân,Phở,Phường Lái Thiêu
L03016,R130,2026-06-07,Phở bò tái,41000,45,23000,4,2,2,delivery,10:15,46000,36000,0.5,Công nhân,Phở,Phường Lái Thiêu
L03017,R130,2026-06-07,Phở gà,47000,45,26000,4,2,2,delivery,10:45,52000,42000,0.5,Công nhân,Phở,Phường Lái Thiêu
L03018,R131,2026-06-07,Bún bò gân,54000,49,28000,1,0,1,pickup,20:30,0,0,0.0,Sinh viên,Bún bò,Phường Phước Long
L03019,R131,2026-06-07,Bún bò viên,61000,52,29000,1,0,1,pickup,20:45,0,0,0.0,Sinh viên,Bún bò,Phường Phước Long
L03020,R131,2026-06-07,Bún bò thập cẩm,51000,48,27000,1,0,1,delivery,20:00,0,0,0.0,Sinh viên,Bún bò,Phường Phước Long
L03021,R131,2026-06-07,Bún bò Huế đặc biệt,56000,50,28000,1,0,1,delivery,20:45,0,0,0.0,Sinh viên,Bún bò,Phường Phước Long
L03022,R132,2026-06-07,Cơm thịt kho trứng,44000,41,26000,4,2,2,delivery,09:45,52000,36000,0.5,Sinh viên,Cơm văn phòng,Phường Linh Xuân
L03023,R132,2026-06-07,Cơm gà xối mỡ,47000,49,24000,4,2,2,delivery,09:30,48000,46000,0.5,Sinh viên,Cơm văn phòng,Phường Linh Xuân
L03024,R132,2026-06-07,Cơm gà luộc,33000,43,19000,4,2,2,delivery,09:15,38000,28000,0.5,Sinh viên,Cơm văn phòng,Phường Linh Xuân
L03025,R133,2026-06-07,Hủ tiếu mì,59000,41,35000,12,7,5,delivery,15:00,245000,168000,0.583,Sinh viên,Hủ tiếu,Phường Cát Lái
L03026,R134,2026-06-07,Cơm tấm đặc biệt,42000,34,28000,1,0,1,delivery,15:45,0,0,0.0,Dân cư đông,Cơm tấm,Phường An Nhơn
L03027,R134,2026-06-07,Cơm tấm bì,44000,37,28000,1,0,1,delivery,15:15,0,0,0.0,Dân cư đông,Cơm tấm,Phường An Nhơn
L03028,R134,2026-06-07,Cơm tấm sườn trứng,35000,30,24000,1,0,1,pickup,15:30,0,0,0.0,Dân cư đông,Cơm tấm,Phường An Nhơn
L03029,R135,2026-06-07,Bún bò gân,52000,44,29000,6,3,3,pickup,20:00,87000,69000,0.5,Sinh viên,Bún bò,Phường Cát Lái
L03030,R135,2026-06-07,Bún bò giò heo,50000,47,26000,7,5,2,pickup,20:00,130000,120000,0.714,Sinh viên,Bún bò,Phường Cát Lái
L03031,R135,2026-06-07,Bún bò viên,48000,48,25000,5,3,2,pickup,20:30,75000,69000,0.6,Sinh viên,Bún bò,Phường Cát Lái
L03032,R136,2026-06-07,Bún bò Huế đặc biệt,48000,58,20000,6,5,1,pickup,10:00,100000,140000,0.833,Công nhân,Bún bò,Phường Đông Hòa
L03033,R136,2026-06-07,Bún bò giò heo,50000,50,25000,6,3,3,delivery,10:45,75000,75000,0.5,Công nhân,Bún bò,Phường Đông Hòa
L03034,R136,2026-06-07,Bún bò gân,40000,52,19000,6,3,3,delivery,10:15,57000,63000,0.5,Công nhân,Bún bò,Phường Đông Hòa
L03035,R137,2026-06-07,Hủ tiếu mì,45000,51,22000,1,0,1,delivery,15:45,0,0,0.0,Dân cư đông,Hủ tiếu,Phường Tân Sơn Nhất
L03036,R137,2026-06-07,Hủ tiếu Nam Vang,42000,50,21000,1,0,1,delivery,15:30,0,0,0.0,Dân cư đông,Hủ tiếu,Phường Tân Sơn Nhất
L03037,R137,2026-06-07,Hủ tiếu thập cẩm,53000,46,29000,1,0,1,delivery,15:45,0,0,0.0,Dân cư đông,Hủ tiếu,Phường Tân Sơn Nhất
L03038,R137,2026-06-07,Hủ tiếu sa tế,49000,47,26000,1,0,1,delivery,15:45,0,0,0.0,Dân cư đông,Hủ tiếu,Phường Tân Sơn Nhất
L03039,R137,2026-06-07,Hủ tiếu bò kho,56000,45,31000,1,0,1,delivery,15:15,0,0,0.0,Dân cư đông,Hủ tiếu,Phường Tân Sơn Nhất
L03040,R138,2026-06-07,Cơm tấm sườn nướng,39000,60,16000,1,0,1,delivery,16:00,0,0,0.0,Công nhân,Cơm tấm,Phường Đông Hòa
L03041,R138,2026-06-07,Cơm tấm đặc biệt,42000,55,19000,1,0,1,delivery,16:45,0,0,0.0,Công nhân,Cơm tấm,Phường Đông Hòa
L03042,R138,2026-06-07,Cơm tấm bì,45000,60,18000,1,0,1,delivery,16:00,0,0,0.0,Công nhân,Cơm tấm,Phường Đông Hòa
L03043,R138,2026-06-07,Cơm tấm sườn trứng,28000,58,12000,1,0,1,delivery,16:45,0,0,0.0,Công nhân,Cơm tấm,Phường Đông Hòa
L03044,R139,2026-06-07,Bánh mì gà,28000,57,12000,3,2,1,delivery,09:00,24000,32000,0.667,Ngoại ô,Bánh mì,Xã Bà Điểm
L03045,R139,2026-06-07,Bánh mì thịt nguội,25000,59,10000,3,2,1,delivery,09:30,20000,30000,0.667,Ngoại ô,Bánh mì,Xã Bà Điểm
L03046,R139,2026-06-07,Bánh mì chả lụa,32000,53,15000,3,2,1,delivery,09:30,30000,34000,0.667,Ngoại ô,Bánh mì,Xã Bà Điểm
L03047,R140,2026-06-07,Bún riêu cua đồng,40000,39,24000,6,1,5,pickup,17:30,24000,16000,0.167,Ngoại ô,Bún riêu,Xã Hiệp Phước
L03048,R140,2026-06-07,Bún riêu cua,44000,42,26000,5,3,2,pickup,17:15,78000,54000,0.6,Ngoại ô,Bún riêu,Xã Hiệp Phước
L03049,R141,2026-06-07,Cơm gà luộc,33000,34,22000,2,0,2,delivery,15:15,0,0,0.0,Sinh viên,Cơm văn phòng,Phường Long Bình
L03050,R141,2026-06-07,Cơm gà xối mỡ,33000,34,22000,2,0,2,delivery,15:00,0,0,0.0,Sinh viên,Cơm văn phòng,Phường Long Bình
L03051,R142,2026-06-07,Bún riêu cua mọc,40000,47,21000,4,2,2,pickup,11:45,42000,38000,0.5,Công nhân,Bún riêu,Phường Thuận An
L03052,R142,2026-06-07,Bún riêu cua,46000,43,26000,4,2,2,pickup,11:15,52000,40000,0.5,Công nhân,Bún riêu,Phường Thuận An
L03053,R142,2026-06-07,Bún riêu cua đồng,40000,44,22000,5,3,2,pickup,11:00,66000,54000,0.6,Công nhân,Bún riêu,Phường Thuận An
L03054,R142,2026-06-07,Bún riêu thập cẩm,41000,45,23000,5,3,2,pickup,11:00,69000,54000,0.6,Công nhân,Bún riêu,Phường Thuận An
L03055,R143,2026-06-07,Bánh mì gà,18000,44,10000,3,1,2,delivery,16:30,10000,8000,0.333,Sinh viên,Bánh mì,Phường Cát Lái
L03056,R143,2026-06-07,Bánh mì thịt nguội,25000,48,13000,3,1,2,delivery,16:30,13000,12000,0.333,Sinh viên,Bánh mì,Phường Cát Lái
L03057,R143,2026-06-07,Bánh mì xíu mại,20000,46,11000,3,1,2,delivery,16:30,11000,9000,0.333,Sinh viên,Bánh mì,Phường Cát Lái
L03058,R143,2026-06-07,Bánh mì trứng,30000,52,14000,3,2,1,pickup,16:30,28000,32000,0.667,Sinh viên,Bánh mì,Phường Cát Lái
L03059,R144,2026-06-07,Bún bò giò heo,42000,59,17000,2,1,1,pickup,15:30,17000,25000,0.5,Sinh viên,Bún bò,Phường Phước Long
L03060,R144,2026-06-07,Bún bò viên,48000,60,19000,3,2,1,pickup,15:30,38000,58000,0.667,Sinh viên,Bún bò,Phường Phước Long
L03061,R144,2026-06-07,Bún bò thập cẩm,50000,56,22000,3,2,1,pickup,15:45,44000,56000,0.667,Sinh viên,Bún bò,Phường Phước Long
L03062,R145,2026-06-07,Cơm tấm đặc biệt,39000,47,21000,1,0,1,pickup,19:00,0,0,0.0,Trung tâm,Cơm tấm,Phường Phú Nhuận
L03063,R145,2026-06-07,Cơm tấm sườn trứng,51000,51,25000,1,0,1,pickup,19:45,0,0,0.0,Trung tâm,Cơm tấm,Phường Phú Nhuận
L03064,R145,2026-06-07,Cơm tấm sườn nướng,41000,42,24000,1,0,1,delivery,19:30,0,0,0.0,Trung tâm,Cơm tấm,Phường Phú Nhuận
L03065,R145,2026-06-07,Cơm tấm sườn bì chả,35000,51,17000,1,0,1,delivery,19:30,0,0,0.0,Trung tâm,Cơm tấm,Phường Phú Nhuận
L03066,R146,2026-06-07,Bún bò thập cẩm,40000,58,17000,2,1,1,pickup,16:00,17000,23000,0.5,Công nhân,Bún bò,Phường Tân Đông Hiệp
L03067,R146,2026-06-07,Bún bò giò heo,46000,55,21000,2,1,1,delivery,16:45,21000,25000,0.5,Công nhân,Bún bò,Phường Tân Đông Hiệp
L03068,R146,2026-06-07,Bún bò Huế đặc biệt,48000,58,20000,2,1,1,delivery,16:45,20000,28000,0.5,Công nhân,Bún bò,Phường Tân Đông Hiệp
L03069,R147,2026-06-07,Phở bò tái,57000,31,39000,3,1,2,delivery,14:30,39000,18000,0.333,Công nhân,Phở,Phường Dĩ An
L03070,R147,2026-06-07,Phở gà,50000,30,35000,4,1,3,delivery,14:30,35000,15000,0.25,Công nhân,Phở,Phường Dĩ An
L03071,R148,2026-06-07,Bún bò gân,42000,36,27000,3,0,3,delivery,17:45,0,0,0.0,Trung tâm,Bún bò,Phường Cầu Kiệu
L03072,R148,2026-06-07,Bún bò Huế đặc biệt,59000,33,40000,4,1,3,delivery,17:30,40000,19000,0.25,Trung tâm,Bún bò,Phường Cầu Kiệu
L03073,R149,2026-06-07,Bún bò viên,42000,40,25000,17,11,6,delivery,13:15,275000,187000,0.647,Sinh viên,Bún bò,Phường An Khánh
L03074,R000,2026-06-08,Bún bò gân,48000,32,33000,8,3,5,pickup,18:45,99000,45000,0.375,Công nhân,Bún bò,Phường Đông Hòa
L03075,R000,2026-06-08,Bún bò giò heo,62000,33,42000,7,2,5,delivery,18:30,84000,40000,0.286,Công nhân,Bún bò,Phường Đông Hòa
L03076,R000,2026-06-08,Bún bò thập cẩm,50000,34,33000,9,5,4,delivery,18:45,165000,85000,0.556,Công nhân,Bún bò,Phường Đông Hòa
L03077,R001,2026-06-08,Cơm tấm bì,39000,40,23000,1,0,1,pickup,19:15,0,0,0.0,Ngoại ô,Cơm tấm,Xã Bình Chánh
L03078,R001,2026-06-08,Cơm tấm sườn trứng,38000,38,24000,1,0,1,pickup,19:00,0,0,0.0,Ngoại ô,Cơm tấm,Xã Bình Chánh
L03079,R001,2026-06-08,Cơm tấm sườn bì chả,47000,39,29000,1,0,1,pickup,19:45,0,0,0.0,Ngoại ô,Cơm tấm,Xã Bình Chánh
L03080,R002,2026-06-08,Hủ tiếu thập cẩm,47000,36,30000,3,1,2,pickup,20:45,30000,17000,0.333,Dân cư đông,Hủ tiếu,Phường An Nhơn
L03081,R002,2026-06-08,Hủ tiếu bò kho,42000,35,27000,2,1,1,delivery,20:45,27000,15000,0.5,Dân cư đông,Hủ tiếu,Phường An Nhơn
L03082,R002,2026-06-08,Hủ tiếu sa tế,55000,35,36000,3,1,2,delivery,20:15,36000,19000,0.333,Dân cư đông,Hủ tiếu,Phường An Nhơn
L03083,R002,2026-06-08,Hủ tiếu Nam Vang,41000,37,26000,3,1,2,delivery,20:30,26000,15000,0.333,Dân cư đông,Hủ tiếu,Phường An Nhơn
L03084,R002,2026-06-08,Hủ tiếu mì,43000,41,25000,3,1,2,pickup,20:30,25000,18000,0.333,Dân cư đông,Hủ tiếu,Phường An Nhơn
L03085,R003,2026-06-08,Phở gà,43000,58,18000,7,5,2,delivery,18:45,90000,125000,0.714,Công nhân,Phở,Phường Bình Hòa
L03086,R003,2026-06-08,Phở bò tái,46000,55,21000,7,4,3,delivery,18:45,84000,100000,0.571,Công nhân,Phở,Phường Bình Hòa
L03087,R003,2026-06-08,Phở bò chín,62000,58,26000,5,4,1,delivery,18:15,104000,144000,0.8,Công nhân,Phở,Phường Bình Hòa
L03088,R003,2026-06-08,Phở bò viên,53000,58,22000,7,5,2,delivery,18:45,110000,155000,0.714,Công nhân,Phở,Phường Bình Hòa
L03089,R004,2026-06-08,Hủ tiếu thập cẩm,43000,55,19000,1,0,1,delivery,16:00,0,0,0.0,Sinh viên,Hủ tiếu,Phường Cát Lái
L03090,R004,2026-06-08,Hủ tiếu mì,48000,50,24000,1,0,1,delivery,16:45,0,0,0.0,Sinh viên,Hủ tiếu,Phường Cát Lái
L03091,R004,2026-06-08,Hủ tiếu Nam Vang,46000,53,22000,1,0,1,delivery,16:00,0,0,0.0,Sinh viên,Hủ tiếu,Phường Cát Lái
L03092,R004,2026-06-08,Hủ tiếu bò kho,44000,53,21000,1,0,1,delivery,16:15,0,0,0.0,Sinh viên,Hủ tiếu,Phường Cát Lái
L03093,R005,2026-06-08,Hủ tiếu Nam Vang,53000,49,27000,4,3,1,pickup,10:45,81000,78000,0.75,Sinh viên,Hủ tiếu,Phường Long Bình
L03094,R005,2026-06-08,Hủ tiếu sa tế,55000,55,25000,4,3,1,pickup,10:45,75000,90000,0.75,Sinh viên,Hủ tiếu,Phường Long Bình
L03095,R005,2026-06-08,Hủ tiếu bò kho,41000,50,20000,3,2,1,pickup,10:30,40000,42000,0.667,Sinh viên,Hủ tiếu,Phường Long Bình
L03096,R005,2026-06-08,Hủ tiếu thập cẩm,62000,50,31000,3,2,1,pickup,10:45,62000,62000,0.667,Sinh viên,Hủ tiếu,Phường Long Bình
L03097,R006,2026-06-08,Bún bò viên,46000,45,25000,2,1,1,delivery,17:00,25000,21000,0.5,Trung tâm,Bún bò,Phường Nhiêu Lộc
L03098,R006,2026-06-08,Bún bò Huế đặc biệt,41000,39,25000,1,0,1,delivery,17:30,0,0,0.0,Trung tâm,Bún bò,Phường Nhiêu Lộc
L03099,R006,2026-06-08,Bún bò thập cẩm,37000,38,23000,1,0,1,delivery,17:15,0,0,0.0,Trung tâm,Bún bò,Phường Nhiêu Lộc
L03100,R006,2026-06-08,Bún bò gân,45000,46,24000,2,1,1,delivery,17:45,24000,21000,0.5,Trung tâm,Bún bò,Phường Nhiêu Lộc
L03101,R007,2026-06-08,Phở bò viên,45000,36,29000,20,10,10,pickup,09:00,290000,160000,0.5,Dân cư đông,Phở,Phường An Hội Đông
L03102,R008,2026-06-08,Hủ tiếu Nam Vang,45000,42,26000,5,3,2,pickup,16:00,78000,57000,0.6,Công nhân,Hủ tiếu,Phường Thuận An
L03103,R008,2026-06-08,Hủ tiếu mì,59000,46,32000,5,3,2,delivery,16:30,96000,81000,0.6,Công nhân,Hủ tiếu,Phường Thuận An
L03104,R008,2026-06-08,Hủ tiếu thập cẩm,54000,39,33000,4,2,2,delivery,16:15,66000,42000,0.5,Công nhân,Hủ tiếu,Phường Thuận An
L03105,R009,2026-06-08,Cơm tấm bì,44000,56,19000,4,3,1,pickup,20:15,57000,75000,0.75,Dân cư đông,Cơm tấm,Phường Tân Bình
L03106,R009,2026-06-08,Cơm tấm sườn nướng,38000,55,17000,4,2,2,pickup,20:15,34000,42000,0.5,Dân cư đông,Cơm tấm,Phường Tân Bình
L03107,R009,2026-06-08,Cơm tấm sườn bì chả,36000,52,17000,3,2,1,pickup,20:15,34000,38000,0.667,Dân cư đông,Cơm tấm,Phường Tân Bình
L03108,R010,2026-06-08,Cơm tấm bì,29000,49,15000,1,0,1,delivery,19:15,0,0,0.0,Trung tâm,Cơm tấm,Phường Đức Nhuận
L03109,R010,2026-06-08,Cơm tấm sườn bì chả,35000,47,19000,1,0,1,delivery,19:00,0,0,0.0,Trung tâm,Cơm tấm,Phường Đức Nhuận
L03110,R010,2026-06-08,Cơm tấm sườn trứng,50000,42,29000,1,0,1,pickup,19:45,0,0,0.0,Trung tâm,Cơm tấm,Phường Đức Nhuận
L03111,R011,2026-06-08,Bánh mì xíu mại,30000,34,20000,7,3,4,pickup,20:30,60000,30000,0.429,Ngoại ô,Bánh mì,Xã Hiệp Phước
L03112,R012,2026-06-08,Phở gà,63000,58,26000,2,1,1,delivery,20:00,26000,37000,0.5,Dân cư đông,Phở,Phường Khánh Hội
L03113,R012,2026-06-08,Phở bò chín,43000,60,17000,2,1,1,delivery,20:30,17000,26000,0.5,Dân cư đông,Phở,Phường Khánh Hội
L03114,R013,2026-06-08,Phở bò tái,58000,49,30000,4,2,2,delivery,12:45,60000,56000,0.5,Sinh viên,Phở,Phường Long Bình
L03115,R013,2026-06-08,Phở bò tái nạm,60000,46,32000,4,2,2,pickup,12:15,64000,56000,0.5,Sinh viên,Phở,Phường Long Bình
L03116,R013,2026-06-08,Phở bò viên,52000,53,24000,3,2,1,pickup,12:30,48000,56000,0.667,Sinh viên,Phở,Phường Long Bình
L03117,R013,2026-06-08,Phở gà,57000,53,27000,4,3,1,delivery,12:45,81000,90000,0.75,Sinh viên,Phở,Phường Long Bình
L03118,R013,2026-06-08,Phở bò chín,40000,47,21000,3,1,2,delivery,12:45,21000,19000,0.333,Sinh viên,Phở,Phường Long Bình
L03119,R014,2026-06-08,Bánh mì chả lụa,29000,53,14000,1,0,1,pickup,12:15,0,0,0.0,Sinh viên,Bánh mì,Phường An Khánh
L03120,R014,2026-06-08,Bánh mì gà,24000,59,10000,1,0,1,pickup,12:00,0,0,0.0,Sinh viên,Bánh mì,Phường An Khánh
L03121,R015,2026-06-08,Hủ tiếu mì,54000,40,32000,5,2,3,delivery,13:00,64000,44000,0.4,Sinh viên,Hủ tiếu,Phường Hiệp Bình
L03122,R015,2026-06-08,Hủ tiếu bò kho,53000,43,30000,6,3,3,pickup,13:00,90000,69000,0.5,Sinh viên,Hủ tiếu,Phường Hiệp Bình
L03123,R015,2026-06-08,Hủ tiếu thập cẩm,37000,45,20000,6,3,3,delivery,13:45,60000,51000,0.5,Sinh viên,Hủ tiếu,Phường Hiệp Bình
L03124,R016,2026-06-08,Phở bò chín,52000,50,26000,4,3,1,pickup,16:30,78000,78000,0.75,Sinh viên,Phở,Phường Tăng Nhơn Phú
L03125,R016,2026-06-08,Phở bò tái nạm,43000,52,21000,4,3,1,delivery,16:45,63000,66000,0.75,Sinh viên,Phở,Phường Tăng Nhơn Phú
L03126,R016,2026-06-08,Phở bò viên,59000,46,32000,3,2,1,delivery,16:45,64000,54000,0.667,Sinh viên,Phở,Phường Tăng Nhơn Phú
L03127,R017,2026-06-08,Cơm tấm bì,46000,30,32000,17,8,9,delivery,13:00,256000,112000,0.471,Công nhân,Cơm tấm,Phường Dĩ An
L03128,R018,2026-06-08,Cơm tấm sườn bì chả,46000,42,27000,2,1,1,delivery,16:45,27000,19000,0.5,Công nhân,Cơm tấm,Phường Lái Thiêu
L03129,R019,2026-06-08,Bún bò viên,40000,47,21000,8,4,4,pickup,18:00,84000,76000,0.5,Sinh viên,Bún bò,Phường Long Bình
L03130,R019,2026-06-08,Bún bò gân,52000,42,30000,6,4,2,delivery,18:15,120000,88000,0.667,Sinh viên,Bún bò,Phường Long Bình
L03131,R020,2026-06-08,Phở bò viên,39000,43,22000,1,0,1,delivery,09:45,0,0,0.0,Công nhân,Phở,Phường Đông Hòa
L03132,R020,2026-06-08,Phở gà,56000,35,36000,1,0,1,delivery,09:45,0,0,0.0,Công nhân,Phở,Phường Đông Hòa
L03133,R020,2026-06-08,Phở bò tái nạm,56000,44,31000,2,1,1,delivery,09:45,31000,25000,0.5,Công nhân,Phở,Phường Đông Hòa
L03134,R020,2026-06-08,Phở bò chín,48000,34,32000,2,1,1,delivery,09:00,32000,16000,0.5,Công nhân,Phở,Phường Đông Hòa
L03135,R021,2026-06-08,Hủ tiếu mì,43000,46,23000,3,1,2,pickup,20:15,23000,20000,0.333,Sinh viên,Hủ tiếu,Phường Bình Trưng
L03136,R021,2026-06-08,Hủ tiếu bò kho,44000,37,28000,2,0,2,pickup,20:15,0,0,0.0,Sinh viên,Hủ tiếu,Phường Bình Trưng
L03137,R022,2026-06-08,Bánh mì trứng,27000,60,11000,2,1,1,delivery,18:15,11000,16000,0.5,Sinh viên,Bánh mì,Phường Long Bình
L03138,R022,2026-06-08,Bánh mì thịt nguội,18000,60,7000,2,1,1,pickup,18:00,7000,11000,0.5,Sinh viên,Bánh mì,Phường Long Bình
L03139,R022,2026-06-08,Bánh mì xíu mại,29000,60,12000,2,1,1,delivery,18:30,12000,17000,0.5,Sinh viên,Bánh mì,Phường Long Bình
L03140,R022,2026-06-08,Bánh mì chả lụa,22000,56,10000,2,1,1,delivery,18:00,10000,12000,0.5,Sinh viên,Bánh mì,Phường Long Bình
L03141,R022,2026-06-08,Bánh mì gà,20000,60,8000,2,1,1,pickup,18:15,8000,12000,0.5,Sinh viên,Bánh mì,Phường Long Bình
L03142,R023,2026-06-08,Bánh mì gà,21000,35,14000,2,0,2,delivery,17:45,0,0,0.0,Công nhân,Bánh mì,Phường Tân Đông Hiệp
L03143,R023,2026-06-08,Bánh mì thịt nguội,29000,32,20000,2,0,2,pickup,17:00,0,0,0.0,Công nhân,Bánh mì,Phường Tân Đông Hiệp
L03144,R024,2026-06-08,Hủ tiếu sa tế,49000,49,25000,14,10,4,delivery,14:00,250000,240000,0.714,Công nhân,Hủ tiếu,Phường An Phú
L03145,R025,2026-06-08,Cơm gà xối mỡ,40000,30,28000,2,0,2,pickup,11:15,0,0,0.0,Dân cư đông,Cơm văn phòng,Phường An Hội Đông
L03146,R025,2026-06-08,Cơm canh chua,47000,32,32000,1,0,1,delivery,11:45,0,0,0.0,Dân cư đông,Cơm văn phòng,Phường An Hội Đông
L03147,R025,2026-06-08,Cơm gà luộc,38000,31,26000,1,0,1,delivery,11:30,0,0,0.0,Dân cư đông,Cơm văn phòng,Phường An Hội Đông
L03148,R025,2026-06-08,Cơm sườn đậu hũ,36000,32,24000,1,0,1,delivery,11:45,0,0,0.0,Dân cư đông,Cơm văn phòng,Phường An Hội Đông
L03149,R025,2026-06-08,Cơm thịt kho trứng,44000,30,31000,2,1,1,delivery,11:30,31000,13000,0.5,Dân cư đông,Cơm văn phòng,Phường An Hội Đông
L03150,R026,2026-06-08,Bún riêu cua,40000,44,22000,4,2,2,delivery,16:00,44000,36000,0.5,Sinh viên,Bún riêu,Phường Tam Bình
L03151,R027,2026-06-08,Bún bò Huế đặc biệt,52000,31,36000,3,0,3,pickup,17:15,0,0,0.0,Công nhân,Bún bò,Phường Hòa Lợi
L03152,R028,2026-06-08,Bánh mì xíu mại,22000,56,10000,8,5,3,delivery,14:15,50000,60000,0.625,Công nhân,Bánh mì,Phường Tân Đông Hiệp
L03153,R029,2026-06-08,Phở bò chín,44000,57,19000,1,0,1,pickup,19:45,0,0,0.0,Trung tâm,Phở,Phường Bến Thành
L03154,R029,2026-06-08,Phở bò tái,38000,54,17000,1,0,1,pickup,19:30,0,0,0.0,Trung tâm,Phở,Phường Bến Thành
L03155,R029,2026-06-08,Phở gà,61000,60,24000,1,0,1,delivery,19:15,0,0,0.0,Trung tâm,Phở,Phường Bến Thành
L03156,R029,2026-06-08,Phở bò viên,47000,60,19000,1,0,1,pickup,19:15,0,0,0.0,Trung tâm,Phở,Phường Bến Thành
L03157,R030,2026-06-08,Bún bò gân,46000,47,24000,15,9,6,pickup,15:00,216000,198000,0.6,Công nhân,Bún bò,Phường An Phú
L03158,R030,2026-06-08,Bún bò thập cẩm,55000,50,28000,11,8,3,delivery,15:00,224000,216000,0.727,Công nhân,Bún bò,Phường An Phú
L03159,R031,2026-06-08,Phở bò tái nạm,51000,44,29000,5,3,2,delivery,09:00,87000,66000,0.6,Sinh viên,Phở,Phường Phước Long
L03160,R031,2026-06-08,Phở bò viên,46000,42,27000,5,2,3,delivery,09:00,54000,38000,0.4,Sinh viên,Phở,Phường Phước Long
L03161,R032,2026-06-08,Cơm canh chua,51000,38,32000,4,2,2,delivery,13:45,64000,38000,0.5,Trung tâm,Cơm văn phòng,Phường Cầu Ông Lãnh
L03162,R033,2026-06-08,Cơm tấm đặc biệt,40000,45,22000,2,1,1,pickup,13:30,22000,18000,0.5,Dân cư đông,Cơm tấm,Phường Tân Hòa
L03163,R033,2026-06-08,Cơm tấm sườn nướng,30000,49,15000,1,0,1,pickup,13:15,0,0,0.0,Dân cư đông,Cơm tấm,Phường Tân Hòa
L03164,R033,2026-06-08,Cơm tấm sườn bì chả,30000,43,17000,1,0,1,pickup,13:45,0,0,0.0,Dân cư đông,Cơm tấm,Phường Tân Hòa
L03165,R033,2026-06-08,Cơm tấm sườn trứng,54000,44,30000,2,1,1,pickup,13:15,30000,24000,0.5,Dân cư đông,Cơm tấm,Phường Tân Hòa
L03166,R033,2026-06-08,Cơm tấm bì,34000,44,19000,1,0,1,pickup,13:45,0,0,0.0,Dân cư đông,Cơm tấm,Phường Tân Hòa
L03167,R034,2026-06-08,Bún bò viên,44000,32,30000,7,2,5,delivery,18:00,60000,28000,0.286,Ngoại ô,Bún bò,Xã Bình Chánh
L03168,R034,2026-06-08,Bún bò giò heo,48000,31,33000,5,2,3,pickup,18:15,66000,30000,0.4,Ngoại ô,Bún bò,Xã Bình Chánh
L03169,R035,2026-06-08,Bánh mì chả lụa,22000,60,9000,1,0,1,delivery,12:15,0,0,0.0,Dân cư đông,Bánh mì,Phường Tân Sơn Nhất
L03170,R035,2026-06-08,Bánh mì trứng,25000,58,10000,1,0,1,delivery,12:15,0,0,0.0,Dân cư đông,Bánh mì,Phường Tân Sơn Nhất
L03171,R035,2026-06-08,Bánh mì xíu mại,26000,56,11000,1,0,1,delivery,12:15,0,0,0.0,Dân cư đông,Bánh mì,Phường Tân Sơn Nhất
L03172,R035,2026-06-08,Bánh mì gà,22000,56,10000,1,0,1,delivery,12:00,0,0,0.0,Dân cư đông,Bánh mì,Phường Tân Sơn Nhất
L03173,R035,2026-06-08,Bánh mì thịt nguội,17000,52,8000,1,0,1,delivery,12:00,0,0,0.0,Dân cư đông,Bánh mì,Phường Tân Sơn Nhất
L03174,R036,2026-06-08,Bún bò gân,41000,36,26000,3,0,3,pickup,14:30,0,0,0.0,Sinh viên,Bún bò,Phường Phước Long
L03175,R036,2026-06-08,Bún bò thập cẩm,44000,38,27000,3,1,2,pickup,14:45,27000,17000,0.333,Sinh viên,Bún bò,Phường Phước Long
L03176,R036,2026-06-08,Bún bò viên,41000,39,25000,5,2,3,pickup,14:30,50000,32000,0.4,Sinh viên,Bún bò,Phường Phước Long
L03177,R037,2026-06-08,Bún bò giò heo,39000,38,24000,6,3,3,delivery,15:15,72000,45000,0.5,Trung tâm,Bún bò,Phường Tân Định
L03178,R038,2026-06-08,Bún bò viên,55000,44,31000,1,0,1,pickup,17:45,0,0,0.0,Công nhân,Bún bò,Phường Thuận Giao
L03179,R038,2026-06-08,Bún bò gân,60000,48,31000,1,0,1,pickup,17:00,0,0,0.0,Công nhân,Bún bò,Phường Thuận Giao
L03180,R039,2026-06-08,Bún riêu thập cẩm,45000,55,20000,18,13,5,delivery,09:00,260000,325000,0.722,Công nhân,Bún riêu,Phường Đông Hòa
L03181,R040,2026-06-08,Bún bò viên,50000,57,22000,2,1,1,delivery,14:00,22000,28000,0.5,Sinh viên,Bún bò,Phường Bình Trưng
L03182,R041,2026-06-08,Phở bò chín,41000,43,23000,4,3,1,delivery,15:30,69000,54000,0.75,Công nhân,Phở,Phường Tân Khánh
L03183,R041,2026-06-08,Phở gà,39000,44,22000,3,1,2,delivery,15:00,22000,17000,0.333,Công nhân,Phở,Phường Tân Khánh
L03184,R042,2026-06-08,Cơm tấm sườn bì chả,29000,55,13000,2,1,1,pickup,11:30,13000,16000,0.5,Trung tâm,Cơm tấm,Phường Tân Định
L03185,R042,2026-06-08,Cơm tấm đặc biệt,33000,60,13000,3,2,1,delivery,11:15,26000,40000,0.667,Trung tâm,Cơm tấm,Phường Tân Định
L03186,R042,2026-06-08,Cơm tấm bì,30000,55,13000,2,1,1,delivery,11:30,13000,17000,0.5,Trung tâm,Cơm tấm,Phường Tân Định
L03187,R043,2026-06-08,Cơm thịt kho trứng,35000,54,16000,2,1,1,pickup,16:30,16000,19000,0.5,Dân cư đông,Cơm văn phòng,Phường Bảy Hiền
L03188,R043,2026-06-08,Cơm gà luộc,36000,60,14000,3,2,1,pickup,16:45,28000,44000,0.667,Dân cư đông,Cơm văn phòng,Phường Bảy Hiền
L03189,R043,2026-06-08,Cơm gà xối mỡ,49000,60,20000,3,2,1,pickup,16:45,40000,58000,0.667,Dân cư đông,Cơm văn phòng,Phường Bảy Hiền
L03190,R043,2026-06-08,Cơm sườn đậu hũ,40000,58,17000,3,1,2,pickup,16:30,17000,23000,0.333,Dân cư đông,Cơm văn phòng,Phường Bảy Hiền
L03191,R043,2026-06-08,Cơm canh chua,46000,60,18000,3,2,1,pickup,16:00,36000,56000,0.667,Dân cư đông,Cơm văn phòng,Phường Bảy Hiền
L03192,R044,2026-06-08,Hủ tiếu thập cẩm,50000,47,26000,3,1,2,delivery,13:15,26000,24000,0.333,Sinh viên,Hủ tiếu,Phường Tam Bình
L03193,R044,2026-06-08,Hủ tiếu sa tế,48000,45,26000,3,1,2,pickup,13:00,26000,22000,0.333,Sinh viên,Hủ tiếu,Phường Tam Bình
L03194,R044,2026-06-08,Hủ tiếu mì,44000,47,23000,3,1,2,pickup,13:30,23000,21000,0.333,Sinh viên,Hủ tiếu,Phường Tam Bình
L03195,R045,2026-06-08,Bún bò giò heo,55000,46,30000,4,2,2,pickup,17:45,60000,50000,0.5,Công nhân,Bún bò,Phường Thuận An
L03196,R045,2026-06-08,Bún bò Huế đặc biệt,44000,39,27000,4,2,2,delivery,17:45,54000,34000,0.5,Công nhân,Bún bò,Phường Thuận An
L03197,R045,2026-06-08,Bún bò thập cẩm,49000,43,28000,4,2,2,pickup,17:45,56000,42000,0.5,Công nhân,Bún bò,Phường Thuận An
L03198,R046,2026-06-08,Bánh mì chả lụa,18000,52,9000,3,2,1,pickup,13:45,18000,18000,0.667,Sinh viên,Bánh mì,Phường Cát Lái
L03199,R046,2026-06-08,Bánh mì trứng,30000,53,14000,3,2,1,pickup,13:45,28000,32000,0.667,Sinh viên,Bánh mì,Phường Cát Lái
L03200,R046,2026-06-08,Bánh mì thịt nguội,29000,52,14000,2,1,1,pickup,13:15,14000,15000,0.5,Sinh viên,Bánh mì,Phường Cát Lái
L03201,R046,2026-06-08,Bánh mì gà,24000,55,11000,2,1,1,pickup,13:30,11000,13000,0.5,Sinh viên,Bánh mì,Phường Cát Lái
L03202,R046,2026-06-08,Bánh mì xíu mại,20000,50,10000,2,1,1,pickup,13:45,10000,10000,0.5,Sinh viên,Bánh mì,Phường Cát Lái
L03203,R047,2026-06-08,Bún bò gân,51000,40,31000,27,21,6,delivery,17:15,651000,420000,0.778,Công nhân,Bún bò,Phường Tân Khánh
L03204,R048,2026-06-08,Bánh mì thịt nguội,19000,51,9000,4,3,1,delivery,18:30,27000,30000,0.75,Công nhân,Bánh mì,Phường An Phú
L03205,R048,2026-06-08,Bánh mì trứng,22000,52,11000,3,2,1,pickup,18:15,22000,22000,0.667,Công nhân,Bánh mì,Phường An Phú
L03206,R049,2026-06-08,Phở bò chín,45000,46,24000,1,0,1,delivery,12:45,0,0,0.0,Sinh viên,Phở,Phường Thủ Đức
L03207,R049,2026-06-08,Phở bò tái,46000,39,28000,1,0,1,delivery,12:00,0,0,0.0,Sinh viên,Phở,Phường Thủ Đức
L03208,R049,2026-06-08,Phở gà,45000,38,28000,1,0,1,delivery,12:30,0,0,0.0,Sinh viên,Phở,Phường Thủ Đức
L03209,R049,2026-06-08,Phở bò viên,48000,37,30000,1,0,1,delivery,12:45,0,0,0.0,Sinh viên,Phở,Phường Thủ Đức
L03210,R050,2026-06-08,Bánh mì chả lụa,29000,40,17000,1,0,1,delivery,17:15,0,0,0.0,Ngoại ô,Bánh mì,Xã Hưng Long
L03211,R051,2026-06-08,Hủ tiếu Nam Vang,56000,57,24000,5,3,2,delivery,13:00,72000,96000,0.6,Dân cư đông,Hủ tiếu,Phường Hạnh Thông
L03212,R052,2026-06-08,Cơm tấm bì,32000,42,19000,4,2,2,delivery,18:00,38000,26000,0.5,Dân cư đông,Cơm tấm,Phường Xóm Chiếu
L03213,R052,2026-06-08,Cơm tấm đặc biệt,42000,41,25000,4,2,2,delivery,18:30,50000,34000,0.5,Dân cư đông,Cơm tấm,Phường Xóm Chiếu
L03214,R052,2026-06-08,Cơm tấm sườn nướng,38000,38,24000,4,1,3,delivery,18:00,24000,14000,0.25,Dân cư đông,Cơm tấm,Phường Xóm Chiếu
L03215,R053,2026-06-08,Bánh mì thịt nguội,22000,59,9000,3,2,1,delivery,17:00,18000,26000,0.667,Dân cư đông,Bánh mì,Phường Gia Định
L03216,R053,2026-06-08,Bánh mì xíu mại,24000,60,10000,3,2,1,pickup,17:30,20000,28000,0.667,Dân cư đông,Bánh mì,Phường Gia Định
L03217,R053,2026-06-08,Bánh mì chả lụa,23000,58,10000,3,2,1,delivery,17:30,20000,26000,0.667,Dân cư đông,Bánh mì,Phường Gia Định
L03218,R053,2026-06-08,Bánh mì gà,19000,54,9000,4,2,2,delivery,17:45,18000,20000,0.5,Dân cư đông,Bánh mì,Phường Gia Định
L03219,R053,2026-06-08,Bánh mì trứng,27000,60,11000,3,2,1,pickup,17:00,22000,32000,0.667,Dân cư đông,Bánh mì,Phường Gia Định
L03220,R054,2026-06-08,Bánh mì xíu mại,19000,57,8000,4,3,1,delivery,11:45,24000,33000,0.75,Công nhân,Bánh mì,Phường Bình Hòa
L03221,R054,2026-06-08,Bánh mì trứng,23000,58,10000,4,2,2,delivery,11:15,20000,26000,0.5,Công nhân,Bánh mì,Phường Bình Hòa
L03222,R054,2026-06-08,Bánh mì chả lụa,28000,54,13000,3,2,1,delivery,11:30,26000,30000,0.667,Công nhân,Bánh mì,Phường Bình Hòa
L03223,R054,2026-06-08,Bánh mì thịt nguội,19000,49,10000,3,1,2,delivery,11:45,10000,9000,0.333,Công nhân,Bánh mì,Phường Bình Hòa
L03224,R055,2026-06-08,Cơm tấm sườn bì chả,33000,60,13000,1,0,1,pickup,12:30,0,0,0.0,Dân cư đông,Cơm tấm,Phường Thông Tây Hội
L03225,R055,2026-06-08,Cơm tấm sườn nướng,41000,57,18000,2,1,1,delivery,12:30,18000,23000,0.5,Dân cư đông,Cơm tấm,Phường Thông Tây Hội
L03226,R055,2026-06-08,Cơm tấm sườn trứng,45000,60,18000,2,1,1,pickup,12:00,18000,27000,0.5,Dân cư đông,Cơm tấm,Phường Thông Tây Hội
L03227,R055,2026-06-08,Cơm tấm bì,39000,59,16000,2,1,1,delivery,12:45,16000,23000,0.5,Dân cư đông,Cơm tấm,Phường Thông Tây Hội
L03228,R055,2026-06-08,Cơm tấm đặc biệt,39000,60,16000,1,0,1,delivery,12:15,0,0,0.0,Dân cư đông,Cơm tấm,Phường Thông Tây Hội
L03229,R056,2026-06-08,Hủ tiếu mì,51000,39,31000,4,1,3,delivery,17:30,31000,20000,0.25,Trung tâm,Hủ tiếu,Phường Nhiêu Lộc
L03230,R056,2026-06-08,Hủ tiếu thập cẩm,52000,37,33000,4,1,3,delivery,17:00,33000,19000,0.25,Trung tâm,Hủ tiếu,Phường Nhiêu Lộc
L03231,R057,2026-06-08,Bún bò thập cẩm,52000,47,28000,1,0,1,pickup,18:00,0,0,0.0,Sinh viên,Bún bò,Phường Bình Trưng
L03232,R057,2026-06-08,Bún bò Huế đặc biệt,63000,52,30000,1,0,1,pickup,18:00,0,0,0.0,Sinh viên,Bún bò,Phường Bình Trưng
L03233,R058,2026-06-08,Bánh mì xíu mại,22000,39,13000,1,0,1,pickup,19:30,0,0,0.0,Trung tâm,Bánh mì,Phường Cầu Kiệu
L03234,R058,2026-06-08,Bánh mì gà,18000,30,13000,1,0,1,pickup,19:15,0,0,0.0,Trung tâm,Bánh mì,Phường Cầu Kiệu
L03235,R058,2026-06-08,Bánh mì chả lụa,19000,38,12000,1,0,1,pickup,19:00,0,0,0.0,Trung tâm,Bánh mì,Phường Cầu Kiệu
L03236,R058,2026-06-08,Bánh mì thịt nguội,24000,30,17000,1,0,1,pickup,19:30,0,0,0.0,Trung tâm,Bánh mì,Phường Cầu Kiệu
L03237,R059,2026-06-08,Cơm tấm bì,41000,30,29000,2,1,1,pickup,14:15,29000,12000,0.5,Sinh viên,Cơm tấm,Phường Tam Bình
L03238,R059,2026-06-08,Cơm tấm sườn trứng,36000,30,25000,1,0,1,delivery,14:30,0,0,0.0,Sinh viên,Cơm tấm,Phường Tam Bình
L03239,R060,2026-06-08,Phở bò chín,53000,60,21000,2,1,1,delivery,10:00,21000,32000,0.5,Công nhân,Phở,Phường Tân Đông Hiệp
L03240,R061,2026-06-08,Cơm tấm đặc biệt,29000,46,16000,4,2,2,delivery,15:00,32000,26000,0.5,Sinh viên,Cơm tấm,Phường Tam Bình
L03241,R061,2026-06-08,Cơm tấm sườn bì chả,36000,48,19000,4,3,1,pickup,15:30,57000,51000,0.75,Sinh viên,Cơm tấm,Phường Tam Bình
L03242,R062,2026-06-08,Phở bò chín,49000,30,34000,1,0,1,delivery,10:30,0,0,0.0,Dân cư đông,Phở,Phường Hạnh Thông
L03243,R062,2026-06-08,Phở bò viên,44000,35,29000,1,0,1,delivery,10:15,0,0,0.0,Dân cư đông,Phở,Phường Hạnh Thông
L03244,R062,2026-06-08,Phở gà,47000,33,31000,1,0,1,delivery,10:15,0,0,0.0,Dân cư đông,Phở,Phường Hạnh Thông
L03245,R062,2026-06-08,Phở bò tái nạm,47000,34,31000,1,0,1,delivery,10:45,0,0,0.0,Dân cư đông,Phở,Phường Hạnh Thông
L03246,R062,2026-06-08,Phở bò tái,39000,35,25000,1,0,1,delivery,10:30,0,0,0.0,Dân cư đông,Phở,Phường Hạnh Thông
L03247,R063,2026-06-08,Hủ tiếu mì,54000,37,34000,4,2,2,delivery,19:30,68000,40000,0.5,Công nhân,Hủ tiếu,Phường Thuận Giao
L03248,R063,2026-06-08,Hủ tiếu sa tế,42000,40,25000,4,2,2,delivery,19:00,50000,34000,0.5,Công nhân,Hủ tiếu,Phường Thuận Giao
L03249,R063,2026-06-08,Hủ tiếu thập cẩm,48000,37,30000,4,2,2,delivery,19:00,60000,36000,0.5,Công nhân,Hủ tiếu,Phường Thuận Giao
L03250,R064,2026-06-08,Bún bò giò heo,43000,40,26000,3,1,2,pickup,10:45,26000,17000,0.333,Sinh viên,Bún bò,Phường Tăng Nhơn Phú
L03251,R064,2026-06-08,Bún bò viên,54000,48,28000,3,2,1,delivery,10:00,56000,52000,0.667,Sinh viên,Bún bò,Phường Tăng Nhơn Phú
L03252,R064,2026-06-08,Bún bò thập cẩm,53000,43,30000,3,1,2,delivery,10:15,30000,23000,0.333,Sinh viên,Bún bò,Phường Tăng Nhơn Phú
L03253,R065,2026-06-08,Cơm tấm sườn nướng,41000,50,20000,2,1,1,pickup,19:00,20000,21000,0.5,Công nhân,Cơm tấm,Phường Đông Hòa
L03254,R065,2026-06-08,Cơm tấm sườn trứng,31000,55,14000,2,1,1,pickup,19:45,14000,17000,0.5,Công nhân,Cơm tấm,Phường Đông Hòa
L03255,R065,2026-06-08,Cơm tấm đặc biệt,40000,56,18000,2,1,1,pickup,19:15,18000,22000,0.5,Công nhân,Cơm tấm,Phường Đông Hòa
L03256,R066,2026-06-08,Cơm thịt kho trứng,29000,54,13000,4,3,1,pickup,09:15,39000,48000,0.75,Sinh viên,Cơm văn phòng,Phường An Khánh
L03257,R066,2026-06-08,Cơm sườn đậu hũ,37000,56,16000,4,3,1,pickup,09:15,48000,63000,0.75,Sinh viên,Cơm văn phòng,Phường An Khánh
L03258,R066,2026-06-08,Cơm gà luộc,42000,60,17000,4,3,1,pickup,09:45,51000,75000,0.75,Sinh viên,Cơm văn phòng,Phường An Khánh
L03259,R067,2026-06-08,Cơm gà luộc,39000,51,19000,1,0,1,delivery,19:00,0,0,0.0,Dân cư đông,Cơm văn phòng,Phường An Hội Đông
L03260,R067,2026-06-08,Cơm canh chua,38000,47,20000,1,0,1,pickup,19:45,0,0,0.0,Dân cư đông,Cơm văn phòng,Phường An Hội Đông
L03261,R067,2026-06-08,Cơm sườn đậu hũ,30000,47,16000,1,0,1,delivery,19:45,0,0,0.0,Dân cư đông,Cơm văn phòng,Phường An Hội Đông
L03262,R067,2026-06-08,Cơm gà xối mỡ,39000,49,20000,1,0,1,delivery,19:45,0,0,0.0,Dân cư đông,Cơm văn phòng,Phường An Hội Đông
L03263,R067,2026-06-08,Cơm thịt kho trứng,46000,49,23000,1,0,1,pickup,19:45,0,0,0.0,Dân cư đông,Cơm văn phòng,Phường An Hội Đông
L03264,R068,2026-06-08,Bún riêu cua,43000,38,27000,1,0,1,delivery,19:45,0,0,0.0,Trung tâm,Bún riêu,Phường Xuân Hòa
L03265,R068,2026-06-08,Bún riêu cua mọc,46000,30,32000,1,0,1,delivery,19:15,0,0,0.0,Trung tâm,Bún riêu,Phường Xuân Hòa
L03266,R068,2026-06-08,Bún riêu cua đồng,37000,36,24000,1,0,1,delivery,19:15,0,0,0.0,Trung tâm,Bún riêu,Phường Xuân Hòa
L03267,R069,2026-06-08,Bánh mì thịt nguội,25000,51,12000,1,0,1,pickup,20:00,0,0,0.0,Ngoại ô,Bánh mì,Xã Xuân Thới Sơn
L03268,R069,2026-06-08,Bánh mì trứng,27000,48,14000,1,0,1,delivery,20:30,0,0,0.0,Ngoại ô,Bánh mì,Xã Xuân Thới Sơn
L03269,R069,2026-06-08,Bánh mì xíu mại,22000,42,13000,1,0,1,pickup,20:15,0,0,0.0,Ngoại ô,Bánh mì,Xã Xuân Thới Sơn
L03270,R070,2026-06-08,Hủ tiếu thập cẩm,45000,56,20000,1,0,1,delivery,19:45,0,0,0.0,Dân cư đông,Hủ tiếu,Phường Gò Vấp
L03271,R070,2026-06-08,Hủ tiếu mì,42000,57,18000,1,0,1,delivery,19:15,0,0,0.0,Dân cư đông,Hủ tiếu,Phường Gò Vấp
L03272,R070,2026-06-08,Hủ tiếu sa tế,60000,60,24000,1,0,1,delivery,19:15,0,0,0.0,Dân cư đông,Hủ tiếu,Phường Gò Vấp
L03273,R070,2026-06-08,Hủ tiếu bò kho,56000,57,24000,1,0,1,delivery,19:00,0,0,0.0,Dân cư đông,Hủ tiếu,Phường Gò Vấp
L03274,R071,2026-06-08,Cơm tấm đặc biệt,36000,37,23000,3,1,2,pickup,11:00,23000,13000,0.333,Sinh viên,Cơm tấm,Phường Bình Trưng
L03275,R071,2026-06-08,Cơm tấm sườn trứng,37000,30,26000,3,1,2,pickup,11:30,26000,11000,0.333,Sinh viên,Cơm tấm,Phường Bình Trưng
L03276,R071,2026-06-08,Cơm tấm sườn nướng,40000,30,28000,3,1,2,pickup,11:00,28000,12000,0.333,Sinh viên,Cơm tấm,Phường Bình Trưng
L03277,R071,2026-06-08,Cơm tấm sườn bì chả,43000,31,30000,4,1,3,pickup,11:00,30000,13000,0.25,Sinh viên,Cơm tấm,Phường Bình Trưng
L03278,R071,2026-06-08,Cơm tấm bì,43000,33,29000,3,1,2,pickup,11:45,29000,14000,0.333,Sinh viên,Cơm tấm,Phường Bình Trưng
L03279,R072,2026-06-08,Cơm thịt kho trứng,41000,56,18000,4,3,1,delivery,14:00,54000,69000,0.75,Trung tâm,Cơm văn phòng,Phường Bến Thành
L03280,R072,2026-06-08,Cơm gà luộc,36000,57,15000,5,3,2,delivery,14:45,45000,63000,0.6,Trung tâm,Cơm văn phòng,Phường Bến Thành
L03281,R073,2026-06-08,Bánh mì xíu mại,23000,41,14000,2,1,1,pickup,16:30,14000,9000,0.5,Dân cư đông,Bánh mì,Phường Vĩnh Hội
L03282,R073,2026-06-08,Bánh mì trứng,23000,47,12000,2,1,1,delivery,16:00,12000,11000,0.5,Dân cư đông,Bánh mì,Phường Vĩnh Hội
L03283,R074,2026-06-08,Cơm gà luộc,45000,35,29000,2,1,1,pickup,17:00,29000,16000,0.5,Dân cư đông,Cơm văn phòng,Phường Bình Lợi Trung
L03284,R074,2026-06-08,Cơm thịt kho trứng,38000,30,27000,2,1,1,pickup,17:00,27000,11000,0.5,Dân cư đông,Cơm văn phòng,Phường Bình Lợi Trung
L03285,R074,2026-06-08,Cơm sườn đậu hũ,35000,30,24000,2,0,2,pickup,17:15,0,0,0.0,Dân cư đông,Cơm văn phòng,Phường Bình Lợi Trung
L03286,R074,2026-06-08,Cơm canh chua,47000,32,32000,2,0,2,pickup,17:15,0,0,0.0,Dân cư đông,Cơm văn phòng,Phường Bình Lợi Trung
L03287,R074,2026-06-08,Cơm gà xối mỡ,50000,30,35000,2,0,2,pickup,17:00,0,0,0.0,Dân cư đông,Cơm văn phòng,Phường Bình Lợi Trung
L03288,R075,2026-06-08,Cơm tấm đặc biệt,37000,52,18000,3,2,1,delivery,15:30,36000,38000,0.667,Dân cư đông,Cơm tấm,Phường Vĩnh Hội
L03289,R075,2026-06-08,Cơm tấm bì,38000,50,19000,4,3,1,pickup,15:45,57000,57000,0.75,Dân cư đông,Cơm tấm,Phường Vĩnh Hội
L03290,R075,2026-06-08,Cơm tấm sườn bì chả,50000,55,22000,3,2,1,pickup,15:45,44000,56000,0.667,Dân cư đông,Cơm tấm,Phường Vĩnh Hội
L03291,R076,2026-06-08,Phở bò tái nạm,57000,41,34000,5,3,2,pickup,12:45,102000,69000,0.6,Dân cư đông,Phở,Phường An Nhơn
L03292,R076,2026-06-08,Phở bò chín,48000,45,26000,7,4,3,pickup,12:45,104000,88000,0.571,Dân cư đông,Phở,Phường An Nhơn
L03293,R076,2026-06-08,Phở bò tái,38000,42,22000,6,3,3,pickup,12:30,66000,48000,0.5,Dân cư đông,Phở,Phường An Nhơn
L03294,R077,2026-06-08,Cơm tấm sườn nướng,35000,40,21000,2,1,1,pickup,14:45,21000,14000,0.5,Trung tâm,Cơm tấm,Phường Xuân Hòa
L03295,R077,2026-06-08,Cơm tấm sườn trứng,32000,42,19000,2,1,1,delivery,14:30,19000,13000,0.5,Trung tâm,Cơm tấm,Phường Xuân Hòa
L03296,R077,2026-06-08,Cơm tấm bì,32000,45,18000,2,1,1,delivery,14:45,18000,14000,0.5,Trung tâm,Cơm tấm,Phường Xuân Hòa
L03297,R078,2026-06-08,Bún riêu thập cẩm,38000,39,23000,2,0,2,delivery,13:15,0,0,0.0,Công nhân,Bún riêu,Phường Tân Đông Hiệp
L03298,R078,2026-06-08,Bún riêu cua mọc,40000,37,25000,2,0,2,delivery,13:30,0,0,0.0,Công nhân,Bún riêu,Phường Tân Đông Hiệp
L03299,R078,2026-06-08,Bún riêu cua đồng,42000,35,27000,2,1,1,pickup,13:00,27000,15000,0.5,Công nhân,Bún riêu,Phường Tân Đông Hiệp
L03300,R078,2026-06-08,Bún riêu cua,46000,37,29000,2,1,1,delivery,13:30,29000,17000,0.5,Công nhân,Bún riêu,Phường Tân Đông Hiệp
L03301,R079,2026-06-08,Cơm tấm bì,29000,49,15000,8,5,3,pickup,16:30,75000,70000,0.625,Sinh viên,Cơm tấm,Phường Bình Trưng
L03302,R080,2026-06-08,Cơm tấm sườn trứng,30000,51,15000,1,0,1,pickup,09:15,0,0,0.0,Dân cư đông,Cơm tấm,Phường An Hội Đông
L03303,R080,2026-06-08,Cơm tấm sườn nướng,35000,43,20000,1,0,1,delivery,09:30,0,0,0.0,Dân cư đông,Cơm tấm,Phường An Hội Đông
L03304,R080,2026-06-08,Cơm tấm bì,46000,49,23000,2,1,1,delivery,09:15,23000,23000,0.5,Dân cư đông,Cơm tấm,Phường An Hội Đông
L03305,R080,2026-06-08,Cơm tấm đặc biệt,38000,48,20000,2,1,1,delivery,09:00,20000,18000,0.5,Dân cư đông,Cơm tấm,Phường An Hội Đông
L03306,R080,2026-06-08,Cơm tấm sườn bì chả,33000,43,19000,2,1,1,pickup,09:15,19000,14000,0.5,Dân cư đông,Cơm tấm,Phường An Hội Đông
L03307,R081,2026-06-08,Bún riêu cua mọc,51000,51,25000,4,3,1,pickup,09:45,75000,78000,0.75,Công nhân,Bún riêu,Phường Đông Hòa
L03308,R081,2026-06-08,Bún riêu cua đồng,33000,49,17000,3,1,2,pickup,09:45,17000,16000,0.333,Công nhân,Bún riêu,Phường Đông Hòa
L03309,R081,2026-06-08,Bún riêu cua,36000,50,18000,4,3,1,pickup,09:00,54000,54000,0.75,Công nhân,Bún riêu,Phường Đông Hòa
L03310,R081,2026-06-08,Bún riêu thập cẩm,39000,59,16000,4,3,1,pickup,09:00,48000,69000,0.75,Công nhân,Bún riêu,Phường Đông Hòa
L03311,R082,2026-06-08,Hủ tiếu sa tế,47000,54,22000,11,9,2,delivery,19:15,198000,225000,0.818,Sinh viên,Hủ tiếu,Phường Tăng Nhơn Phú
L03312,R082,2026-06-08,Hủ tiếu Nam Vang,44000,50,22000,11,7,4,pickup,19:00,154000,154000,0.636,Sinh viên,Hủ tiếu,Phường Tăng Nhơn Phú
L03313,R083,2026-06-08,Cơm tấm đặc biệt,42000,31,29000,2,0,2,pickup,14:30,0,0,0.0,Trung tâm,Cơm tấm,Phường Sài Gòn
L03314,R083,2026-06-08,Cơm tấm sườn nướng,46000,34,30000,1,0,1,pickup,14:00,0,0,0.0,Trung tâm,Cơm tấm,Phường Sài Gòn
L03315,R083,2026-06-08,Cơm tấm sườn trứng,41000,32,28000,1,0,1,delivery,14:30,0,0,0.0,Trung tâm,Cơm tấm,Phường Sài Gòn
L03316,R084,2026-06-08,Bún riêu cua mọc,41000,36,26000,2,0,2,delivery,18:00,0,0,0.0,Sinh viên,Bún riêu,Phường Hiệp Bình
L03317,R085,2026-06-08,Bánh mì trứng,20000,60,8000,14,10,4,pickup,20:00,80000,120000,0.714,Sinh viên,Bánh mì,Phường Tăng Nhơn Phú
L03318,R086,2026-06-08,Phở bò tái nạm,43000,58,18000,1,0,1,delivery,10:00,0,0,0.0,Dân cư đông,Phở,Phường Tân Sơn Nhất
L03319,R086,2026-06-08,Phở bò tái,36000,53,17000,1,0,1,delivery,10:15,0,0,0.0,Dân cư đông,Phở,Phường Tân Sơn Nhất
L03320,R086,2026-06-08,Phở gà,48000,60,19000,1,0,1,delivery,10:15,0,0,0.0,Dân cư đông,Phở,Phường Tân Sơn Nhất
L03321,R086,2026-06-08,Phở bò chín,46000,51,23000,1,0,1,delivery,10:45,0,0,0.0,Dân cư đông,Phở,Phường Tân Sơn Nhất
L03322,R086,2026-06-08,Phở bò viên,63000,54,29000,1,0,1,delivery,10:30,0,0,0.0,Dân cư đông,Phở,Phường Tân Sơn Nhất
L03323,R087,2026-06-08,Phở bò viên,53000,36,34000,11,3,8,pickup,13:15,102000,57000,0.273,Công nhân,Phở,Phường Thuận An
L03324,R087,2026-06-08,Phở bò tái nạm,41000,37,26000,12,4,8,pickup,13:15,104000,60000,0.333,Công nhân,Phở,Phường Thuận An
L03325,R088,2026-06-08,Cơm tấm sườn trứng,42000,53,20000,3,2,1,delivery,09:15,40000,44000,0.667,Dân cư đông,Cơm tấm,Phường Gò Vấp
L03326,R088,2026-06-08,Cơm tấm sườn nướng,40000,57,17000,3,1,2,delivery,09:00,17000,23000,0.333,Dân cư đông,Cơm tấm,Phường Gò Vấp
L03327,R088,2026-06-08,Cơm tấm sườn bì chả,44000,57,19000,3,2,1,pickup,09:00,38000,50000,0.667,Dân cư đông,Cơm tấm,Phường Gò Vấp
L03328,R088,2026-06-08,Cơm tấm bì,33000,60,13000,3,2,1,delivery,09:15,26000,40000,0.667,Dân cư đông,Cơm tấm,Phường Gò Vấp
L03329,R088,2026-06-08,Cơm tấm đặc biệt,33000,60,13000,2,1,1,delivery,09:15,13000,20000,0.5,Dân cư đông,Cơm tấm,Phường Gò Vấp
L03330,R089,2026-06-08,Hủ tiếu thập cẩm,47000,30,33000,1,0,1,delivery,15:45,0,0,0.0,Công nhân,Hủ tiếu,Phường Đông Hòa
L03331,R089,2026-06-08,Hủ tiếu bò kho,41000,36,26000,1,0,1,delivery,15:00,0,0,0.0,Công nhân,Hủ tiếu,Phường Đông Hòa
L03332,R089,2026-06-08,Hủ tiếu Nam Vang,61000,36,39000,1,0,1,delivery,15:15,0,0,0.0,Công nhân,Hủ tiếu,Phường Đông Hòa
L03333,R089,2026-06-08,Hủ tiếu sa tế,44000,38,27000,1,0,1,pickup,15:15,0,0,0.0,Công nhân,Hủ tiếu,Phường Đông Hòa
L03334,R090,2026-06-08,Hủ tiếu sa tế,49000,38,30000,15,9,6,delivery,09:45,270000,171000,0.6,Sinh viên,Hủ tiếu,Phường Thủ Đức
L03335,R091,2026-06-08,Bánh mì chả lụa,19000,52,9000,2,1,1,delivery,12:30,9000,10000,0.5,Dân cư đông,Bánh mì,Phường Xóm Chiếu
L03336,R092,2026-06-08,Cơm tấm đặc biệt,36000,30,25000,2,1,1,pickup,17:45,25000,11000,0.5,Dân cư đông,Cơm tấm,Phường Gia Định
L03337,R092,2026-06-08,Cơm tấm sườn bì chả,42000,38,26000,2,0,2,pickup,17:45,0,0,0.0,Dân cư đông,Cơm tấm,Phường Gia Định
L03338,R092,2026-06-08,Cơm tấm bì,36000,36,23000,2,0,2,delivery,17:30,0,0,0.0,Dân cư đông,Cơm tấm,Phường Gia Định
L03339,R092,2026-06-08,Cơm tấm sườn nướng,47000,40,28000,3,2,1,pickup,17:30,56000,38000,0.667,Dân cư đông,Cơm tấm,Phường Gia Định
L03340,R092,2026-06-08,Cơm tấm sườn trứng,47000,33,31000,3,1,2,pickup,17:30,31000,16000,0.333,Dân cư đông,Cơm tấm,Phường Gia Định
L03341,R093,2026-06-08,Phở bò viên,54000,35,35000,5,2,3,delivery,09:30,70000,38000,0.4,Công nhân,Phở,Phường Tân Đông Hiệp
L03342,R093,2026-06-08,Phở bò tái nạm,44000,32,30000,5,1,4,pickup,09:45,30000,14000,0.2,Công nhân,Phở,Phường Tân Đông Hiệp
L03343,R093,2026-06-08,Phở gà,49000,41,29000,5,2,3,delivery,09:15,58000,40000,0.4,Công nhân,Phở,Phường Tân Đông Hiệp
L03344,R093,2026-06-08,Phở bò chín,43000,36,28000,5,1,4,pickup,09:30,28000,15000,0.2,Công nhân,Phở,Phường Tân Đông Hiệp
L03345,R094,2026-06-08,Hủ tiếu thập cẩm,51000,58,21000,9,5,4,delivery,12:15,105000,150000,0.556,Dân cư đông,Hủ tiếu,Phường Bình Lợi Trung
L03346,R095,2026-06-08,Cơm tấm sườn bì chả,32000,59,13000,2,1,1,pickup,14:15,13000,19000,0.5,Công nhân,Cơm tấm,Phường Lái Thiêu
L03347,R095,2026-06-08,Cơm tấm sườn trứng,29000,60,12000,2,1,1,delivery,14:00,12000,17000,0.5,Công nhân,Cơm tấm,Phường Lái Thiêu
L03348,R095,2026-06-08,Cơm tấm bì,41000,56,18000,2,1,1,delivery,14:30,18000,23000,0.5,Công nhân,Cơm tấm,Phường Lái Thiêu
L03349,R095,2026-06-08,Cơm tấm sườn nướng,38000,56,17000,2,1,1,delivery,14:00,17000,21000,0.5,Công nhân,Cơm tấm,Phường Lái Thiêu
L03350,R096,2026-06-08,Cơm gà luộc,44000,43,25000,9,5,4,pickup,14:15,125000,95000,0.556,Công nhân,Cơm văn phòng,Phường Lái Thiêu
L03351,R096,2026-06-08,Cơm thịt kho trứng,32000,48,17000,11,7,4,pickup,14:00,119000,105000,0.636,Công nhân,Cơm văn phòng,Phường Lái Thiêu
L03352,R097,2026-06-08,Hủ tiếu sa tế,47000,50,24000,2,1,1,pickup,20:30,24000,23000,0.5,Công nhân,Hủ tiếu,Phường Tân Đông Hiệp
L03353,R097,2026-06-08,Hủ tiếu Nam Vang,39000,54,18000,3,2,1,pickup,20:15,36000,42000,0.667,Công nhân,Hủ tiếu,Phường Tân Đông Hiệp
L03354,R097,2026-06-08,Hủ tiếu thập cẩm,50000,52,24000,2,1,1,delivery,20:45,24000,26000,0.5,Công nhân,Hủ tiếu,Phường Tân Đông Hiệp
L03355,R098,2026-06-08,Bún riêu thập cẩm,49000,40,29000,3,2,1,delivery,16:15,58000,40000,0.667,Trung tâm,Bún riêu,Phường Xuân Hòa
L03356,R099,2026-06-08,Cơm gà luộc,25000,59,10000,1,0,1,pickup,09:30,0,0,0.0,Sinh viên,Cơm văn phòng,Phường An Khánh
L03357,R099,2026-06-08,Cơm gà xối mỡ,40000,60,16000,1,0,1,pickup,09:30,0,0,0.0,Sinh viên,Cơm văn phòng,Phường An Khánh
L03358,R099,2026-06-08,Cơm thịt kho trứng,37000,59,15000,1,0,1,pickup,09:00,0,0,0.0,Sinh viên,Cơm văn phòng,Phường An Khánh
L03359,R099,2026-06-08,Cơm sườn đậu hũ,44000,55,20000,1,0,1,pickup,09:00,0,0,0.0,Sinh viên,Cơm văn phòng,Phường An Khánh
L03360,R099,2026-06-08,Cơm canh chua,32000,58,13000,1,0,1,pickup,09:15,0,0,0.0,Sinh viên,Cơm văn phòng,Phường An Khánh
L03361,R100,2026-06-08,Hủ tiếu mì,46000,37,29000,3,1,2,delivery,15:30,29000,17000,0.333,Trung tâm,Hủ tiếu,Phường Tân Định
L03362,R100,2026-06-08,Hủ tiếu sa tế,44000,42,26000,3,2,1,pickup,15:15,52000,36000,0.667,Trung tâm,Hủ tiếu,Phường Tân Định
L03363,R101,2026-06-08,Phở bò tái,45000,30,31000,1,0,1,pickup,09:00,0,0,0.0,Công nhân,Phở,Phường Bình Hòa
L03364,R101,2026-06-08,Phở bò viên,43000,32,29000,1,0,1,pickup,09:45,0,0,0.0,Công nhân,Phở,Phường Bình Hòa
L03365,R101,2026-06-08,Phở gà,40000,30,28000,1,0,1,pickup,09:00,0,0,0.0,Công nhân,Phở,Phường Bình Hòa
L03366,R102,2026-06-08,Bún bò viên,50000,56,22000,2,1,1,delivery,15:15,22000,28000,0.5,Sinh viên,Bún bò,Phường Thủ Đức
L03367,R102,2026-06-08,Bún bò Huế đặc biệt,40000,59,16000,2,1,1,delivery,15:45,16000,24000,0.5,Sinh viên,Bún bò,Phường Thủ Đức
L03368,R102,2026-06-08,Bún bò giò heo,45000,55,20000,1,0,1,pickup,15:45,0,0,0.0,Sinh viên,Bún bò,Phường Thủ Đức
L03369,R102,2026-06-08,Bún bò gân,50000,53,24000,2,1,1,delivery,15:30,24000,26000,0.5,Sinh viên,Bún bò,Phường Thủ Đức
L03370,R103,2026-06-08,Cơm thịt kho trứng,47000,31,32000,5,1,4,delivery,11:45,32000,15000,0.2,Công nhân,Cơm văn phòng,Phường Đông Hòa
L03371,R103,2026-06-08,Cơm gà xối mỡ,33000,34,22000,7,3,4,delivery,11:15,66000,33000,0.429,Công nhân,Cơm văn phòng,Phường Đông Hòa
L03372,R103,2026-06-08,Cơm sườn đậu hũ,39000,41,23000,8,5,3,pickup,11:00,115000,80000,0.625,Công nhân,Cơm văn phòng,Phường Đông Hòa
L03373,R104,2026-06-08,Bánh mì xíu mại,21000,51,10000,1,0,1,pickup,19:00,0,0,0.0,Dân cư đông,Bánh mì,Phường Thông Tây Hội
L03374,R104,2026-06-08,Bánh mì trứng,21000,50,10000,1,0,1,pickup,19:00,0,0,0.0,Dân cư đông,Bánh mì,Phường Thông Tây Hội
L03375,R104,2026-06-08,Bánh mì thịt nguội,23000,48,12000,1,0,1,pickup,19:30,0,0,0.0,Dân cư đông,Bánh mì,Phường Thông Tây Hội
L03376,R104,2026-06-08,Bánh mì chả lụa,21000,45,12000,1,0,1,pickup,19:00,0,0,0.0,Dân cư đông,Bánh mì,Phường Thông Tây Hội
L03377,R104,2026-06-08,Bánh mì gà,26000,44,15000,1,0,1,pickup,19:30,0,0,0.0,Dân cư đông,Bánh mì,Phường Thông Tây Hội
L03378,R105,2026-06-08,Bánh mì chả lụa,24000,35,16000,5,1,4,pickup,16:45,16000,8000,0.2,Sinh viên,Bánh mì,Phường Tam Bình
L03379,R105,2026-06-08,Bánh mì thịt nguội,24000,33,16000,5,2,3,pickup,16:30,32000,16000,0.4,Sinh viên,Bánh mì,Phường Tam Bình
L03380,R106,2026-06-08,Phở bò viên,46000,60,18000,7,5,2,pickup,11:15,90000,140000,0.714,Công nhân,Phở,Phường An Phú
L03381,R106,2026-06-08,Phở bò tái,40000,53,19000,6,4,2,pickup,11:30,76000,84000,0.667,Công nhân,Phở,Phường An Phú
L03382,R106,2026-06-08,Phở gà,55000,60,22000,6,5,1,pickup,11:45,110000,165000,0.833,Công nhân,Phở,Phường An Phú
L03383,R107,2026-06-08,Hủ tiếu Nam Vang,53000,42,31000,17,12,5,delivery,09:15,372000,264000,0.706,Dân cư đông,Hủ tiếu,Phường Gò Vấp
L03384,R108,2026-06-08,Cơm tấm sườn nướng,36000,45,20000,3,1,2,delivery,16:45,20000,16000,0.333,Sinh viên,Cơm tấm,Phường Thủ Đức
L03385,R108,2026-06-08,Cơm tấm sườn trứng,35000,45,19000,4,2,2,delivery,16:30,38000,32000,0.5,Sinh viên,Cơm tấm,Phường Thủ Đức
L03386,R108,2026-06-08,Cơm tấm bì,38000,54,17000,4,3,1,delivery,16:15,51000,63000,0.75,Sinh viên,Cơm tấm,Phường Thủ Đức
L03387,R108,2026-06-08,Cơm tấm sườn bì chả,43000,53,20000,3,2,1,delivery,16:15,40000,46000,0.667,Sinh viên,Cơm tấm,Phường Thủ Đức
L03388,R109,2026-06-08,Hủ tiếu Nam Vang,62000,54,29000,1,0,1,pickup,11:45,0,0,0.0,Trung tâm,Hủ tiếu,Phường Sài Gòn
L03389,R109,2026-06-08,Hủ tiếu thập cẩm,62000,60,25000,1,0,1,pickup,11:45,0,0,0.0,Trung tâm,Hủ tiếu,Phường Sài Gòn
L03390,R109,2026-06-08,Hủ tiếu bò kho,50000,60,20000,1,0,1,delivery,11:00,0,0,0.0,Trung tâm,Hủ tiếu,Phường Sài Gòn
L03391,R110,2026-06-08,Phở gà,59000,60,24000,4,3,1,delivery,10:15,72000,105000,0.75,Sinh viên,Phở,Phường Hiệp Bình
L03392,R110,2026-06-08,Phở bò viên,48000,60,19000,4,3,1,pickup,10:45,57000,87000,0.75,Sinh viên,Phở,Phường Hiệp Bình
L03393,R111,2026-06-08,Bánh mì chả lụa,28000,56,12000,5,3,2,delivery,09:30,36000,48000,0.6,Sinh viên,Bánh mì,Phường Long Bình
L03394,R112,2026-06-08,Hủ tiếu sa tế,49000,55,22000,1,0,1,pickup,11:45,0,0,0.0,Dân cư đông,Hủ tiếu,Phường Gò Vấp
L03395,R112,2026-06-08,Hủ tiếu Nam Vang,50000,45,28000,1,0,1,pickup,11:15,0,0,0.0,Dân cư đông,Hủ tiếu,Phường Gò Vấp
L03396,R112,2026-06-08,Hủ tiếu mì,44000,50,22000,1,0,1,delivery,11:30,0,0,0.0,Dân cư đông,Hủ tiếu,Phường Gò Vấp
L03397,R112,2026-06-08,Hủ tiếu bò kho,47000,52,23000,1,0,1,pickup,11:00,0,0,0.0,Dân cư đông,Hủ tiếu,Phường Gò Vấp
L03398,R112,2026-06-08,Hủ tiếu thập cẩm,64000,49,33000,1,0,1,pickup,11:00,0,0,0.0,Dân cư đông,Hủ tiếu,Phường Gò Vấp
L03399,R113,2026-06-08,Bánh mì xíu mại,24000,52,12000,1,0,1,delivery,10:30,0,0,0.0,Dân cư đông,Bánh mì,Phường Tân Hòa
L03400,R113,2026-06-08,Bánh mì gà,33000,53,16000,1,0,1,delivery,10:15,0,0,0.0,Dân cư đông,Bánh mì,Phường Tân Hòa
L03401,R113,2026-06-08,Bánh mì thịt nguội,24000,46,13000,1,0,1,delivery,10:45,0,0,0.0,Dân cư đông,Bánh mì,Phường Tân Hòa
L03402,R113,2026-06-08,Bánh mì trứng,28000,53,13000,1,0,1,delivery,10:30,0,0,0.0,Dân cư đông,Bánh mì,Phường Tân Hòa
L03403,R113,2026-06-08,Bánh mì chả lụa,24000,45,13000,1,0,1,delivery,10:45,0,0,0.0,Dân cư đông,Bánh mì,Phường Tân Hòa
L03404,R114,2026-06-08,Cơm gà xối mỡ,31000,45,17000,1,0,1,pickup,10:00,0,0,0.0,Công nhân,Cơm văn phòng,Phường Bình Hòa
L03405,R114,2026-06-08,Cơm thịt kho trứng,33000,46,18000,1,0,1,pickup,10:00,0,0,0.0,Công nhân,Cơm văn phòng,Phường Bình Hòa
L03406,R114,2026-06-08,Cơm sườn đậu hũ,32000,39,20000,1,0,1,pickup,10:45,0,0,0.0,Công nhân,Cơm văn phòng,Phường Bình Hòa
L03407,R114,2026-06-08,Cơm canh chua,35000,46,19000,1,0,1,pickup,10:00,0,0,0.0,Công nhân,Cơm văn phòng,Phường Bình Hòa
L03408,R115,2026-06-08,Cơm tấm sườn nướng,31000,48,16000,1,0,1,delivery,14:45,0,0,0.0,Dân cư đông,Cơm tấm,Phường Khánh Hội
L03409,R115,2026-06-08,Cơm tấm sườn bì chả,40000,46,22000,1,0,1,pickup,14:30,0,0,0.0,Dân cư đông,Cơm tấm,Phường Khánh Hội
L03410,R116,2026-06-08,Cơm sườn đậu hũ,44000,40,26000,2,1,1,delivery,20:00,26000,18000,0.5,Dân cư đông,Cơm văn phòng,Phường Bình Lợi Trung
L03411,R116,2026-06-08,Cơm canh chua,35000,42,20000,2,1,1,delivery,20:30,20000,15000,0.5,Dân cư đông,Cơm văn phòng,Phường Bình Lợi Trung
L03412,R117,2026-06-08,Bánh mì trứng,24000,41,14000,1,0,1,delivery,09:45,0,0,0.0,Sinh viên,Bánh mì,Phường Hiệp Bình
L03413,R117,2026-06-08,Bánh mì chả lụa,20000,37,13000,1,0,1,delivery,09:45,0,0,0.0,Sinh viên,Bánh mì,Phường Hiệp Bình
L03414,R117,2026-06-08,Bánh mì xíu mại,32000,40,19000,1,0,1,delivery,09:00,0,0,0.0,Sinh viên,Bánh mì,Phường Hiệp Bình
L03415,R118,2026-06-08,Bánh mì trứng,23000,36,15000,2,1,1,pickup,10:30,15000,8000,0.5,Dân cư đông,Bánh mì,Phường Gò Vấp
L03416,R118,2026-06-08,Bánh mì gà,25000,30,18000,3,1,2,pickup,10:45,18000,7000,0.333,Dân cư đông,Bánh mì,Phường Gò Vấp
L03417,R118,2026-06-08,Bánh mì thịt nguội,30000,31,21000,4,1,3,pickup,10:00,21000,9000,0.25,Dân cư đông,Bánh mì,Phường Gò Vấp
L03418,R119,2026-06-08,Bún bò thập cẩm,42000,55,19000,8,6,2,pickup,14:30,114000,138000,0.75,Công nhân,Bún bò,Phường Đông Hòa
L03419,R120,2026-06-08,Bún bò gân,52000,56,23000,2,1,1,pickup,11:30,23000,29000,0.5,Dân cư đông,Bún bò,Phường Hạnh Thông
L03420,R120,2026-06-08,Bún bò thập cẩm,49000,56,22000,2,1,1,pickup,11:00,22000,27000,0.5,Dân cư đông,Bún bò,Phường Hạnh Thông
L03421,R120,2026-06-08,Bún bò viên,49000,54,23000,2,1,1,pickup,11:00,23000,26000,0.5,Dân cư đông,Bún bò,Phường Hạnh Thông
L03422,R120,2026-06-08,Bún bò Huế đặc biệt,45000,59,18000,1,0,1,pickup,11:00,0,0,0.0,Dân cư đông,Bún bò,Phường Hạnh Thông
L03423,R120,2026-06-08,Bún bò giò heo,62000,60,25000,1,0,1,pickup,11:45,0,0,0.0,Dân cư đông,Bún bò,Phường Hạnh Thông
L03424,R121,2026-06-08,Cơm thịt kho trứng,40000,42,23000,1,0,1,pickup,12:00,0,0,0.0,Dân cư đông,Cơm văn phòng,Phường Gò Vấp
L03425,R121,2026-06-08,Cơm gà xối mỡ,34000,40,20000,1,0,1,pickup,12:45,0,0,0.0,Dân cư đông,Cơm văn phòng,Phường Gò Vấp
L03426,R121,2026-06-08,Cơm canh chua,47000,39,29000,1,0,1,pickup,12:15,0,0,0.0,Dân cư đông,Cơm văn phòng,Phường Gò Vấp
L03427,R121,2026-06-08,Cơm gà luộc,40000,33,27000,1,0,1,pickup,12:15,0,0,0.0,Dân cư đông,Cơm văn phòng,Phường Gò Vấp
L03428,R121,2026-06-08,Cơm sườn đậu hũ,40000,40,24000,1,0,1,pickup,12:30,0,0,0.0,Dân cư đông,Cơm văn phòng,Phường Gò Vấp
L03429,R122,2026-06-08,Bún riêu cua đồng,42000,42,24000,6,3,3,pickup,09:00,72000,54000,0.5,Sinh viên,Bún riêu,Phường Linh Xuân
L03430,R123,2026-06-08,Cơm sườn đậu hũ,43000,51,21000,12,10,2,pickup,16:45,210000,220000,0.833,Sinh viên,Cơm văn phòng,Phường Bình Trưng
L03431,R124,2026-06-08,Bún bò viên,44000,33,29000,2,1,1,pickup,15:15,29000,15000,0.5,Sinh viên,Bún bò,Phường Cát Lái
L03432,R124,2026-06-08,Bún bò gân,44000,35,29000,3,1,2,pickup,15:30,29000,15000,0.333,Sinh viên,Bún bò,Phường Cát Lái
L03433,R124,2026-06-08,Bún bò Huế đặc biệt,53000,30,37000,2,0,2,delivery,15:45,0,0,0.0,Sinh viên,Bún bò,Phường Cát Lái
L03434,R124,2026-06-08,Bún bò giò heo,53000,31,37000,3,1,2,delivery,15:15,37000,16000,0.333,Sinh viên,Bún bò,Phường Cát Lái
L03435,R124,2026-06-08,Bún bò thập cẩm,37000,33,25000,3,0,3,pickup,15:45,0,0,0.0,Sinh viên,Bún bò,Phường Cát Lái
L03436,R125,2026-06-08,Bánh mì xíu mại,23000,50,12000,3,2,1,pickup,15:45,24000,22000,0.667,Công nhân,Bánh mì,Phường Lái Thiêu
L03437,R125,2026-06-08,Bánh mì chả lụa,25000,55,11000,2,1,1,delivery,15:45,11000,14000,0.5,Công nhân,Bánh mì,Phường Lái Thiêu
L03438,R126,2026-06-08,Phở bò viên,48000,34,32000,3,1,2,delivery,11:00,32000,16000,0.333,Dân cư đông,Phở,Phường Gò Vấp
L03439,R126,2026-06-08,Phở bò tái nạm,42000,37,26000,2,0,2,delivery,11:15,0,0,0.0,Dân cư đông,Phở,Phường Gò Vấp
L03440,R126,2026-06-08,Phở gà,44000,40,26000,3,1,2,delivery,11:30,26000,18000,0.333,Dân cư đông,Phở,Phường Gò Vấp
L03441,R126,2026-06-08,Phở bò chín,46000,40,28000,2,1,1,delivery,11:00,28000,18000,0.5,Dân cư đông,Phở,Phường Gò Vấp
L03442,R126,2026-06-08,Phở bò tái,51000,31,35000,2,0,2,delivery,11:45,0,0,0.0,Dân cư đông,Phở,Phường Gò Vấp
L03443,R127,2026-06-08,Cơm gà xối mỡ,27000,34,18000,2,0,2,delivery,18:45,0,0,0.0,Dân cư đông,Cơm văn phòng,Phường Tân Sơn Nhất
L03444,R127,2026-06-08,Cơm canh chua,49000,30,34000,2,0,2,delivery,18:30,0,0,0.0,Dân cư đông,Cơm văn phòng,Phường Tân Sơn Nhất
L03445,R127,2026-06-08,Cơm sườn đậu hũ,34000,37,21000,2,0,2,delivery,18:30,0,0,0.0,Dân cư đông,Cơm văn phòng,Phường Tân Sơn Nhất
L03446,R127,2026-06-08,Cơm thịt kho trứng,33000,35,21000,2,0,2,delivery,18:00,0,0,0.0,Dân cư đông,Cơm văn phòng,Phường Tân Sơn Nhất
L03447,R127,2026-06-08,Cơm gà luộc,40000,32,27000,2,0,2,delivery,18:30,0,0,0.0,Dân cư đông,Cơm văn phòng,Phường Tân Sơn Nhất
L03448,R128,2026-06-08,Bánh mì trứng,22000,34,15000,3,1,2,delivery,18:15,15000,7000,0.333,Trung tâm,Bánh mì,Phường Đức Nhuận
L03449,R128,2026-06-08,Bánh mì thịt nguội,26000,35,17000,3,0,3,delivery,18:45,0,0,0.0,Trung tâm,Bánh mì,Phường Đức Nhuận
L03450,R129,2026-06-08,Phở bò tái,51000,52,24000,2,1,1,pickup,11:45,24000,27000,0.5,Công nhân,Phở,Phường Dĩ An
L03451,R129,2026-06-08,Phở bò tái nạm,52000,50,26000,2,1,1,pickup,11:15,26000,26000,0.5,Công nhân,Phở,Phường Dĩ An
L03452,R129,2026-06-08,Phở bò chín,50000,46,27000,2,1,1,pickup,11:30,27000,23000,0.5,Công nhân,Phở,Phường Dĩ An
L03453,R130,2026-06-08,Phở bò chín,54000,40,32000,4,2,2,delivery,10:45,64000,44000,0.5,Công nhân,Phở,Phường Lái Thiêu
L03454,R130,2026-06-08,Phở bò tái,44000,47,23000,4,2,2,delivery,10:15,46000,42000,0.5,Công nhân,Phở,Phường Lái Thiêu
L03455,R130,2026-06-08,Phở gà,41000,40,25000,5,2,3,delivery,10:00,50000,32000,0.4,Công nhân,Phở,Phường Lái Thiêu
L03456,R130,2026-06-08,Phở bò viên,48000,49,24000,3,2,1,delivery,10:15,48000,48000,0.667,Công nhân,Phở,Phường Lái Thiêu
L03457,R131,2026-06-08,Bún bò gân,43000,51,21000,1,0,1,pickup,20:00,0,0,0.0,Sinh viên,Bún bò,Phường Phước Long
L03458,R131,2026-06-08,Bún bò viên,64000,57,28000,1,0,1,pickup,20:30,0,0,0.0,Sinh viên,Bún bò,Phường Phước Long
L03459,R131,2026-06-08,Bún bò thập cẩm,56000,48,29000,1,0,1,pickup,20:30,0,0,0.0,Sinh viên,Bún bò,Phường Phước Long
L03460,R131,2026-06-08,Bún bò giò heo,41000,52,20000,1,0,1,pickup,20:30,0,0,0.0,Sinh viên,Bún bò,Phường Phước Long
L03461,R132,2026-06-08,Cơm thịt kho trứng,40000,41,24000,4,2,2,pickup,09:30,48000,32000,0.5,Sinh viên,Cơm văn phòng,Phường Linh Xuân
L03462,R132,2026-06-08,Cơm gà luộc,33000,43,19000,3,1,2,pickup,09:45,19000,14000,0.333,Sinh viên,Cơm văn phòng,Phường Linh Xuân
L03463,R132,2026-06-08,Cơm gà xối mỡ,38000,51,19000,4,3,1,delivery,09:30,57000,57000,0.75,Sinh viên,Cơm văn phòng,Phường Linh Xuân
L03464,R133,2026-06-08,Hủ tiếu Nam Vang,39000,35,25000,16,5,11,delivery,15:00,125000,70000,0.312,Sinh viên,Hủ tiếu,Phường Cát Lái
L03465,R134,2026-06-08,Cơm tấm sườn trứng,39000,30,27000,1,0,1,delivery,15:15,0,0,0.0,Dân cư đông,Cơm tấm,Phường An Nhơn
L03466,R134,2026-06-08,Cơm tấm sườn nướng,40000,36,26000,1,0,1,delivery,15:30,0,0,0.0,Dân cư đông,Cơm tấm,Phường An Nhơn
L03467,R134,2026-06-08,Cơm tấm đặc biệt,27000,30,19000,1,0,1,pickup,15:00,0,0,0.0,Dân cư đông,Cơm tấm,Phường An Nhơn
L03468,R135,2026-06-08,Bún bò Huế đặc biệt,60000,45,33000,7,4,3,pickup,20:15,132000,108000,0.571,Sinh viên,Bún bò,Phường Cát Lái
L03469,R135,2026-06-08,Bún bò thập cẩm,55000,52,26000,7,5,2,pickup,20:30,130000,145000,0.714,Sinh viên,Bún bò,Phường Cát Lái
L03470,R135,2026-06-08,Bún bò giò heo,52000,53,24000,6,5,1,pickup,20:00,120000,140000,0.833,Sinh viên,Bún bò,Phường Cát Lái
L03471,R136,2026-06-08,Bún bò gân,47000,53,22000,7,5,2,delivery,10:45,110000,125000,0.714,Công nhân,Bún bò,Phường Đông Hòa
L03472,R136,2026-06-08,Bún bò viên,45000,59,18000,5,4,1,delivery,10:15,72000,108000,0.8,Công nhân,Bún bò,Phường Đông Hòa
L03473,R136,2026-06-08,Bún bò Huế đặc biệt,57000,60,23000,6,4,2,pickup,10:15,92000,136000,0.667,Công nhân,Bún bò,Phường Đông Hòa
L03474,R137,2026-06-08,Hủ tiếu Nam Vang,49000,51,24000,1,0,1,delivery,15:00,0,0,0.0,Dân cư đông,Hủ tiếu,Phường Tân Sơn Nhất
L03475,R137,2026-06-08,Hủ tiếu mì,49000,45,27000,1,0,1,delivery,15:45,0,0,0.0,Dân cư đông,Hủ tiếu,Phường Tân Sơn Nhất
L03476,R137,2026-06-08,Hủ tiếu bò kho,54000,48,28000,1,0,1,delivery,15:45,0,0,0.0,Dân cư đông,Hủ tiếu,Phường Tân Sơn Nhất
L03477,R137,2026-06-08,Hủ tiếu sa tế,51000,51,25000,1,0,1,delivery,15:45,0,0,0.0,Dân cư đông,Hủ tiếu,Phường Tân Sơn Nhất
L03478,R137,2026-06-08,Hủ tiếu thập cẩm,41000,43,23000,1,0,1,delivery,15:15,0,0,0.0,Dân cư đông,Hủ tiếu,Phường Tân Sơn Nhất
L03479,R138,2026-06-08,Cơm tấm sườn trứng,44000,60,18000,1,0,1,delivery,16:00,0,0,0.0,Công nhân,Cơm tấm,Phường Đông Hòa
L03480,R138,2026-06-08,Cơm tấm bì,34000,60,14000,1,0,1,delivery,16:45,0,0,0.0,Công nhân,Cơm tấm,Phường Đông Hòa
L03481,R138,2026-06-08,Cơm tấm sườn nướng,32000,60,13000,1,0,1,delivery,16:30,0,0,0.0,Công nhân,Cơm tấm,Phường Đông Hòa
L03482,R138,2026-06-08,Cơm tấm đặc biệt,40000,59,16000,1,0,1,delivery,16:30,0,0,0.0,Công nhân,Cơm tấm,Phường Đông Hòa
L03483,R139,2026-06-08,Bánh mì trứng,21000,52,10000,3,2,1,delivery,09:45,20000,22000,0.667,Ngoại ô,Bánh mì,Xã Bà Điểm
L03484,R139,2026-06-08,Bánh mì xíu mại,22000,58,9000,3,2,1,delivery,09:30,18000,26000,0.667,Ngoại ô,Bánh mì,Xã Bà Điểm
L03485,R139,2026-06-08,Bánh mì chả lụa,24000,60,10000,3,2,1,delivery,09:15,20000,28000,0.667,Ngoại ô,Bánh mì,Xã Bà Điểm
L03486,R140,2026-06-08,Bún riêu thập cẩm,40000,36,26000,5,3,2,pickup,17:15,78000,42000,0.6,Ngoại ô,Bún riêu,Xã Hiệp Phước
L03487,R140,2026-06-08,Bún riêu cua,41000,36,26000,5,2,3,delivery,17:45,52000,30000,0.4,Ngoại ô,Bún riêu,Xã Hiệp Phước
L03488,R141,2026-06-08,Cơm canh chua,36000,30,25000,2,1,1,delivery,15:15,25000,11000,0.5,Sinh viên,Cơm văn phòng,Phường Long Bình
L03489,R141,2026-06-08,Cơm gà luộc,31000,32,21000,2,0,2,delivery,15:15,0,0,0.0,Sinh viên,Cơm văn phòng,Phường Long Bình
L03490,R142,2026-06-08,Bún riêu cua,36000,47,19000,5,2,3,pickup,11:00,38000,34000,0.4,Công nhân,Bún riêu,Phường Thuận An
L03491,R142,2026-06-08,Bún riêu cua đồng,42000,45,23000,5,3,2,pickup,11:45,69000,57000,0.6,Công nhân,Bún riêu,Phường Thuận An
L03492,R142,2026-06-08,Bún riêu cua mọc,47000,42,27000,4,2,2,pickup,11:15,54000,40000,0.5,Công nhân,Bún riêu,Phường Thuận An
L03493,R142,2026-06-08,Bún riêu thập cẩm,41000,52,20000,5,4,1,pickup,11:45,80000,84000,0.8,Công nhân,Bún riêu,Phường Thuận An
L03494,R143,2026-06-08,Bánh mì trứng,17000,50,8000,2,1,1,delivery,16:00,8000,9000,0.5,Sinh viên,Bánh mì,Phường Cát Lái
L03495,R143,2026-06-08,Bánh mì chả lụa,26000,48,14000,3,2,1,pickup,16:30,28000,24000,0.667,Sinh viên,Bánh mì,Phường Cát Lái
L03496,R143,2026-06-08,Bánh mì thịt nguội,26000,47,14000,2,1,1,delivery,16:15,14000,12000,0.5,Sinh viên,Bánh mì,Phường Cát Lái
L03497,R143,2026-06-08,Bánh mì gà,28000,46,15000,3,1,2,delivery,16:15,15000,13000,0.333,Sinh viên,Bánh mì,Phường Cát Lái
L03498,R144,2026-06-08,Bún bò thập cẩm,47000,60,19000,4,3,1,pickup,15:15,57000,84000,0.75,Sinh viên,Bún bò,Phường Phước Long
L03499,R144,2026-06-08,Bún bò giò heo,48000,58,20000,3,2,1,pickup,15:45,40000,56000,0.667,Sinh viên,Bún bò,Phường Phước Long
L03500,R144,2026-06-08,Bún bò Huế đặc biệt,44000,57,19000,3,2,1,pickup,15:30,38000,50000,0.667,Sinh viên,Bún bò,Phường Phước Long
L03501,R145,2026-06-08,Cơm tấm sườn nướng,38000,46,21000,1,0,1,delivery,19:00,0,0,0.0,Trung tâm,Cơm tấm,Phường Phú Nhuận
L03502,R145,2026-06-08,Cơm tấm sườn bì chả,41000,45,23000,2,1,1,delivery,19:00,23000,18000,0.5,Trung tâm,Cơm tấm,Phường Phú Nhuận
L03503,R145,2026-06-08,Cơm tấm đặc biệt,38000,45,21000,1,0,1,delivery,19:15,0,0,0.0,Trung tâm,Cơm tấm,Phường Phú Nhuận
L03504,R145,2026-06-08,Cơm tấm bì,42000,49,21000,2,1,1,pickup,19:30,21000,21000,0.5,Trung tâm,Cơm tấm,Phường Phú Nhuận
L03505,R146,2026-06-08,Bún bò thập cẩm,49000,48,25000,2,1,1,delivery,16:30,25000,24000,0.5,Công nhân,Bún bò,Phường Tân Đông Hiệp
L03506,R146,2026-06-08,Bún bò gân,46000,49,23000,2,1,1,pickup,16:30,23000,23000,0.5,Công nhân,Bún bò,Phường Tân Đông Hiệp
L03507,R146,2026-06-08,Bún bò viên,47000,53,22000,2,1,1,delivery,16:15,22000,25000,0.5,Công nhân,Bún bò,Phường Tân Đông Hiệp
L03508,R147,2026-06-08,Phở bò tái nạm,56000,30,39000,3,1,2,delivery,14:00,39000,17000,0.333,Công nhân,Phở,Phường Dĩ An
L03509,R147,2026-06-08,Phở bò tái,50000,35,32000,4,2,2,delivery,14:15,64000,36000,0.5,Công nhân,Phở,Phường Dĩ An
L03510,R148,2026-06-08,Bún bò viên,50000,34,33000,4,2,2,pickup,17:45,66000,34000,0.5,Trung tâm,Bún bò,Phường Cầu Kiệu
L03511,R148,2026-06-08,Bún bò thập cẩm,42000,32,29000,3,0,3,pickup,17:30,0,0,0.0,Trung tâm,Bún bò,Phường Cầu Kiệu
L03512,R149,2026-06-08,Bún bò giò heo,43000,34,28000,16,10,6,delivery,13:15,280000,150000,0.625,Sinh viên,Bún bò,Phường An Khánh
L03513,R000,2026-06-09,Bún bò viên,45000,37,28000,8,2,6,pickup,18:45,56000,34000,0.25,Công nhân,Bún bò,Phường Đông Hòa
L03514,R000,2026-06-09,Bún bò thập cẩm,40000,30,28000,10,4,6,delivery,18:45,112000,48000,0.4,Công nhân,Bún bò,Phường Đông Hòa
L03515,R000,2026-06-09,Bún bò giò heo,53000,34,35000,8,3,5,delivery,18:00,105000,54000,0.375,Công nhân,Bún bò,Phường Đông Hòa
L03516,R001,2026-06-09,Cơm tấm sườn nướng,36000,45,20000,2,1,1,pickup,19:15,20000,16000,0.5,Ngoại ô,Cơm tấm,Xã Bình Chánh
L03517,R001,2026-06-09,Cơm tấm sườn trứng,41000,40,25000,2,1,1,pickup,19:15,25000,16000,0.5,Ngoại ô,Cơm tấm,Xã Bình Chánh
L03518,R001,2026-06-09,Cơm tấm đặc biệt,51000,39,31000,2,0,2,pickup,19:45,0,0,0.0,Ngoại ô,Cơm tấm,Xã Bình Chánh
L03519,R002,2026-06-09,Hủ tiếu bò kho,57000,34,38000,2,0,2,delivery,20:00,0,0,0.0,Dân cư đông,Hủ tiếu,Phường An Nhơn
L03520,R002,2026-06-09,Hủ tiếu Nam Vang,52000,42,30000,3,1,2,delivery,20:30,30000,22000,0.333,Dân cư đông,Hủ tiếu,Phường An Nhơn
L03521,R002,2026-06-09,Hủ tiếu sa tế,53000,41,31000,3,1,2,delivery,20:30,31000,22000,0.333,Dân cư đông,Hủ tiếu,Phường An Nhơn
L03522,R002,2026-06-09,Hủ tiếu thập cẩm,42000,40,25000,2,1,1,pickup,20:45,25000,17000,0.5,Dân cư đông,Hủ tiếu,Phường An Nhơn
L03523,R002,2026-06-09,Hủ tiếu mì,41000,42,24000,3,2,1,delivery,20:00,48000,34000,0.667,Dân cư đông,Hủ tiếu,Phường An Nhơn
L03524,R003,2026-06-09,Phở bò tái nạm,41000,60,16000,7,5,2,pickup,18:30,80000,125000,0.714,Công nhân,Phở,Phường Bình Hòa
L03525,R003,2026-06-09,Phở bò chín,55000,55,25000,6,4,2,delivery,18:45,100000,120000,0.667,Công nhân,Phở,Phường Bình Hòa
L03526,R003,2026-06-09,Phở gà,46000,51,23000,5,4,1,pickup,18:30,92000,92000,0.8,Công nhân,Phở,Phường Bình Hòa
L03527,R003,2026-06-09,Phở bò tái,52000,58,22000,7,6,1,delivery,18:15,132000,180000,0.857,Công nhân,Phở,Phường Bình Hòa
L03528,R004,2026-06-09,Hủ tiếu thập cẩm,56000,57,24000,1,0,1,delivery,16:00,0,0,0.0,Sinh viên,Hủ tiếu,Phường Cát Lái
L03529,R004,2026-06-09,Hủ tiếu sa tế,42000,54,19000,1,0,1,pickup,16:45,0,0,0.0,Sinh viên,Hủ tiếu,Phường Cát Lái
L03530,R004,2026-06-09,Hủ tiếu mì,48000,57,21000,1,0,1,delivery,16:30,0,0,0.0,Sinh viên,Hủ tiếu,Phường Cát Lái
L03531,R004,2026-06-09,Hủ tiếu bò kho,46000,49,23000,1,0,1,delivery,16:45,0,0,0.0,Sinh viên,Hủ tiếu,Phường Cát Lái
L03532,R005,2026-06-09,Hủ tiếu bò kho,40000,47,21000,3,1,2,pickup,10:45,21000,19000,0.333,Sinh viên,Hủ tiếu,Phường Long Bình
L03533,R005,2026-06-09,Hủ tiếu sa tế,56000,50,28000,3,2,1,pickup,10:45,56000,56000,0.667,Sinh viên,Hủ tiếu,Phường Long Bình
L03534,R005,2026-06-09,Hủ tiếu thập cẩm,49000,53,23000,3,2,1,pickup,10:00,46000,52000,0.667,Sinh viên,Hủ tiếu,Phường Long Bình
L03535,R005,2026-06-09,Hủ tiếu Nam Vang,60000,55,27000,4,3,1,pickup,10:00,81000,99000,0.75,Sinh viên,Hủ tiếu,Phường Long Bình
L03536,R006,2026-06-09,Bún bò giò heo,41000,46,22000,2,1,1,delivery,17:30,22000,19000,0.5,Trung tâm,Bún bò,Phường Nhiêu Lộc
L03537,R006,2026-06-09,Bún bò viên,51000,41,30000,2,1,1,delivery,17:15,30000,21000,0.5,Trung tâm,Bún bò,Phường Nhiêu Lộc
L03538,R006,2026-06-09,Bún bò Huế đặc biệt,63000,38,39000,1,0,1,delivery,17:30,0,0,0.0,Trung tâm,Bún bò,Phường Nhiêu Lộc
L03539,R006,2026-06-09,Bún bò gân,46000,39,28000,1,0,1,delivery,17:00,0,0,0.0,Trung tâm,Bún bò,Phường Nhiêu Lộc
L03540,R007,2026-06-09,Phở bò viên,41000,40,25000,21,11,10,pickup,09:00,275000,176000,0.524,Dân cư đông,Phở,Phường An Hội Đông
L03541,R008,2026-06-09,Hủ tiếu mì,62000,44,35000,5,2,3,pickup,16:15,70000,54000,0.4,Công nhân,Hủ tiếu,Phường Thuận An
L03542,R008,2026-06-09,Hủ tiếu bò kho,61000,41,36000,4,2,2,delivery,16:00,72000,50000,0.5,Công nhân,Hủ tiếu,Phường Thuận An
L03543,R008,2026-06-09,Hủ tiếu thập cẩm,45000,40,27000,5,3,2,pickup,16:00,81000,54000,0.6,Công nhân,Hủ tiếu,Phường Thuận An
L03544,R009,2026-06-09,Cơm tấm sườn trứng,34000,51,17000,3,2,1,pickup,20:15,34000,34000,0.667,Dân cư đông,Cơm tấm,Phường Tân Bình
L03545,R009,2026-06-09,Cơm tấm sườn nướng,43000,51,21000,4,3,1,pickup,20:00,63000,66000,0.75,Dân cư đông,Cơm tấm,Phường Tân Bình
L03546,R009,2026-06-09,Cơm tấm đặc biệt,36000,58,15000,5,3,2,pickup,20:00,45000,63000,0.6,Dân cư đông,Cơm tấm,Phường Tân Bình
L03547,R010,2026-06-09,Cơm tấm sườn nướng,30000,47,16000,1,0,1,delivery,19:00,0,0,0.0,Trung tâm,Cơm tấm,Phường Đức Nhuận
L03548,R010,2026-06-09,Cơm tấm bì,35000,46,19000,1,0,1,pickup,19:00,0,0,0.0,Trung tâm,Cơm tấm,Phường Đức Nhuận
L03549,R010,2026-06-09,Cơm tấm sườn bì chả,41000,46,22000,1,0,1,pickup,19:15,0,0,0.0,Trung tâm,Cơm tấm,Phường Đức Nhuận
L03550,R011,2026-06-09,Bánh mì trứng,17000,30,12000,5,2,3,delivery,20:00,24000,10000,0.4,Ngoại ô,Bánh mì,Xã Hiệp Phước
L03551,R012,2026-06-09,Phở bò tái,59000,59,24000,2,1,1,delivery,20:00,24000,35000,0.5,Dân cư đông,Phở,Phường Khánh Hội
L03552,R012,2026-06-09,Phở bò tái nạm,48000,58,20000,2,1,1,delivery,20:45,20000,28000,0.5,Dân cư đông,Phở,Phường Khánh Hội
L03553,R013,2026-06-09,Phở bò viên,48000,51,24000,4,3,1,delivery,12:30,72000,72000,0.75,Sinh viên,Phở,Phường Long Bình
L03554,R013,2026-06-09,Phở bò tái nạm,52000,48,27000,4,2,2,delivery,12:45,54000,50000,0.5,Sinh viên,Phở,Phường Long Bình
L03555,R013,2026-06-09,Phở gà,53000,47,28000,3,1,2,delivery,12:30,28000,25000,0.333,Sinh viên,Phở,Phường Long Bình
L03556,R013,2026-06-09,Phở bò tái,45000,52,22000,4,3,1,delivery,12:30,66000,69000,0.75,Sinh viên,Phở,Phường Long Bình
L03557,R013,2026-06-09,Phở bò chín,53000,55,24000,3,2,1,pickup,12:30,48000,58000,0.667,Sinh viên,Phở,Phường Long Bình
L03558,R014,2026-06-09,Bánh mì gà,30000,56,13000,1,0,1,pickup,12:45,0,0,0.0,Sinh viên,Bánh mì,Phường An Khánh
L03559,R014,2026-06-09,Bánh mì thịt nguội,27000,50,14000,1,0,1,delivery,12:45,0,0,0.0,Sinh viên,Bánh mì,Phường An Khánh
L03560,R015,2026-06-09,Hủ tiếu bò kho,42000,42,24000,5,3,2,pickup,13:45,72000,54000,0.6,Sinh viên,Hủ tiếu,Phường Hiệp Bình
L03561,R015,2026-06-09,Hủ tiếu mì,43000,40,26000,4,2,2,delivery,13:15,52000,34000,0.5,Sinh viên,Hủ tiếu,Phường Hiệp Bình
L03562,R015,2026-06-09,Hủ tiếu sa tế,60000,43,34000,6,4,2,delivery,13:45,136000,104000,0.667,Sinh viên,Hủ tiếu,Phường Hiệp Bình
L03563,R016,2026-06-09,Phở gà,46000,48,24000,3,2,1,pickup,16:45,48000,44000,0.667,Sinh viên,Phở,Phường Tăng Nhơn Phú
L03564,R016,2026-06-09,Phở bò tái nạm,50000,48,26000,3,2,1,delivery,16:30,52000,48000,0.667,Sinh viên,Phở,Phường Tăng Nhơn Phú
L03565,R016,2026-06-09,Phở bò tái,43000,43,25000,5,3,2,pickup,16:45,75000,54000,0.6,Sinh viên,Phở,Phường Tăng Nhơn Phú
L03566,R017,2026-06-09,Cơm tấm sườn trứng,47000,30,33000,14,7,7,delivery,13:30,231000,98000,0.5,Công nhân,Cơm tấm,Phường Dĩ An
L03567,R018,2026-06-09,Cơm tấm sườn trứng,39000,43,22000,3,1,2,delivery,16:45,22000,17000,0.333,Công nhân,Cơm tấm,Phường Lái Thiêu
L03568,R019,2026-06-09,Bún bò viên,41000,41,24000,8,5,3,delivery,18:00,120000,85000,0.625,Sinh viên,Bún bò,Phường Long Bình
L03569,R019,2026-06-09,Bún bò thập cẩm,50000,44,28000,7,4,3,delivery,18:30,112000,88000,0.571,Sinh viên,Bún bò,Phường Long Bình
L03570,R020,2026-06-09,Phở gà,57000,39,35000,1,0,1,delivery,09:00,0,0,0.0,Công nhân,Phở,Phường Đông Hòa
L03571,R020,2026-06-09,Phở bò tái nạm,49000,38,30000,2,1,1,delivery,09:00,30000,19000,0.5,Công nhân,Phở,Phường Đông Hòa
L03572,R020,2026-06-09,Phở bò viên,51000,36,33000,2,1,1,delivery,09:45,33000,18000,0.5,Công nhân,Phở,Phường Đông Hòa
L03573,R020,2026-06-09,Phở bò chín,43000,43,25000,2,1,1,delivery,09:15,25000,18000,0.5,Công nhân,Phở,Phường Đông Hòa
L03574,R021,2026-06-09,Hủ tiếu bò kho,56000,46,30000,3,2,1,pickup,20:15,60000,52000,0.667,Sinh viên,Hủ tiếu,Phường Bình Trưng
L03575,R021,2026-06-09,Hủ tiếu sa tế,44000,45,24000,3,2,1,pickup,20:15,48000,40000,0.667,Sinh viên,Hủ tiếu,Phường Bình Trưng
L03576,R022,2026-06-09,Bánh mì trứng,21000,55,9000,2,1,1,delivery,18:00,9000,12000,0.5,Sinh viên,Bánh mì,Phường Long Bình
L03577,R022,2026-06-09,Bánh mì gà,33000,54,15000,2,1,1,delivery,18:30,15000,18000,0.5,Sinh viên,Bánh mì,Phường Long Bình
L03578,R022,2026-06-09,Bánh mì chả lụa,29000,59,12000,2,1,1,pickup,18:45,12000,17000,0.5,Sinh viên,Bánh mì,Phường Long Bình
L03579,R022,2026-06-09,Bánh mì thịt nguội,26000,60,10000,2,1,1,delivery,18:45,10000,16000,0.5,Sinh viên,Bánh mì,Phường Long Bình
L03580,R022,2026-06-09,Bánh mì xíu mại,20000,60,8000,2,1,1,pickup,18:00,8000,12000,0.5,Sinh viên,Bánh mì,Phường Long Bình
L03581,R023,2026-06-09,Bánh mì chả lụa,23000,30,16000,2,0,2,delivery,17:00,0,0,0.0,Công nhân,Bánh mì,Phường Tân Đông Hiệp
L03582,R023,2026-06-09,Bánh mì trứng,30000,30,21000,3,1,2,delivery,17:30,21000,9000,0.333,Công nhân,Bánh mì,Phường Tân Đông Hiệp
L03583,R024,2026-06-09,Hủ tiếu bò kho,49000,53,23000,16,13,3,delivery,14:15,299000,338000,0.812,Công nhân,Hủ tiếu,Phường An Phú
L03584,R025,2026-06-09,Cơm gà xối mỡ,34000,30,24000,2,0,2,pickup,11:30,0,0,0.0,Dân cư đông,Cơm văn phòng,Phường An Hội Đông
L03585,R025,2026-06-09,Cơm thịt kho trứng,26000,30,18000,1,0,1,pickup,11:45,0,0,0.0,Dân cư đông,Cơm văn phòng,Phường An Hội Đông
L03586,R025,2026-06-09,Cơm sườn đậu hũ,41000,30,29000,1,0,1,delivery,11:45,0,0,0.0,Dân cư đông,Cơm văn phòng,Phường An Hội Đông
L03587,R025,2026-06-09,Cơm gà luộc,33000,30,23000,1,0,1,pickup,11:30,0,0,0.0,Dân cư đông,Cơm văn phòng,Phường An Hội Đông
L03588,R025,2026-06-09,Cơm canh chua,43000,30,30000,1,0,1,pickup,11:30,0,0,0.0,Dân cư đông,Cơm văn phòng,Phường An Hội Đông
L03589,R026,2026-06-09,Bún riêu thập cẩm,50000,41,30000,4,2,2,delivery,16:30,60000,40000,0.5,Sinh viên,Bún riêu,Phường Tam Bình
L03590,R027,2026-06-09,Bún bò Huế đặc biệt,58000,31,40000,2,1,1,pickup,17:45,40000,18000,0.5,Công nhân,Bún bò,Phường Hòa Lợi
L03591,R028,2026-06-09,Bánh mì trứng,31000,58,13000,6,4,2,pickup,14:15,52000,72000,0.667,Công nhân,Bánh mì,Phường Tân Đông Hiệp
L03592,R029,2026-06-09,Phở bò tái nạm,39000,52,19000,1,0,1,delivery,19:30,0,0,0.0,Trung tâm,Phở,Phường Bến Thành
L03593,R029,2026-06-09,Phở gà,45000,54,21000,1,0,1,pickup,19:00,0,0,0.0,Trung tâm,Phở,Phường Bến Thành
L03594,R029,2026-06-09,Phở bò tái,54000,55,24000,1,0,1,pickup,19:30,0,0,0.0,Trung tâm,Phở,Phường Bến Thành
L03595,R029,2026-06-09,Phở bò viên,43000,55,19000,1,0,1,pickup,19:00,0,0,0.0,Trung tâm,Phở,Phường Bến Thành
L03596,R030,2026-06-09,Bún bò giò heo,46000,51,23000,11,9,2,pickup,15:30,207000,207000,0.818,Công nhân,Bún bò,Phường An Phú
L03597,R030,2026-06-09,Bún bò Huế đặc biệt,58000,53,27000,13,11,2,pickup,15:30,297000,341000,0.846,Công nhân,Bún bò,Phường An Phú
L03598,R031,2026-06-09,Phở bò viên,44000,45,24000,6,4,2,pickup,09:30,96000,80000,0.667,Sinh viên,Phở,Phường Phước Long
L03599,R031,2026-06-09,Phở bò tái,46000,46,25000,5,3,2,pickup,09:45,75000,63000,0.6,Sinh viên,Phở,Phường Phước Long
L03600,R032,2026-06-09,Cơm thịt kho trứng,49000,39,30000,4,1,3,delivery,13:15,30000,19000,0.25,Trung tâm,Cơm văn phòng,Phường Cầu Ông Lãnh
L03601,R033,2026-06-09,Cơm tấm sườn nướng,40000,50,20000,1,0,1,pickup,13:15,0,0,0.0,Dân cư đông,Cơm tấm,Phường Tân Hòa
L03602,R033,2026-06-09,Cơm tấm đặc biệt,37000,52,18000,1,0,1,pickup,13:00,0,0,0.0,Dân cư đông,Cơm tấm,Phường Tân Hòa
L03603,R033,2026-06-09,Cơm tấm sườn trứng,35000,52,17000,1,0,1,pickup,13:30,0,0,0.0,Dân cư đông,Cơm tấm,Phường Tân Hòa
L03604,R033,2026-06-09,Cơm tấm bì,37000,43,21000,1,0,1,pickup,13:00,0,0,0.0,Dân cư đông,Cơm tấm,Phường Tân Hòa
L03605,R033,2026-06-09,Cơm tấm sườn bì chả,36000,42,21000,2,1,1,pickup,13:15,21000,15000,0.5,Dân cư đông,Cơm tấm,Phường Tân Hòa
L03606,R034,2026-06-09,Bún bò gân,56000,33,38000,4,2,2,delivery,18:15,76000,36000,0.5,Ngoại ô,Bún bò,Xã Bình Chánh
L03607,R034,2026-06-09,Bún bò Huế đặc biệt,48000,36,31000,7,4,3,delivery,18:00,124000,68000,0.571,Ngoại ô,Bún bò,Xã Bình Chánh
L03608,R035,2026-06-09,Bánh mì thịt nguội,19000,54,9000,1,0,1,delivery,12:00,0,0,0.0,Dân cư đông,Bánh mì,Phường Tân Sơn Nhất
L03609,R035,2026-06-09,Bánh mì xíu mại,23000,55,10000,1,0,1,delivery,12:30,0,0,0.0,Dân cư đông,Bánh mì,Phường Tân Sơn Nhất
L03610,R035,2026-06-09,Bánh mì trứng,29000,60,12000,1,0,1,delivery,12:15,0,0,0.0,Dân cư đông,Bánh mì,Phường Tân Sơn Nhất
L03611,R035,2026-06-09,Bánh mì gà,19000,57,8000,1,0,1,delivery,12:00,0,0,0.0,Dân cư đông,Bánh mì,Phường Tân Sơn Nhất
L03612,R035,2026-06-09,Bánh mì chả lụa,16000,60,6000,1,0,1,delivery,12:45,0,0,0.0,Dân cư đông,Bánh mì,Phường Tân Sơn Nhất
L03613,R036,2026-06-09,Bún bò viên,44000,41,26000,4,2,2,delivery,14:00,52000,36000,0.5,Sinh viên,Bún bò,Phường Phước Long
L03614,R036,2026-06-09,Bún bò Huế đặc biệt,42000,37,26000,4,2,2,pickup,14:00,52000,32000,0.5,Sinh viên,Bún bò,Phường Phước Long
L03615,R036,2026-06-09,Bún bò giò heo,52000,34,34000,4,1,3,pickup,14:15,34000,18000,0.25,Sinh viên,Bún bò,Phường Phước Long
L03616,R037,2026-06-09,Bún bò Huế đặc biệt,53000,42,31000,7,4,3,delivery,15:00,124000,88000,0.571,Trung tâm,Bún bò,Phường Tân Định
L03617,R038,2026-06-09,Bún bò gân,52000,46,28000,2,1,1,pickup,17:00,28000,24000,0.5,Công nhân,Bún bò,Phường Thuận Giao
L03618,R038,2026-06-09,Bún bò thập cẩm,50000,47,26000,2,1,1,pickup,17:30,26000,24000,0.5,Công nhân,Bún bò,Phường Thuận Giao
L03619,R039,2026-06-09,Bún riêu cua,49000,57,21000,25,19,6,delivery,09:15,399000,532000,0.76,Công nhân,Bún riêu,Phường Đông Hòa
L03620,R040,2026-06-09,Bún bò Huế đặc biệt,48000,56,21000,2,1,1,pickup,14:15,21000,27000,0.5,Sinh viên,Bún bò,Phường Bình Trưng
L03621,R041,2026-06-09,Phở bò chín,47000,46,25000,3,1,2,delivery,15:45,25000,22000,0.333,Công nhân,Phở,Phường Tân Khánh
L03622,R041,2026-06-09,Phở bò viên,55000,42,32000,3,2,1,delivery,15:30,64000,46000,0.667,Công nhân,Phở,Phường Tân Khánh
L03623,R042,2026-06-09,Cơm tấm sườn bì chả,34000,56,15000,2,1,1,pickup,11:45,15000,19000,0.5,Trung tâm,Cơm tấm,Phường Tân Định
L03624,R042,2026-06-09,Cơm tấm sườn trứng,28000,54,13000,3,2,1,pickup,11:15,26000,30000,0.667,Trung tâm,Cơm tấm,Phường Tân Định
L03625,R042,2026-06-09,Cơm tấm đặc biệt,37000,57,16000,3,2,1,delivery,11:00,32000,42000,0.667,Trung tâm,Cơm tấm,Phường Tân Định
L03626,R043,2026-06-09,Cơm thịt kho trứng,52000,60,21000,2,1,1,pickup,16:00,21000,31000,0.5,Dân cư đông,Cơm văn phòng,Phường Bảy Hiền
L03627,R043,2026-06-09,Cơm canh chua,37000,54,17000,3,1,2,pickup,16:15,17000,20000,0.333,Dân cư đông,Cơm văn phòng,Phường Bảy Hiền
L03628,R043,2026-06-09,Cơm gà xối mỡ,33000,57,14000,2,1,1,pickup,16:15,14000,19000,0.5,Dân cư đông,Cơm văn phòng,Phường Bảy Hiền
L03629,R043,2026-06-09,Cơm gà luộc,45000,60,18000,3,2,1,pickup,16:15,36000,54000,0.667,Dân cư đông,Cơm văn phòng,Phường Bảy Hiền
L03630,R043,2026-06-09,Cơm sườn đậu hũ,44000,57,19000,2,1,1,pickup,16:45,19000,25000,0.5,Dân cư đông,Cơm văn phòng,Phường Bảy Hiền
L03631,R044,2026-06-09,Hủ tiếu Nam Vang,58000,50,29000,3,2,1,delivery,13:00,58000,58000,0.667,Sinh viên,Hủ tiếu,Phường Tam Bình
L03632,R044,2026-06-09,Hủ tiếu mì,54000,51,26000,3,2,1,delivery,13:00,52000,56000,0.667,Sinh viên,Hủ tiếu,Phường Tam Bình
L03633,R044,2026-06-09,Hủ tiếu bò kho,51000,53,24000,3,2,1,delivery,13:30,48000,54000,0.667,Sinh viên,Hủ tiếu,Phường Tam Bình
L03634,R045,2026-06-09,Bún bò thập cẩm,57000,44,32000,4,2,2,delivery,17:00,64000,50000,0.5,Công nhân,Bún bò,Phường Thuận An
L03635,R045,2026-06-09,Bún bò gân,51000,44,29000,5,2,3,pickup,17:00,58000,44000,0.4,Công nhân,Bún bò,Phường Thuận An
L03636,R045,2026-06-09,Bún bò giò heo,50000,46,27000,5,3,2,delivery,17:30,81000,69000,0.6,Công nhân,Bún bò,Phường Thuận An
L03637,R046,2026-06-09,Bánh mì trứng,21000,59,9000,3,2,1,pickup,13:15,18000,24000,0.667,Sinh viên,Bánh mì,Phường Cát Lái
L03638,R046,2026-06-09,Bánh mì thịt nguội,20000,53,9000,3,2,1,pickup,13:00,18000,22000,0.667,Sinh viên,Bánh mì,Phường Cát Lái
L03639,R046,2026-06-09,Bánh mì gà,25000,53,12000,3,2,1,pickup,13:00,24000,26000,0.667,Sinh viên,Bánh mì,Phường Cát Lái
L03640,R046,2026-06-09,Bánh mì chả lụa,22000,56,10000,3,2,1,pickup,13:15,20000,24000,0.667,Sinh viên,Bánh mì,Phường Cát Lái
L03641,R046,2026-06-09,Bánh mì xíu mại,17000,56,7000,3,2,1,pickup,13:45,14000,20000,0.667,Sinh viên,Bánh mì,Phường Cát Lái
L03642,R047,2026-06-09,Bún bò thập cẩm,44000,44,25000,30,21,9,delivery,17:30,525000,399000,0.7,Công nhân,Bún bò,Phường Tân Khánh
L03643,R048,2026-06-09,Bánh mì xíu mại,26000,57,11000,4,2,2,delivery,18:30,22000,30000,0.5,Công nhân,Bánh mì,Phường An Phú
L03644,R048,2026-06-09,Bánh mì trứng,24000,58,10000,4,2,2,delivery,18:45,20000,28000,0.5,Công nhân,Bánh mì,Phường An Phú
L03645,R049,2026-06-09,Phở gà,37000,42,21000,1,0,1,delivery,12:15,0,0,0.0,Sinh viên,Phở,Phường Thủ Đức
L03646,R049,2026-06-09,Phở bò chín,48000,39,29000,1,0,1,delivery,12:30,0,0,0.0,Sinh viên,Phở,Phường Thủ Đức
L03647,R049,2026-06-09,Phở bò tái,43000,46,23000,1,0,1,delivery,12:00,0,0,0.0,Sinh viên,Phở,Phường Thủ Đức
L03648,R049,2026-06-09,Phở bò viên,47000,44,26000,1,0,1,pickup,12:45,0,0,0.0,Sinh viên,Phở,Phường Thủ Đức
L03649,R050,2026-06-09,Bánh mì gà,26000,47,14000,1,0,1,pickup,17:45,0,0,0.0,Ngoại ô,Bánh mì,Xã Hưng Long
L03650,R051,2026-06-09,Hủ tiếu mì,51000,51,25000,7,4,3,delivery,13:15,100000,104000,0.571,Dân cư đông,Hủ tiếu,Phường Hạnh Thông
L03651,R052,2026-06-09,Cơm tấm sườn trứng,45000,34,30000,5,2,3,delivery,18:00,60000,30000,0.4,Dân cư đông,Cơm tấm,Phường Xóm Chiếu
L03652,R052,2026-06-09,Cơm tấm bì,51000,40,31000,3,2,1,delivery,18:45,62000,40000,0.667,Dân cư đông,Cơm tấm,Phường Xóm Chiếu
L03653,R052,2026-06-09,Cơm tấm sườn nướng,40000,37,25000,4,2,2,delivery,18:00,50000,30000,0.5,Dân cư đông,Cơm tấm,Phường Xóm Chiếu
L03654,R053,2026-06-09,Bánh mì trứng,31000,58,13000,4,3,1,pickup,17:30,39000,54000,0.75,Dân cư đông,Bánh mì,Phường Gia Định
L03655,R053,2026-06-09,Bánh mì gà,21000,60,8000,4,3,1,pickup,17:45,24000,39000,0.75,Dân cư đông,Bánh mì,Phường Gia Định
L03656,R053,2026-06-09,Bánh mì xíu mại,18000,59,7000,4,2,2,delivery,17:15,14000,22000,0.5,Dân cư đông,Bánh mì,Phường Gia Định
L03657,R053,2026-06-09,Bánh mì thịt nguội,17000,59,7000,3,2,1,delivery,17:45,14000,20000,0.667,Dân cư đông,Bánh mì,Phường Gia Định
L03658,R053,2026-06-09,Bánh mì chả lụa,22000,57,9000,4,3,1,delivery,17:00,27000,39000,0.75,Dân cư đông,Bánh mì,Phường Gia Định
L03659,R054,2026-06-09,Bánh mì gà,32000,57,14000,4,3,1,delivery,11:45,42000,54000,0.75,Công nhân,Bánh mì,Phường Bình Hòa
L03660,R054,2026-06-09,Bánh mì thịt nguội,24000,55,11000,3,2,1,delivery,11:45,22000,26000,0.667,Công nhân,Bánh mì,Phường Bình Hòa
L03661,R054,2026-06-09,Bánh mì trứng,18000,59,7000,4,3,1,delivery,11:30,21000,33000,0.75,Công nhân,Bánh mì,Phường Bình Hòa
L03662,R054,2026-06-09,Bánh mì xíu mại,20000,58,8000,4,2,2,delivery,11:00,16000,24000,0.5,Công nhân,Bánh mì,Phường Bình Hòa
L03663,R055,2026-06-09,Cơm tấm bì,38000,60,15000,1,0,1,delivery,12:45,0,0,0.0,Dân cư đông,Cơm tấm,Phường Thông Tây Hội
L03664,R055,2026-06-09,Cơm tấm đặc biệt,45000,58,19000,1,0,1,pickup,12:45,0,0,0.0,Dân cư đông,Cơm tấm,Phường Thông Tây Hội
L03665,R055,2026-06-09,Cơm tấm sườn nướng,52000,60,21000,2,1,1,delivery,12:00,21000,31000,0.5,Dân cư đông,Cơm tấm,Phường Thông Tây Hội
L03666,R055,2026-06-09,Cơm tấm sườn trứng,52000,57,22000,2,1,1,delivery,12:30,22000,30000,0.5,Dân cư đông,Cơm tấm,Phường Thông Tây Hội
L03667,R055,2026-06-09,Cơm tấm sườn bì chả,48000,60,19000,1,0,1,delivery,12:00,0,0,0.0,Dân cư đông,Cơm tấm,Phường Thông Tây Hội
L03668,R056,2026-06-09,Hủ tiếu sa tế,48000,40,29000,4,2,2,pickup,17:30,58000,38000,0.5,Trung tâm,Hủ tiếu,Phường Nhiêu Lộc
L03669,R056,2026-06-09,Hủ tiếu thập cẩm,48000,34,32000,4,1,3,pickup,17:45,32000,16000,0.25,Trung tâm,Hủ tiếu,Phường Nhiêu Lộc
L03670,R057,2026-06-09,Bún bò viên,56000,49,29000,1,0,1,pickup,18:30,0,0,0.0,Sinh viên,Bún bò,Phường Bình Trưng
L03671,R057,2026-06-09,Bún bò Huế đặc biệt,53000,50,26000,1,0,1,pickup,18:45,0,0,0.0,Sinh viên,Bún bò,Phường Bình Trưng
L03672,R058,2026-06-09,Bánh mì thịt nguội,22000,35,14000,1,0,1,pickup,19:15,0,0,0.0,Trung tâm,Bánh mì,Phường Cầu Kiệu
L03673,R058,2026-06-09,Bánh mì chả lụa,25000,36,16000,1,0,1,pickup,19:30,0,0,0.0,Trung tâm,Bánh mì,Phường Cầu Kiệu
L03674,R058,2026-06-09,Bánh mì trứng,33000,35,21000,1,0,1,pickup,19:00,0,0,0.0,Trung tâm,Bánh mì,Phường Cầu Kiệu
L03675,R058,2026-06-09,Bánh mì gà,17000,37,11000,1,0,1,pickup,19:00,0,0,0.0,Trung tâm,Bánh mì,Phường Cầu Kiệu
L03676,R059,2026-06-09,Cơm tấm sườn bì chả,29000,30,20000,1,0,1,delivery,14:45,0,0,0.0,Sinh viên,Cơm tấm,Phường Tam Bình
L03677,R059,2026-06-09,Cơm tấm đặc biệt,37000,30,26000,1,0,1,pickup,14:30,0,0,0.0,Sinh viên,Cơm tấm,Phường Tam Bình
L03678,R060,2026-06-09,Phở bò viên,42000,60,17000,2,1,1,delivery,10:45,17000,25000,0.5,Công nhân,Phở,Phường Tân Đông Hiệp
L03679,R061,2026-06-09,Cơm tấm sườn nướng,31000,49,16000,3,1,2,pickup,15:30,16000,15000,0.333,Sinh viên,Cơm tấm,Phường Tam Bình
L03680,R061,2026-06-09,Cơm tấm bì,43000,49,22000,3,2,1,delivery,15:30,44000,42000,0.667,Sinh viên,Cơm tấm,Phường Tam Bình
L03681,R062,2026-06-09,Phở bò viên,39000,30,27000,1,0,1,delivery,10:45,0,0,0.0,Dân cư đông,Phở,Phường Hạnh Thông
L03682,R062,2026-06-09,Phở bò tái,52000,30,36000,1,0,1,delivery,10:30,0,0,0.0,Dân cư đông,Phở,Phường Hạnh Thông
L03683,R062,2026-06-09,Phở bò chín,51000,37,32000,1,0,1,delivery,10:30,0,0,0.0,Dân cư đông,Phở,Phường Hạnh Thông
L03684,R062,2026-06-09,Phở gà,36000,30,25000,1,0,1,delivery,10:45,0,0,0.0,Dân cư đông,Phở,Phường Hạnh Thông
L03685,R062,2026-06-09,Phở bò tái nạm,58000,30,41000,1,0,1,delivery,10:00,0,0,0.0,Dân cư đông,Phở,Phường Hạnh Thông
L03686,R063,2026-06-09,Hủ tiếu thập cẩm,46000,44,26000,3,1,2,delivery,19:00,26000,20000,0.333,Công nhân,Hủ tiếu,Phường Thuận Giao
L03687,R063,2026-06-09,Hủ tiếu sa tế,40000,44,22000,4,2,2,delivery,19:45,44000,36000,0.5,Công nhân,Hủ tiếu,Phường Thuận Giao
L03688,R063,2026-06-09,Hủ tiếu Nam Vang,37000,40,22000,3,2,1,delivery,19:30,44000,30000,0.667,Công nhân,Hủ tiếu,Phường Thuận Giao
L03689,R064,2026-06-09,Bún bò Huế đặc biệt,54000,48,28000,3,2,1,pickup,10:00,56000,52000,0.667,Sinh viên,Bún bò,Phường Tăng Nhơn Phú
L03690,R064,2026-06-09,Bún bò viên,50000,40,30000,2,1,1,delivery,10:30,30000,20000,0.5,Sinh viên,Bún bò,Phường Tăng Nhơn Phú
L03691,R064,2026-06-09,Bún bò giò heo,45000,42,26000,3,2,1,delivery,10:15,52000,38000,0.667,Sinh viên,Bún bò,Phường Tăng Nhơn Phú
L03692,R065,2026-06-09,Cơm tấm sườn nướng,40000,51,20000,2,1,1,pickup,19:00,20000,20000,0.5,Công nhân,Cơm tấm,Phường Đông Hòa
L03693,R065,2026-06-09,Cơm tấm đặc biệt,38000,48,20000,2,1,1,pickup,19:45,20000,18000,0.5,Công nhân,Cơm tấm,Phường Đông Hòa
L03694,R065,2026-06-09,Cơm tấm sườn bì chả,28000,49,14000,2,1,1,pickup,19:30,14000,14000,0.5,Công nhân,Cơm tấm,Phường Đông Hòa
L03695,R066,2026-06-09,Cơm sườn đậu hũ,48000,55,22000,4,3,1,pickup,09:45,66000,78000,0.75,Sinh viên,Cơm văn phòng,Phường An Khánh
L03696,R066,2026-06-09,Cơm gà xối mỡ,50000,57,22000,4,2,2,pickup,09:30,44000,56000,0.5,Sinh viên,Cơm văn phòng,Phường An Khánh
L03697,R066,2026-06-09,Cơm canh chua,34000,60,14000,5,4,1,pickup,09:30,56000,80000,0.8,Sinh viên,Cơm văn phòng,Phường An Khánh
L03698,R067,2026-06-09,Cơm canh chua,31000,44,17000,1,0,1,pickup,19:00,0,0,0.0,Dân cư đông,Cơm văn phòng,Phường An Hội Đông
L03699,R067,2026-06-09,Cơm gà xối mỡ,41000,50,20000,1,0,1,delivery,19:30,0,0,0.0,Dân cư đông,Cơm văn phòng,Phường An Hội Đông
L03700,R067,2026-06-09,Cơm sườn đậu hũ,47000,51,23000,1,0,1,delivery,19:45,0,0,0.0,Dân cư đông,Cơm văn phòng,Phường An Hội Đông
L03701,R067,2026-06-09,Cơm thịt kho trứng,36000,45,20000,1,0,1,delivery,19:30,0,0,0.0,Dân cư đông,Cơm văn phòng,Phường An Hội Đông
L03702,R067,2026-06-09,Cơm gà luộc,31000,52,15000,1,0,1,delivery,19:30,0,0,0.0,Dân cư đông,Cơm văn phòng,Phường An Hội Đông
L03703,R068,2026-06-09,Bún riêu cua mọc,39000,36,25000,1,0,1,delivery,19:00,0,0,0.0,Trung tâm,Bún riêu,Phường Xuân Hòa
L03704,R068,2026-06-09,Bún riêu thập cẩm,40000,30,28000,1,0,1,delivery,19:30,0,0,0.0,Trung tâm,Bún riêu,Phường Xuân Hòa
L03705,R068,2026-06-09,Bún riêu cua,45000,37,28000,1,0,1,delivery,19:45,0,0,0.0,Trung tâm,Bún riêu,Phường Xuân Hòa
L03706,R069,2026-06-09,Bánh mì xíu mại,22000,45,12000,1,0,1,delivery,20:45,0,0,0.0,Ngoại ô,Bánh mì,Xã Xuân Thới Sơn
L03707,R069,2026-06-09,Bánh mì gà,22000,45,12000,1,0,1,delivery,20:45,0,0,0.0,Ngoại ô,Bánh mì,Xã Xuân Thới Sơn
L03708,R069,2026-06-09,Bánh mì trứng,31000,50,16000,1,0,1,pickup,20:15,0,0,0.0,Ngoại ô,Bánh mì,Xã Xuân Thới Sơn
L03709,R070,2026-06-09,Hủ tiếu thập cẩm,42000,60,17000,1,0,1,pickup,19:00,0,0,0.0,Dân cư đông,Hủ tiếu,Phường Gò Vấp
L03710,R070,2026-06-09,Hủ tiếu mì,55000,56,24000,1,0,1,delivery,19:15,0,0,0.0,Dân cư đông,Hủ tiếu,Phường Gò Vấp
L03711,R070,2026-06-09,Hủ tiếu sa tế,42000,58,18000,1,0,1,pickup,19:15,0,0,0.0,Dân cư đông,Hủ tiếu,Phường Gò Vấp
L03712,R070,2026-06-09,Hủ tiếu bò kho,54000,54,25000,1,0,1,delivery,19:15,0,0,0.0,Dân cư đông,Hủ tiếu,Phường Gò Vấp
L03713,R071,2026-06-09,Cơm tấm sườn nướng,35000,32,24000,3,0,3,pickup,11:30,0,0,0.0,Sinh viên,Cơm tấm,Phường Bình Trưng
L03714,R071,2026-06-09,Cơm tấm bì,48000,38,30000,4,2,2,delivery,11:45,60000,36000,0.5,Sinh viên,Cơm tấm,Phường Bình Trưng
L03715,R071,2026-06-09,Cơm tấm sườn trứng,38000,36,24000,4,2,2,delivery,11:00,48000,28000,0.5,Sinh viên,Cơm tấm,Phường Bình Trưng
L03716,R071,2026-06-09,Cơm tấm đặc biệt,34000,36,22000,4,2,2,delivery,11:00,44000,24000,0.5,Sinh viên,Cơm tấm,Phường Bình Trưng
L03717,R071,2026-06-09,Cơm tấm sườn bì chả,29000,35,19000,3,1,2,pickup,11:00,19000,10000,0.333,Sinh viên,Cơm tấm,Phường Bình Trưng
L03718,R072,2026-06-09,Cơm gà xối mỡ,40000,50,20000,4,2,2,pickup,14:45,40000,40000,0.5,Trung tâm,Cơm văn phòng,Phường Bến Thành
L03719,R072,2026-06-09,Cơm canh chua,31000,58,13000,4,3,1,delivery,14:00,39000,54000,0.75,Trung tâm,Cơm văn phòng,Phường Bến Thành
L03720,R073,2026-06-09,Bánh mì thịt nguội,28000,49,14000,2,1,1,delivery,16:30,14000,14000,0.5,Dân cư đông,Bánh mì,Phường Vĩnh Hội
L03721,R073,2026-06-09,Bánh mì chả lụa,18000,47,10000,2,1,1,pickup,16:15,10000,8000,0.5,Dân cư đông,Bánh mì,Phường Vĩnh Hội
L03722,R074,2026-06-09,Cơm gà luộc,34000,30,24000,2,0,2,pickup,17:45,0,0,0.0,Dân cư đông,Cơm văn phòng,Phường Bình Lợi Trung
L03723,R074,2026-06-09,Cơm canh chua,49000,30,34000,1,0,1,pickup,17:15,0,0,0.0,Dân cư đông,Cơm văn phòng,Phường Bình Lợi Trung
L03724,R074,2026-06-09,Cơm thịt kho trứng,33000,33,22000,2,1,1,pickup,17:30,22000,11000,0.5,Dân cư đông,Cơm văn phòng,Phường Bình Lợi Trung
L03725,R074,2026-06-09,Cơm sườn đậu hũ,45000,33,30000,2,1,1,pickup,17:30,30000,15000,0.5,Dân cư đông,Cơm văn phòng,Phường Bình Lợi Trung
L03726,R074,2026-06-09,Cơm gà xối mỡ,52000,31,36000,2,0,2,pickup,17:00,0,0,0.0,Dân cư đông,Cơm văn phòng,Phường Bình Lợi Trung
L03727,R075,2026-06-09,Cơm tấm đặc biệt,37000,52,18000,4,3,1,delivery,15:30,54000,57000,0.75,Dân cư đông,Cơm tấm,Phường Vĩnh Hội
L03728,R075,2026-06-09,Cơm tấm bì,46000,54,21000,4,2,2,pickup,15:30,42000,50000,0.5,Dân cư đông,Cơm tấm,Phường Vĩnh Hội
L03729,R075,2026-06-09,Cơm tấm sườn bì chả,28000,55,13000,4,3,1,delivery,15:30,39000,45000,0.75,Dân cư đông,Cơm tấm,Phường Vĩnh Hội
L03730,R076,2026-06-09,Phở bò tái nạm,43000,45,24000,7,3,4,pickup,12:00,72000,57000,0.429,Dân cư đông,Phở,Phường An Nhơn
L03731,R076,2026-06-09,Phở bò viên,46000,46,25000,5,3,2,pickup,12:45,75000,63000,0.6,Dân cư đông,Phở,Phường An Nhơn
L03732,R076,2026-06-09,Phở gà,44000,48,23000,7,4,3,pickup,12:00,92000,84000,0.571,Dân cư đông,Phở,Phường An Nhơn
L03733,R077,2026-06-09,Cơm tấm bì,43000,43,25000,2,1,1,pickup,14:00,25000,18000,0.5,Trung tâm,Cơm tấm,Phường Xuân Hòa
L03734,R077,2026-06-09,Cơm tấm đặc biệt,40000,48,21000,2,1,1,delivery,14:00,21000,19000,0.5,Trung tâm,Cơm tấm,Phường Xuân Hòa
L03735,R077,2026-06-09,Cơm tấm sườn bì chả,45000,46,24000,2,1,1,pickup,14:30,24000,21000,0.5,Trung tâm,Cơm tấm,Phường Xuân Hòa
L03736,R078,2026-06-09,Bún riêu cua mọc,36000,43,21000,2,1,1,delivery,13:30,21000,15000,0.5,Công nhân,Bún riêu,Phường Tân Đông Hiệp
L03737,R078,2026-06-09,Bún riêu thập cẩm,37000,34,24000,2,1,1,pickup,13:30,24000,13000,0.5,Công nhân,Bún riêu,Phường Tân Đông Hiệp
L03738,R078,2026-06-09,Bún riêu cua đồng,41000,35,27000,2,0,2,delivery,13:30,0,0,0.0,Công nhân,Bún riêu,Phường Tân Đông Hiệp
L03739,R078,2026-06-09,Bún riêu cua,43000,42,25000,2,1,1,pickup,13:00,25000,18000,0.5,Công nhân,Bún riêu,Phường Tân Đông Hiệp
L03740,R079,2026-06-09,Cơm tấm đặc biệt,32000,42,19000,6,3,3,pickup,16:15,57000,39000,0.5,Sinh viên,Cơm tấm,Phường Bình Trưng
L03741,R080,2026-06-09,Cơm tấm sườn trứng,37000,51,18000,1,0,1,pickup,09:45,0,0,0.0,Dân cư đông,Cơm tấm,Phường An Hội Đông
L03742,R080,2026-06-09,Cơm tấm đặc biệt,36000,46,19000,1,0,1,delivery,09:15,0,0,0.0,Dân cư đông,Cơm tấm,Phường An Hội Đông
L03743,R080,2026-06-09,Cơm tấm sườn nướng,32000,51,16000,1,0,1,pickup,09:30,0,0,0.0,Dân cư đông,Cơm tấm,Phường An Hội Đông
L03744,R080,2026-06-09,Cơm tấm bì,44000,42,26000,1,0,1,delivery,09:15,0,0,0.0,Dân cư đông,Cơm tấm,Phường An Hội Đông
L03745,R080,2026-06-09,Cơm tấm sườn bì chả,37000,48,19000,1,0,1,pickup,09:30,0,0,0.0,Dân cư đông,Cơm tấm,Phường An Hội Đông
L03746,R081,2026-06-09,Bún riêu cua mọc,44000,53,21000,4,3,1,pickup,09:30,63000,69000,0.75,Công nhân,Bún riêu,Phường Đông Hòa
L03747,R081,2026-06-09,Bún riêu cua đồng,42000,56,18000,4,2,2,pickup,09:00,36000,48000,0.5,Công nhân,Bún riêu,Phường Đông Hòa
L03748,R081,2026-06-09,Bún riêu thập cẩm,34000,55,15000,3,2,1,pickup,09:00,30000,38000,0.667,Công nhân,Bún riêu,Phường Đông Hòa
L03749,R081,2026-06-09,Bún riêu cua,43000,50,22000,3,2,1,pickup,09:15,44000,42000,0.667,Công nhân,Bún riêu,Phường Đông Hòa
L03750,R082,2026-06-09,Hủ tiếu thập cẩm,43000,49,22000,11,5,6,delivery,19:15,110000,105000,0.455,Sinh viên,Hủ tiếu,Phường Tăng Nhơn Phú
L03751,R082,2026-06-09,Hủ tiếu mì,45000,49,23000,11,7,4,delivery,19:15,161000,154000,0.636,Sinh viên,Hủ tiếu,Phường Tăng Nhơn Phú
L03752,R083,2026-06-09,Cơm tấm đặc biệt,34000,30,24000,1,0,1,pickup,14:45,0,0,0.0,Trung tâm,Cơm tấm,Phường Sài Gòn
L03753,R083,2026-06-09,Cơm tấm sườn nướng,35000,38,22000,1,0,1,delivery,14:00,0,0,0.0,Trung tâm,Cơm tấm,Phường Sài Gòn
L03754,R083,2026-06-09,Cơm tấm bì,39000,30,27000,1,0,1,pickup,14:45,0,0,0.0,Trung tâm,Cơm tấm,Phường Sài Gòn
L03755,R084,2026-06-09,Bún riêu cua,32000,46,17000,1,0,1,delivery,18:00,0,0,0.0,Sinh viên,Bún riêu,Phường Hiệp Bình
L03756,R085,2026-06-09,Bánh mì trứng,26000,60,10000,17,11,6,pickup,20:30,110000,176000,0.647,Sinh viên,Bánh mì,Phường Tăng Nhơn Phú
L03757,R086,2026-06-09,Phở gà,45000,60,18000,1,0,1,delivery,10:30,0,0,0.0,Dân cư đông,Phở,Phường Tân Sơn Nhất
L03758,R086,2026-06-09,Phở bò tái nạm,47000,51,23000,1,0,1,delivery,10:45,0,0,0.0,Dân cư đông,Phở,Phường Tân Sơn Nhất
L03759,R086,2026-06-09,Phở bò tái,54000,54,25000,1,0,1,delivery,10:45,0,0,0.0,Dân cư đông,Phở,Phường Tân Sơn Nhất
L03760,R086,2026-06-09,Phở bò viên,42000,54,19000,1,0,1,delivery,10:15,0,0,0.0,Dân cư đông,Phở,Phường Tân Sơn Nhất
L03761,R086,2026-06-09,Phở bò chín,40000,56,18000,1,0,1,delivery,10:45,0,0,0.0,Dân cư đông,Phở,Phường Tân Sơn Nhất
L03762,R087,2026-06-09,Phở bò tái,37000,32,25000,14,6,8,pickup,13:00,150000,72000,0.429,Công nhân,Phở,Phường Thuận An
L03763,R087,2026-06-09,Phở gà,53000,37,33000,15,6,9,pickup,13:00,198000,120000,0.4,Công nhân,Phở,Phường Thuận An
L03764,R088,2026-06-09,Cơm tấm đặc biệt,37000,60,15000,2,1,1,delivery,09:30,15000,22000,0.5,Dân cư đông,Cơm tấm,Phường Gò Vấp
L03765,R088,2026-06-09,Cơm tấm sườn trứng,38000,60,15000,2,1,1,delivery,09:15,15000,23000,0.5,Dân cư đông,Cơm tấm,Phường Gò Vấp
L03766,R088,2026-06-09,Cơm tấm sườn bì chả,44000,60,18000,3,2,1,pickup,09:00,36000,52000,0.667,Dân cư đông,Cơm tấm,Phường Gò Vấp
L03767,R088,2026-06-09,Cơm tấm bì,32000,60,13000,3,2,1,delivery,09:45,26000,38000,0.667,Dân cư đông,Cơm tấm,Phường Gò Vấp
L03768,R088,2026-06-09,Cơm tấm sườn nướng,32000,58,13000,2,1,1,delivery,09:45,13000,19000,0.5,Dân cư đông,Cơm tấm,Phường Gò Vấp
L03769,R089,2026-06-09,Hủ tiếu mì,43000,39,26000,1,0,1,delivery,15:15,0,0,0.0,Công nhân,Hủ tiếu,Phường Đông Hòa
L03770,R089,2026-06-09,Hủ tiếu bò kho,55000,33,37000,1,0,1,pickup,15:45,0,0,0.0,Công nhân,Hủ tiếu,Phường Đông Hòa
L03771,R089,2026-06-09,Hủ tiếu sa tế,40000,30,28000,1,0,1,delivery,15:00,0,0,0.0,Công nhân,Hủ tiếu,Phường Đông Hòa
L03772,R089,2026-06-09,Hủ tiếu thập cẩm,43000,31,30000,1,0,1,delivery,15:00,0,0,0.0,Công nhân,Hủ tiếu,Phường Đông Hòa
L03773,R090,2026-06-09,Hủ tiếu sa tế,41000,35,27000,14,8,6,delivery,09:30,216000,112000,0.571,Sinh viên,Hủ tiếu,Phường Thủ Đức
L03774,R091,2026-06-09,Bánh mì xíu mại,28000,58,12000,3,2,1,pickup,12:30,24000,32000,0.667,Dân cư đông,Bánh mì,Phường Xóm Chiếu
L03775,R092,2026-06-09,Cơm tấm sườn bì chả,33000,35,21000,3,1,2,delivery,17:15,21000,12000,0.333,Dân cư đông,Cơm tấm,Phường Gia Định
L03776,R092,2026-06-09,Cơm tấm bì,39000,33,26000,3,1,2,pickup,17:00,26000,13000,0.333,Dân cư đông,Cơm tấm,Phường Gia Định
L03777,R092,2026-06-09,Cơm tấm sườn nướng,38000,36,24000,3,1,2,delivery,17:15,24000,14000,0.333,Dân cư đông,Cơm tấm,Phường Gia Định
L03778,R092,2026-06-09,Cơm tấm sườn trứng,38000,30,27000,3,1,2,delivery,17:15,27000,11000,0.333,Dân cư đông,Cơm tấm,Phường Gia Định
L03779,R092,2026-06-09,Cơm tấm đặc biệt,38000,37,24000,2,1,1,delivery,17:45,24000,14000,0.5,Dân cư đông,Cơm tấm,Phường Gia Định
L03780,R093,2026-06-09,Phở gà,39000,40,23000,6,4,2,delivery,09:45,92000,64000,0.667,Công nhân,Phở,Phường Tân Đông Hiệp
L03781,R093,2026-06-09,Phở bò chín,53000,38,33000,5,1,4,delivery,09:45,33000,20000,0.2,Công nhân,Phở,Phường Tân Đông Hiệp
L03782,R093,2026-06-09,Phở bò viên,44000,37,28000,5,3,2,delivery,09:00,84000,48000,0.6,Công nhân,Phở,Phường Tân Đông Hiệp
L03783,R093,2026-06-09,Phở bò tái,48000,40,29000,6,4,2,pickup,09:45,116000,76000,0.667,Công nhân,Phở,Phường Tân Đông Hiệp
L03784,R094,2026-06-09,Hủ tiếu sa tế,44000,58,18000,7,6,1,delivery,12:30,108000,156000,0.857,Dân cư đông,Hủ tiếu,Phường Bình Lợi Trung
L03785,R095,2026-06-09,Cơm tấm sườn trứng,40000,58,17000,2,1,1,delivery,14:15,17000,23000,0.5,Công nhân,Cơm tấm,Phường Lái Thiêu
L03786,R095,2026-06-09,Cơm tấm bì,39000,59,16000,2,1,1,delivery,14:00,16000,23000,0.5,Công nhân,Cơm tấm,Phường Lái Thiêu
L03787,R095,2026-06-09,Cơm tấm sườn bì chả,38000,60,15000,2,1,1,delivery,14:15,15000,23000,0.5,Công nhân,Cơm tấm,Phường Lái Thiêu
L03788,R095,2026-06-09,Cơm tấm sườn nướng,45000,60,18000,2,1,1,delivery,14:15,18000,27000,0.5,Công nhân,Cơm tấm,Phường Lái Thiêu
L03789,R096,2026-06-09,Cơm canh chua,38000,45,21000,11,6,5,pickup,14:30,126000,102000,0.545,Công nhân,Cơm văn phòng,Phường Lái Thiêu
L03790,R096,2026-06-09,Cơm thịt kho trứng,34000,42,20000,10,6,4,pickup,14:15,120000,84000,0.6,Công nhân,Cơm văn phòng,Phường Lái Thiêu
L03791,R097,2026-06-09,Hủ tiếu thập cẩm,44000,48,23000,2,1,1,pickup,20:45,23000,21000,0.5,Công nhân,Hủ tiếu,Phường Tân Đông Hiệp
L03792,R097,2026-06-09,Hủ tiếu bò kho,46000,51,23000,3,2,1,pickup,20:00,46000,46000,0.667,Công nhân,Hủ tiếu,Phường Tân Đông Hiệp
L03793,R097,2026-06-09,Hủ tiếu Nam Vang,43000,48,22000,3,1,2,delivery,20:00,22000,21000,0.333,Công nhân,Hủ tiếu,Phường Tân Đông Hiệp
L03794,R098,2026-06-09,Bún riêu cua đồng,42000,38,26000,2,1,1,delivery,16:15,26000,16000,0.5,Trung tâm,Bún riêu,Phường Xuân Hòa
L03795,R099,2026-06-09,Cơm sườn đậu hũ,36000,60,14000,1,0,1,pickup,09:00,0,0,0.0,Sinh viên,Cơm văn phòng,Phường An Khánh
L03796,R099,2026-06-09,Cơm gà xối mỡ,47000,54,22000,1,0,1,pickup,09:15,0,0,0.0,Sinh viên,Cơm văn phòng,Phường An Khánh
L03797,R099,2026-06-09,Cơm thịt kho trứng,36000,55,16000,1,0,1,pickup,09:00,0,0,0.0,Sinh viên,Cơm văn phòng,Phường An Khánh
L03798,R099,2026-06-09,Cơm gà luộc,38000,60,15000,1,0,1,pickup,09:00,0,0,0.0,Sinh viên,Cơm văn phòng,Phường An Khánh
L03799,R099,2026-06-09,Cơm canh chua,42000,60,17000,1,0,1,pickup,09:30,0,0,0.0,Sinh viên,Cơm văn phòng,Phường An Khánh
L03800,R100,2026-06-09,Hủ tiếu mì,51000,38,32000,3,1,2,pickup,15:15,32000,19000,0.333,Trung tâm,Hủ tiếu,Phường Tân Định
L03801,R100,2026-06-09,Hủ tiếu sa tế,37000,47,20000,3,1,2,pickup,15:45,20000,17000,0.333,Trung tâm,Hủ tiếu,Phường Tân Định
L03802,R101,2026-06-09,Phở gà,60000,30,42000,1,0,1,pickup,09:00,0,0,0.0,Công nhân,Phở,Phường Bình Hòa
L03803,R101,2026-06-09,Phở bò chín,44000,35,29000,1,0,1,pickup,09:45,0,0,0.0,Công nhân,Phở,Phường Bình Hòa
L03804,R101,2026-06-09,Phở bò tái,43000,30,30000,1,0,1,pickup,09:00,0,0,0.0,Công nhân,Phở,Phường Bình Hòa
L03805,R102,2026-06-09,Bún bò thập cẩm,39000,57,17000,2,1,1,pickup,15:15,17000,22000,0.5,Sinh viên,Bún bò,Phường Thủ Đức
L03806,R102,2026-06-09,Bún bò viên,52000,49,27000,2,1,1,delivery,15:15,27000,25000,0.5,Sinh viên,Bún bò,Phường Thủ Đức
L03807,R102,2026-06-09,Bún bò Huế đặc biệt,46000,57,20000,1,0,1,delivery,15:00,0,0,0.0,Sinh viên,Bún bò,Phường Thủ Đức
L03808,R102,2026-06-09,Bún bò giò heo,41000,56,18000,2,1,1,pickup,15:00,18000,23000,0.5,Sinh viên,Bún bò,Phường Thủ Đức
L03809,R103,2026-06-09,Cơm gà xối mỡ,33000,33,22000,7,2,5,delivery,11:00,44000,22000,0.286,Công nhân,Cơm văn phòng,Phường Đông Hòa
L03810,R103,2026-06-09,Cơm gà luộc,31000,38,19000,8,2,6,delivery,11:00,38000,24000,0.25,Công nhân,Cơm văn phòng,Phường Đông Hòa
L03811,R103,2026-06-09,Cơm thịt kho trứng,51000,36,33000,5,1,4,delivery,11:30,33000,18000,0.2,Công nhân,Cơm văn phòng,Phường Đông Hòa
L03812,R104,2026-06-09,Bánh mì thịt nguội,18000,50,9000,1,0,1,pickup,19:45,0,0,0.0,Dân cư đông,Bánh mì,Phường Thông Tây Hội
L03813,R104,2026-06-09,Bánh mì chả lụa,20000,54,9000,1,0,1,pickup,19:00,0,0,0.0,Dân cư đông,Bánh mì,Phường Thông Tây Hội
L03814,R104,2026-06-09,Bánh mì trứng,24000,50,12000,1,0,1,pickup,19:30,0,0,0.0,Dân cư đông,Bánh mì,Phường Thông Tây Hội
L03815,R104,2026-06-09,Bánh mì xíu mại,27000,46,15000,1,0,1,pickup,19:00,0,0,0.0,Dân cư đông,Bánh mì,Phường Thông Tây Hội
L03816,R104,2026-06-09,Bánh mì gà,30000,52,14000,1,0,1,pickup,19:15,0,0,0.0,Dân cư đông,Bánh mì,Phường Thông Tây Hội
L03817,R105,2026-06-09,Bánh mì chả lụa,22000,32,15000,5,2,3,pickup,16:45,30000,14000,0.4,Sinh viên,Bánh mì,Phường Tam Bình
L03818,R105,2026-06-09,Bánh mì gà,21000,31,14000,5,3,2,pickup,16:00,42000,21000,0.6,Sinh viên,Bánh mì,Phường Tam Bình
L03819,R106,2026-06-09,Phở bò chín,42000,59,17000,8,5,3,pickup,11:45,85000,125000,0.625,Công nhân,Phở,Phường An Phú
L03820,R106,2026-06-09,Phở bò tái,50000,58,21000,6,4,2,pickup,11:00,84000,116000,0.667,Công nhân,Phở,Phường An Phú
L03821,R106,2026-06-09,Phở bò viên,56000,52,27000,7,4,3,pickup,11:15,108000,116000,0.571,Công nhân,Phở,Phường An Phú
L03822,R107,2026-06-09,Hủ tiếu thập cẩm,47000,39,29000,15,4,11,pickup,09:45,116000,72000,0.267,Dân cư đông,Hủ tiếu,Phường Gò Vấp
L03823,R108,2026-06-09,Cơm tấm đặc biệt,27000,45,15000,3,2,1,delivery,16:45,30000,24000,0.667,Sinh viên,Cơm tấm,Phường Thủ Đức
L03824,R108,2026-06-09,Cơm tấm bì,40000,51,20000,4,3,1,delivery,16:45,60000,60000,0.75,Sinh viên,Cơm tấm,Phường Thủ Đức
L03825,R108,2026-06-09,Cơm tấm sườn trứng,34000,51,17000,4,3,1,pickup,16:15,51000,51000,0.75,Sinh viên,Cơm tấm,Phường Thủ Đức
L03826,R108,2026-06-09,Cơm tấm sườn nướng,41000,53,19000,4,2,2,delivery,16:15,38000,44000,0.5,Sinh viên,Cơm tấm,Phường Thủ Đức
L03827,R109,2026-06-09,Hủ tiếu Nam Vang,46000,57,20000,1,0,1,delivery,11:00,0,0,0.0,Trung tâm,Hủ tiếu,Phường Sài Gòn
L03828,R109,2026-06-09,Hủ tiếu mì,43000,55,19000,1,0,1,delivery,11:45,0,0,0.0,Trung tâm,Hủ tiếu,Phường Sài Gòn
L03829,R109,2026-06-09,Hủ tiếu thập cẩm,48000,60,19000,1,0,1,pickup,11:45,0,0,0.0,Trung tâm,Hủ tiếu,Phường Sài Gòn
L03830,R110,2026-06-09,Phở gà,51000,60,20000,4,3,1,pickup,10:30,60000,93000,0.75,Sinh viên,Phở,Phường Hiệp Bình
L03831,R110,2026-06-09,Phở bò chín,49000,57,21000,3,2,1,delivery,10:15,42000,56000,0.667,Sinh viên,Phở,Phường Hiệp Bình
L03832,R111,2026-06-09,Bánh mì chả lụa,20000,55,9000,4,3,1,delivery,09:00,27000,33000,0.75,Sinh viên,Bánh mì,Phường Long Bình
L03833,R112,2026-06-09,Hủ tiếu mì,38000,48,20000,1,0,1,delivery,11:15,0,0,0.0,Dân cư đông,Hủ tiếu,Phường Gò Vấp
L03834,R112,2026-06-09,Hủ tiếu sa tế,50000,45,28000,1,0,1,pickup,11:15,0,0,0.0,Dân cư đông,Hủ tiếu,Phường Gò Vấp
L03835,R112,2026-06-09,Hủ tiếu bò kho,37000,45,20000,1,0,1,delivery,11:30,0,0,0.0,Dân cư đông,Hủ tiếu,Phường Gò Vấp
L03836,R112,2026-06-09,Hủ tiếu Nam Vang,42000,50,21000,1,0,1,pickup,11:00,0,0,0.0,Dân cư đông,Hủ tiếu,Phường Gò Vấp
L03837,R112,2026-06-09,Hủ tiếu thập cẩm,51000,53,24000,1,0,1,pickup,11:30,0,0,0.0,Dân cư đông,Hủ tiếu,Phường Gò Vấp
L03838,R113,2026-06-09,Bánh mì trứng,19000,46,10000,1,0,1,delivery,10:00,0,0,0.0,Dân cư đông,Bánh mì,Phường Tân Hòa
L03839,R113,2026-06-09,Bánh mì xíu mại,28000,51,14000,1,0,1,delivery,10:15,0,0,0.0,Dân cư đông,Bánh mì,Phường Tân Hòa
L03840,R113,2026-06-09,Bánh mì thịt nguội,21000,46,11000,1,0,1,delivery,10:00,0,0,0.0,Dân cư đông,Bánh mì,Phường Tân Hòa
L03841,R113,2026-06-09,Bánh mì chả lụa,31000,48,16000,1,0,1,delivery,10:45,0,0,0.0,Dân cư đông,Bánh mì,Phường Tân Hòa
L03842,R113,2026-06-09,Bánh mì gà,20000,52,10000,1,0,1,delivery,10:45,0,0,0.0,Dân cư đông,Bánh mì,Phường Tân Hòa
L03843,R114,2026-06-09,Cơm gà luộc,29000,47,15000,2,1,1,delivery,10:45,15000,14000,0.5,Công nhân,Cơm văn phòng,Phường Bình Hòa
L03844,R114,2026-06-09,Cơm thịt kho trứng,47000,44,26000,1,0,1,delivery,10:30,0,0,0.0,Công nhân,Cơm văn phòng,Phường Bình Hòa
L03845,R114,2026-06-09,Cơm gà xối mỡ,36000,45,20000,1,0,1,pickup,10:30,0,0,0.0,Công nhân,Cơm văn phòng,Phường Bình Hòa
L03846,R114,2026-06-09,Cơm sườn đậu hũ,32000,41,19000,2,1,1,delivery,10:30,19000,13000,0.5,Công nhân,Cơm văn phòng,Phường Bình Hòa
L03847,R115,2026-06-09,Cơm tấm sườn nướng,38000,42,22000,1,0,1,delivery,14:45,0,0,0.0,Dân cư đông,Cơm tấm,Phường Khánh Hội
L03848,R115,2026-06-09,Cơm tấm bì,45000,40,27000,1,0,1,pickup,14:30,0,0,0.0,Dân cư đông,Cơm tấm,Phường Khánh Hội
L03849,R116,2026-06-09,Cơm sườn đậu hũ,33000,42,19000,2,1,1,delivery,20:00,19000,14000,0.5,Dân cư đông,Cơm văn phòng,Phường Bình Lợi Trung
L03850,R116,2026-06-09,Cơm gà luộc,39000,39,24000,2,0,2,delivery,20:15,0,0,0.0,Dân cư đông,Cơm văn phòng,Phường Bình Lợi Trung
L03851,R117,2026-06-09,Bánh mì thịt nguội,34000,43,19000,1,0,1,delivery,09:00,0,0,0.0,Sinh viên,Bánh mì,Phường Hiệp Bình
L03852,R117,2026-06-09,Bánh mì chả lụa,20000,43,11000,1,0,1,delivery,09:30,0,0,0.0,Sinh viên,Bánh mì,Phường Hiệp Bình
L03853,R117,2026-06-09,Bánh mì gà,22000,41,13000,1,0,1,delivery,09:15,0,0,0.0,Sinh viên,Bánh mì,Phường Hiệp Bình
L03854,R118,2026-06-09,Bánh mì trứng,24000,30,17000,3,1,2,pickup,10:45,17000,7000,0.333,Dân cư đông,Bánh mì,Phường Gò Vấp
L03855,R118,2026-06-09,Bánh mì xíu mại,33000,31,23000,3,1,2,pickup,10:00,23000,10000,0.333,Dân cư đông,Bánh mì,Phường Gò Vấp
L03856,R118,2026-06-09,Bánh mì gà,23000,30,16000,3,0,3,pickup,10:00,0,0,0.0,Dân cư đông,Bánh mì,Phường Gò Vấp
L03857,R119,2026-06-09,Bún bò viên,38000,55,17000,6,4,2,pickup,14:15,68000,84000,0.667,Công nhân,Bún bò,Phường Đông Hòa
L03858,R120,2026-06-09,Bún bò thập cẩm,49000,50,24000,2,1,1,pickup,11:30,24000,25000,0.5,Dân cư đông,Bún bò,Phường Hạnh Thông
L03859,R120,2026-06-09,Bún bò Huế đặc biệt,46000,50,23000,1,0,1,pickup,11:30,0,0,0.0,Dân cư đông,Bún bò,Phường Hạnh Thông
L03860,R120,2026-06-09,Bún bò gân,47000,53,22000,1,0,1,pickup,11:15,0,0,0.0,Dân cư đông,Bún bò,Phường Hạnh Thông
L03861,R120,2026-06-09,Bún bò giò heo,52000,50,26000,2,1,1,pickup,11:00,26000,26000,0.5,Dân cư đông,Bún bò,Phường Hạnh Thông
L03862,R120,2026-06-09,Bún bò viên,47000,51,23000,1,0,1,pickup,11:00,0,0,0.0,Dân cư đông,Bún bò,Phường Hạnh Thông
L03863,R121,2026-06-09,Cơm gà xối mỡ,44000,42,26000,1,0,1,pickup,12:45,0,0,0.0,Dân cư đông,Cơm văn phòng,Phường Gò Vấp
L03864,R121,2026-06-09,Cơm canh chua,40000,37,25000,1,0,1,pickup,12:30,0,0,0.0,Dân cư đông,Cơm văn phòng,Phường Gò Vấp
L03865,R121,2026-06-09,Cơm thịt kho trứng,42000,36,27000,1,0,1,pickup,12:15,0,0,0.0,Dân cư đông,Cơm văn phòng,Phường Gò Vấp
L03866,R121,2026-06-09,Cơm sườn đậu hũ,35000,42,20000,1,0,1,pickup,12:45,0,0,0.0,Dân cư đông,Cơm văn phòng,Phường Gò Vấp
L03867,R121,2026-06-09,Cơm gà luộc,38000,33,25000,1,0,1,pickup,12:45,0,0,0.0,Dân cư đông,Cơm văn phòng,Phường Gò Vấp
L03868,R122,2026-06-09,Bún riêu thập cẩm,40000,47,21000,6,4,2,pickup,09:30,84000,76000,0.667,Sinh viên,Bún riêu,Phường Linh Xuân
L03869,R123,2026-06-09,Cơm gà xối mỡ,45000,55,20000,14,9,5,pickup,16:15,180000,225000,0.643,Sinh viên,Cơm văn phòng,Phường Bình Trưng
L03870,R124,2026-06-09,Bún bò giò heo,44000,31,30000,2,0,2,delivery,15:45,0,0,0.0,Sinh viên,Bún bò,Phường Cát Lái
L03871,R124,2026-06-09,Bún bò viên,56000,34,37000,2,1,1,pickup,15:30,37000,19000,0.5,Sinh viên,Bún bò,Phường Cát Lái
L03872,R124,2026-06-09,Bún bò Huế đặc biệt,44000,31,30000,3,1,2,pickup,15:15,30000,14000,0.333,Sinh viên,Bún bò,Phường Cát Lái
L03873,R124,2026-06-09,Bún bò gân,41000,34,27000,3,1,2,delivery,15:45,27000,14000,0.333,Sinh viên,Bún bò,Phường Cát Lái
L03874,R124,2026-06-09,Bún bò thập cẩm,46000,30,32000,3,1,2,pickup,15:15,32000,14000,0.333,Sinh viên,Bún bò,Phường Cát Lái
L03875,R125,2026-06-09,Bánh mì trứng,25000,48,13000,3,2,1,pickup,15:45,26000,24000,0.667,Công nhân,Bánh mì,Phường Lái Thiêu
L03876,R125,2026-06-09,Bánh mì chả lụa,27000,58,11000,3,2,1,delivery,15:45,22000,32000,0.667,Công nhân,Bánh mì,Phường Lái Thiêu
L03877,R126,2026-06-09,Phở bò chín,42000,34,28000,2,1,1,delivery,11:45,28000,14000,0.5,Dân cư đông,Phở,Phường Gò Vấp
L03878,R126,2026-06-09,Phở gà,49000,37,31000,2,1,1,delivery,11:00,31000,18000,0.5,Dân cư đông,Phở,Phường Gò Vấp
L03879,R126,2026-06-09,Phở bò viên,56000,36,36000,2,0,2,delivery,11:00,0,0,0.0,Dân cư đông,Phở,Phường Gò Vấp
L03880,R126,2026-06-09,Phở bò tái,43000,39,26000,2,0,2,delivery,11:30,0,0,0.0,Dân cư đông,Phở,Phường Gò Vấp
L03881,R126,2026-06-09,Phở bò tái nạm,51000,31,35000,3,1,2,delivery,11:45,35000,16000,0.333,Dân cư đông,Phở,Phường Gò Vấp
L03882,R127,2026-06-09,Cơm sườn đậu hũ,34000,31,23000,2,0,2,delivery,18:45,0,0,0.0,Dân cư đông,Cơm văn phòng,Phường Tân Sơn Nhất
L03883,R127,2026-06-09,Cơm gà luộc,38000,30,27000,2,1,1,delivery,18:45,27000,11000,0.5,Dân cư đông,Cơm văn phòng,Phường Tân Sơn Nhất
L03884,R127,2026-06-09,Cơm gà xối mỡ,45000,35,29000,2,1,1,delivery,18:45,29000,16000,0.5,Dân cư đông,Cơm văn phòng,Phường Tân Sơn Nhất
L03885,R127,2026-06-09,Cơm thịt kho trứng,49000,30,34000,2,0,2,delivery,18:15,0,0,0.0,Dân cư đông,Cơm văn phòng,Phường Tân Sơn Nhất
L03886,R127,2026-06-09,Cơm canh chua,32000,35,21000,2,0,2,delivery,18:30,0,0,0.0,Dân cư đông,Cơm văn phòng,Phường Tân Sơn Nhất
L03887,R128,2026-06-09,Bánh mì trứng,27000,37,17000,4,1,3,delivery,18:15,17000,10000,0.25,Trung tâm,Bánh mì,Phường Đức Nhuận
L03888,R128,2026-06-09,Bánh mì chả lụa,19000,30,13000,4,2,2,delivery,18:00,26000,12000,0.5,Trung tâm,Bánh mì,Phường Đức Nhuận
L03889,R129,2026-06-09,Phở bò viên,58000,53,27000,2,1,1,pickup,11:30,27000,31000,0.5,Công nhân,Phở,Phường Dĩ An
L03890,R129,2026-06-09,Phở gà,58000,51,28000,2,1,1,pickup,11:15,28000,30000,0.5,Công nhân,Phở,Phường Dĩ An
L03891,R129,2026-06-09,Phở bò chín,51000,53,24000,2,1,1,pickup,11:15,24000,27000,0.5,Công nhân,Phở,Phường Dĩ An
L03892,R130,2026-06-09,Phở bò tái,54000,41,32000,4,3,1,delivery,10:15,96000,66000,0.75,Công nhân,Phở,Phường Lái Thiêu
L03893,R130,2026-06-09,Phở bò tái nạm,58000,47,31000,4,2,2,delivery,10:30,62000,54000,0.5,Công nhân,Phở,Phường Lái Thiêu
L03894,R130,2026-06-09,Phở gà,61000,48,32000,4,2,2,delivery,10:15,64000,58000,0.5,Công nhân,Phở,Phường Lái Thiêu
L03895,R130,2026-06-09,Phở bò viên,46000,49,23000,4,3,1,delivery,10:45,69000,69000,0.75,Công nhân,Phở,Phường Lái Thiêu
L03896,R131,2026-06-09,Bún bò viên,49000,47,26000,1,0,1,pickup,20:00,0,0,0.0,Sinh viên,Bún bò,Phường Phước Long
L03897,R131,2026-06-09,Bún bò Huế đặc biệt,45000,53,21000,1,0,1,pickup,20:45,0,0,0.0,Sinh viên,Bún bò,Phường Phước Long
L03898,R131,2026-06-09,Bún bò giò heo,44000,49,22000,1,0,1,delivery,20:15,0,0,0.0,Sinh viên,Bún bò,Phường Phước Long
L03899,R131,2026-06-09,Bún bò thập cẩm,53000,52,25000,1,0,1,pickup,20:15,0,0,0.0,Sinh viên,Bún bò,Phường Phước Long
L03900,R132,2026-06-09,Cơm thịt kho trứng,37000,43,21000,5,3,2,delivery,09:30,63000,48000,0.6,Sinh viên,Cơm văn phòng,Phường Linh Xuân
L03901,R132,2026-06-09,Cơm sườn đậu hũ,35000,43,20000,4,2,2,delivery,09:00,40000,30000,0.5,Sinh viên,Cơm văn phòng,Phường Linh Xuân
L03902,R132,2026-06-09,Cơm canh chua,26000,50,13000,4,3,1,delivery,09:45,39000,39000,0.75,Sinh viên,Cơm văn phòng,Phường Linh Xuân
L03903,R133,2026-06-09,Hủ tiếu sa tế,52000,35,34000,14,4,10,delivery,15:00,136000,72000,0.286,Sinh viên,Hủ tiếu,Phường Cát Lái
L03904,R134,2026-06-09,Cơm tấm sườn trứng,29000,36,19000,1,0,1,delivery,15:00,0,0,0.0,Dân cư đông,Cơm tấm,Phường An Nhơn
L03905,R134,2026-06-09,Cơm tấm đặc biệt,42000,30,29000,1,0,1,delivery,15:00,0,0,0.0,Dân cư đông,Cơm tấm,Phường An Nhơn
L03906,R134,2026-06-09,Cơm tấm sườn bì chả,42000,30,29000,1,0,1,pickup,15:15,0,0,0.0,Dân cư đông,Cơm tấm,Phường An Nhơn
L03907,R135,2026-06-09,Bún bò Huế đặc biệt,43000,47,23000,6,3,3,pickup,20:15,69000,60000,0.5,Sinh viên,Bún bò,Phường Cát Lái
L03908,R135,2026-06-09,Bún bò giò heo,43000,49,22000,6,3,3,pickup,20:00,66000,63000,0.5,Sinh viên,Bún bò,Phường Cát Lái
L03909,R135,2026-06-09,Bún bò gân,50000,48,26000,6,4,2,pickup,20:15,104000,96000,0.667,Sinh viên,Bún bò,Phường Cát Lái
L03910,R136,2026-06-09,Bún bò giò heo,42000,51,21000,5,3,2,pickup,10:00,63000,63000,0.6,Công nhân,Bún bò,Phường Đông Hòa
L03911,R136,2026-06-09,Bún bò thập cẩm,50000,52,24000,5,3,2,pickup,10:30,72000,78000,0.6,Công nhân,Bún bò,Phường Đông Hòa
L03912,R136,2026-06-09,Bún bò gân,52000,52,25000,8,5,3,pickup,10:15,125000,135000,0.625,Công nhân,Bún bò,Phường Đông Hòa
L03913,R137,2026-06-09,Hủ tiếu thập cẩm,41000,49,21000,1,0,1,delivery,15:00,0,0,0.0,Dân cư đông,Hủ tiếu,Phường Tân Sơn Nhất
L03914,R137,2026-06-09,Hủ tiếu sa tế,58000,41,34000,1,0,1,delivery,15:45,0,0,0.0,Dân cư đông,Hủ tiếu,Phường Tân Sơn Nhất
L03915,R137,2026-06-09,Hủ tiếu mì,54000,41,32000,1,0,1,delivery,15:15,0,0,0.0,Dân cư đông,Hủ tiếu,Phường Tân Sơn Nhất
L03916,R137,2026-06-09,Hủ tiếu bò kho,49000,49,25000,1,0,1,delivery,15:30,0,0,0.0,Dân cư đông,Hủ tiếu,Phường Tân Sơn Nhất
L03917,R137,2026-06-09,Hủ tiếu Nam Vang,45000,44,25000,1,0,1,delivery,15:45,0,0,0.0,Dân cư đông,Hủ tiếu,Phường Tân Sơn Nhất
L03918,R138,2026-06-09,Cơm tấm sườn nướng,36000,60,14000,1,0,1,delivery,16:45,0,0,0.0,Công nhân,Cơm tấm,Phường Đông Hòa
L03919,R138,2026-06-09,Cơm tấm sườn bì chả,32000,57,14000,1,0,1,delivery,16:45,0,0,0.0,Công nhân,Cơm tấm,Phường Đông Hòa
L03920,R138,2026-06-09,Cơm tấm sườn trứng,37000,55,17000,1,0,1,delivery,16:00,0,0,0.0,Công nhân,Cơm tấm,Phường Đông Hòa
L03921,R138,2026-06-09,Cơm tấm đặc biệt,31000,53,15000,1,0,1,delivery,16:15,0,0,0.0,Công nhân,Cơm tấm,Phường Đông Hòa
L03922,R139,2026-06-09,Bánh mì trứng,18000,54,8000,3,2,1,delivery,09:30,16000,20000,0.667,Ngoại ô,Bánh mì,Xã Bà Điểm
L03923,R139,2026-06-09,Bánh mì xíu mại,22000,57,9000,3,2,1,delivery,09:15,18000,26000,0.667,Ngoại ô,Bánh mì,Xã Bà Điểm
L03924,R139,2026-06-09,Bánh mì gà,22000,53,10000,3,2,1,delivery,09:30,20000,24000,0.667,Ngoại ô,Bánh mì,Xã Bà Điểm
L03925,R140,2026-06-09,Bún riêu cua,32000,36,20000,4,2,2,delivery,17:30,40000,24000,0.5,Ngoại ô,Bún riêu,Xã Hiệp Phước
L03926,R140,2026-06-09,Bún riêu thập cẩm,52000,40,31000,6,4,2,delivery,17:00,124000,84000,0.667,Ngoại ô,Bún riêu,Xã Hiệp Phước
L03927,R141,2026-06-09,Cơm gà luộc,36000,30,25000,3,1,2,delivery,15:30,25000,11000,0.333,Sinh viên,Cơm văn phòng,Phường Long Bình
L03928,R141,2026-06-09,Cơm canh chua,29000,33,19000,2,0,2,delivery,15:30,0,0,0.0,Sinh viên,Cơm văn phòng,Phường Long Bình
L03929,R142,2026-06-09,Bún riêu thập cẩm,35000,47,19000,4,2,2,pickup,11:30,38000,32000,0.5,Công nhân,Bún riêu,Phường Thuận An
L03930,R142,2026-06-09,Bún riêu cua,41000,46,22000,5,3,2,pickup,11:15,66000,57000,0.6,Công nhân,Bún riêu,Phường Thuận An
L03931,R142,2026-06-09,Bún riêu cua đồng,37000,42,21000,5,3,2,pickup,11:15,63000,48000,0.6,Công nhân,Bún riêu,Phường Thuận An
L03932,R142,2026-06-09,Bún riêu cua mọc,39000,46,21000,5,3,2,pickup,11:00,63000,54000,0.6,Công nhân,Bún riêu,Phường Thuận An
L03933,R143,2026-06-09,Bánh mì xíu mại,29000,51,14000,2,1,1,delivery,16:45,14000,15000,0.5,Sinh viên,Bánh mì,Phường Cát Lái
L03934,R143,2026-06-09,Bánh mì chả lụa,18000,43,10000,3,1,2,delivery,16:45,10000,8000,0.333,Sinh viên,Bánh mì,Phường Cát Lái
L03935,R143,2026-06-09,Bánh mì trứng,21000,51,10000,2,1,1,delivery,16:30,10000,11000,0.5,Sinh viên,Bánh mì,Phường Cát Lái
L03936,R143,2026-06-09,Bánh mì thịt nguội,25000,50,12000,2,1,1,delivery,16:45,12000,13000,0.5,Sinh viên,Bánh mì,Phường Cát Lái
L03937,R144,2026-06-09,Bún bò gân,47000,59,19000,3,2,1,pickup,15:30,38000,56000,0.667,Sinh viên,Bún bò,Phường Phước Long
L03938,R144,2026-06-09,Bún bò viên,45000,57,19000,3,2,1,pickup,15:15,38000,52000,0.667,Sinh viên,Bún bò,Phường Phước Long
L03939,R144,2026-06-09,Bún bò Huế đặc biệt,58000,60,23000,3,2,1,pickup,15:15,46000,70000,0.667,Sinh viên,Bún bò,Phường Phước Long
L03940,R145,2026-06-09,Cơm tấm sườn trứng,34000,49,17000,1,0,1,pickup,19:15,0,0,0.0,Trung tâm,Cơm tấm,Phường Phú Nhuận
L03941,R145,2026-06-09,Cơm tấm đặc biệt,36000,42,21000,2,1,1,delivery,19:30,21000,15000,0.5,Trung tâm,Cơm tấm,Phường Phú Nhuận
L03942,R145,2026-06-09,Cơm tấm sườn bì chả,42000,45,23000,1,0,1,pickup,19:45,0,0,0.0,Trung tâm,Cơm tấm,Phường Phú Nhuận
L03943,R145,2026-06-09,Cơm tấm sườn nướng,44000,41,26000,1,0,1,pickup,19:30,0,0,0.0,Trung tâm,Cơm tấm,Phường Phú Nhuận
L03944,R146,2026-06-09,Bún bò viên,58000,51,28000,2,1,1,pickup,16:00,28000,30000,0.5,Công nhân,Bún bò,Phường Tân Đông Hiệp
L03945,R146,2026-06-09,Bún bò gân,59000,48,31000,2,1,1,pickup,16:00,31000,28000,0.5,Công nhân,Bún bò,Phường Tân Đông Hiệp
L03946,R146,2026-06-09,Bún bò thập cẩm,39000,49,20000,2,1,1,delivery,16:15,20000,19000,0.5,Công nhân,Bún bò,Phường Tân Đông Hiệp
L03947,R147,2026-06-09,Phở bò tái,37000,36,24000,3,1,2,delivery,14:45,24000,13000,0.333,Công nhân,Phở,Phường Dĩ An
L03948,R147,2026-06-09,Phở bò chín,47000,34,31000,4,1,3,pickup,14:00,31000,16000,0.25,Công nhân,Phở,Phường Dĩ An
L03949,R148,2026-06-09,Bún bò gân,44000,35,29000,4,1,3,pickup,17:00,29000,15000,0.25,Trung tâm,Bún bò,Phường Cầu Kiệu
L03950,R148,2026-06-09,Bún bò viên,46000,30,32000,4,1,3,pickup,17:00,32000,14000,0.25,Trung tâm,Bún bò,Phường Cầu Kiệu
L03951,R149,2026-06-09,Bún bò Huế đặc biệt,56000,33,38000,17,5,12,delivery,13:00,190000,90000,0.294,Sinh viên,Bún bò,Phường An Khánh
L03952,R000,2026-06-10,Bún bò thập cẩm,53000,35,34000,7,3,4,delivery,18:45,102000,57000,0.429,Công nhân,Bún bò,Phường Đông Hòa
L03953,R000,2026-06-10,Bún bò viên,54000,31,37000,7,3,4,delivery,18:15,111000,51000,0.429,Công nhân,Bún bò,Phường Đông Hòa
L03954,R000,2026-06-10,Bún bò giò heo,55000,38,34000,8,3,5,delivery,18:30,102000,63000,0.375,Công nhân,Bún bò,Phường Đông Hòa
L03955,R001,2026-06-10,Cơm tấm bì,38000,41,22000,1,0,1,pickup,19:45,0,0,0.0,Ngoại ô,Cơm tấm,Xã Bình Chánh
L03956,R001,2026-06-10,Cơm tấm sườn nướng,37000,41,22000,2,1,1,pickup,19:30,22000,15000,0.5,Ngoại ô,Cơm tấm,Xã Bình Chánh
L03957,R001,2026-06-10,Cơm tấm sườn trứng,34000,37,21000,1,0,1,pickup,19:00,0,0,0.0,Ngoại ô,Cơm tấm,Xã Bình Chánh
L03958,R002,2026-06-10,Hủ tiếu thập cẩm,53000,42,31000,3,2,1,pickup,20:30,62000,44000,0.667,Dân cư đông,Hủ tiếu,Phường An Nhơn
L03959,R002,2026-06-10,Hủ tiếu mì,58000,37,37000,3,1,2,delivery,20:45,37000,21000,0.333,Dân cư đông,Hủ tiếu,Phường An Nhơn
L03960,R002,2026-06-10,Hủ tiếu Nam Vang,58000,41,34000,2,1,1,pickup,20:00,34000,24000,0.5,Dân cư đông,Hủ tiếu,Phường An Nhơn
L03961,R002,2026-06-10,Hủ tiếu bò kho,51000,40,31000,3,2,1,delivery,20:30,62000,40000,0.667,Dân cư đông,Hủ tiếu,Phường An Nhơn
L03962,R002,2026-06-10,Hủ tiếu sa tế,44000,36,28000,3,1,2,pickup,20:30,28000,16000,0.333,Dân cư đông,Hủ tiếu,Phường An Nhơn
L03963,R003,2026-06-10,Phở bò chín,40000,55,18000,7,4,3,pickup,18:15,72000,88000,0.571,Công nhân,Phở,Phường Bình Hòa
L03964,R003,2026-06-10,Phở gà,47000,60,19000,6,4,2,delivery,18:15,76000,112000,0.667,Công nhân,Phở,Phường Bình Hòa
L03965,R003,2026-06-10,Phở bò tái nạm,50000,56,22000,6,4,2,delivery,18:00,88000,112000,0.667,Công nhân,Phở,Phường Bình Hòa
L03966,R003,2026-06-10,Phở bò viên,58000,51,28000,5,4,1,pickup,18:45,112000,120000,0.8,Công nhân,Phở,Phường Bình Hòa
L03967,R004,2026-06-10,Hủ tiếu mì,57000,50,28000,1,0,1,delivery,16:15,0,0,0.0,Sinh viên,Hủ tiếu,Phường Cát Lái
L03968,R004,2026-06-10,Hủ tiếu Nam Vang,58000,52,28000,1,0,1,delivery,16:30,0,0,0.0,Sinh viên,Hủ tiếu,Phường Cát Lái
L03969,R004,2026-06-10,Hủ tiếu bò kho,41000,47,22000,1,0,1,delivery,16:45,0,0,0.0,Sinh viên,Hủ tiếu,Phường Cát Lái
L03970,R004,2026-06-10,Hủ tiếu sa tế,43000,47,23000,1,0,1,delivery,16:30,0,0,0.0,Sinh viên,Hủ tiếu,Phường Cát Lái
L03971,R005,2026-06-10,Hủ tiếu Nam Vang,54000,57,23000,3,2,1,pickup,10:00,46000,62000,0.667,Sinh viên,Hủ tiếu,Phường Long Bình
L03972,R005,2026-06-10,Hủ tiếu sa tế,43000,51,21000,3,2,1,pickup,10:45,42000,44000,0.667,Sinh viên,Hủ tiếu,Phường Long Bình
L03973,R005,2026-06-10,Hủ tiếu mì,37000,47,20000,4,2,2,pickup,10:15,40000,34000,0.5,Sinh viên,Hủ tiếu,Phường Long Bình
L03974,R005,2026-06-10,Hủ tiếu bò kho,49000,57,21000,4,2,2,pickup,10:00,42000,56000,0.5,Sinh viên,Hủ tiếu,Phường Long Bình
L03975,R006,2026-06-10,Bún bò viên,47000,38,29000,1,0,1,delivery,17:00,0,0,0.0,Trung tâm,Bún bò,Phường Nhiêu Lộc
L03976,R006,2026-06-10,Bún bò giò heo,49000,44,27000,2,1,1,delivery,17:45,27000,22000,0.5,Trung tâm,Bún bò,Phường Nhiêu Lộc
L03977,R006,2026-06-10,Bún bò thập cẩm,48000,38,30000,2,0,2,delivery,17:15,0,0,0.0,Trung tâm,Bún bò,Phường Nhiêu Lộc
L03978,R006,2026-06-10,Bún bò Huế đặc biệt,37000,43,21000,2,1,1,delivery,17:45,21000,16000,0.5,Trung tâm,Bún bò,Phường Nhiêu Lộc
L03979,R007,2026-06-10,Phở bò tái nạm,49000,31,34000,19,8,11,pickup,09:30,272000,120000,0.421,Dân cư đông,Phở,Phường An Hội Đông
L03980,R008,2026-06-10,Hủ tiếu mì,49000,47,26000,4,2,2,pickup,16:30,52000,46000,0.5,Công nhân,Hủ tiếu,Phường Thuận An
L03981,R008,2026-06-10,Hủ tiếu bò kho,43000,48,22000,5,3,2,delivery,16:30,66000,63000,0.6,Công nhân,Hủ tiếu,Phường Thuận An
L03982,R008,2026-06-10,Hủ tiếu sa tế,44000,46,24000,5,2,3,delivery,16:45,48000,40000,0.4,Công nhân,Hủ tiếu,Phường Thuận An
L03983,R009,2026-06-10,Cơm tấm sườn nướng,27000,52,13000,4,2,2,pickup,20:00,26000,28000,0.5,Dân cư đông,Cơm tấm,Phường Tân Bình
L03984,R009,2026-06-10,Cơm tấm đặc biệt,35000,57,15000,4,3,1,pickup,20:00,45000,60000,0.75,Dân cư đông,Cơm tấm,Phường Tân Bình
L03985,R009,2026-06-10,Cơm tấm bì,50000,57,22000,3,2,1,pickup,20:00,44000,56000,0.667,Dân cư đông,Cơm tấm,Phường Tân Bình
L03986,R010,2026-06-10,Cơm tấm sườn trứng,39000,45,21000,1,0,1,delivery,19:45,0,0,0.0,Trung tâm,Cơm tấm,Phường Đức Nhuận
L03987,R010,2026-06-10,Cơm tấm đặc biệt,41000,49,21000,1,0,1,pickup,19:15,0,0,0.0,Trung tâm,Cơm tấm,Phường Đức Nhuận
L03988,R010,2026-06-10,Cơm tấm sườn nướng,47000,46,25000,1,0,1,pickup,19:45,0,0,0.0,Trung tâm,Cơm tấm,Phường Đức Nhuận
L03989,R011,2026-06-10,Bánh mì chả lụa,29000,38,18000,6,3,3,delivery,20:15,54000,33000,0.5,Ngoại ô,Bánh mì,Xã Hiệp Phước
L03990,R012,2026-06-10,Phở bò tái nạm,44000,60,18000,2,1,1,delivery,20:45,18000,26000,0.5,Dân cư đông,Phở,Phường Khánh Hội
L03991,R012,2026-06-10,Phở bò viên,52000,60,21000,2,1,1,delivery,20:15,21000,31000,0.5,Dân cư đông,Phở,Phường Khánh Hội
L03992,R013,2026-06-10,Phở bò viên,45000,53,21000,4,3,1,pickup,12:30,63000,72000,0.75,Sinh viên,Phở,Phường Long Bình
L03993,R013,2026-06-10,Phở gà,43000,48,22000,4,2,2,delivery,12:30,44000,42000,0.5,Sinh viên,Phở,Phường Long Bình
L03994,R013,2026-06-10,Phở bò tái nạm,43000,46,23000,3,1,2,delivery,12:15,23000,20000,0.333,Sinh viên,Phở,Phường Long Bình
L03995,R013,2026-06-10,Phở bò tái,42000,55,19000,4,3,1,delivery,12:15,57000,69000,0.75,Sinh viên,Phở,Phường Long Bình
L03996,R013,2026-06-10,Phở bò chín,52000,53,24000,4,3,1,pickup,12:15,72000,84000,0.75,Sinh viên,Phở,Phường Long Bình
L03997,R014,2026-06-10,Bánh mì thịt nguội,23000,57,10000,1,0,1,pickup,12:00,0,0,0.0,Sinh viên,Bánh mì,Phường An Khánh
L03998,R014,2026-06-10,Bánh mì gà,23000,53,11000,1,0,1,delivery,12:45,0,0,0.0,Sinh viên,Bánh mì,Phường An Khánh
L03999,R015,2026-06-10,Hủ tiếu mì,56000,41,33000,7,4,3,delivery,13:15,132000,92000,0.571,Sinh viên,Hủ tiếu,Phường Hiệp Bình
L04000,R015,2026-06-10,Hủ tiếu sa tế,59000,40,35000,5,3,2,pickup,13:00,105000,72000,0.6,Sinh viên,Hủ tiếu,Phường Hiệp Bình
L04001,R015,2026-06-10,Hủ tiếu thập cẩm,55000,42,32000,7,3,4,delivery,13:30,96000,69000,0.429,Sinh viên,Hủ tiếu,Phường Hiệp Bình
L04002,R016,2026-06-10,Phở bò tái,46000,46,25000,4,2,2,delivery,16:15,50000,42000,0.5,Sinh viên,Phở,Phường Tăng Nhơn Phú
L04003,R016,2026-06-10,Phở bò chín,55000,44,31000,5,3,2,delivery,16:00,93000,72000,0.6,Sinh viên,Phở,Phường Tăng Nhơn Phú
L04004,R016,2026-06-10,Phở gà,45000,48,23000,4,2,2,delivery,16:30,46000,44000,0.5,Sinh viên,Phở,Phường Tăng Nhơn Phú
L04005,R017,2026-06-10,Cơm tấm đặc biệt,53000,30,37000,16,5,11,delivery,13:45,185000,80000,0.312,Công nhân,Cơm tấm,Phường Dĩ An
L04006,R018,2026-06-10,Cơm tấm đặc biệt,40000,49,20000,3,2,1,delivery,16:00,40000,40000,0.667,Công nhân,Cơm tấm,Phường Lái Thiêu
L04007,R019,2026-06-10,Bún bò giò heo,37000,44,21000,7,3,4,delivery,18:30,63000,48000,0.429,Sinh viên,Bún bò,Phường Long Bình
L04008,R019,2026-06-10,Bún bò viên,51000,47,27000,8,5,3,delivery,18:15,135000,120000,0.625,Sinh viên,Bún bò,Phường Long Bình
L04009,R020,2026-06-10,Phở bò tái,43000,36,28000,2,1,1,delivery,09:00,28000,15000,0.5,Công nhân,Phở,Phường Đông Hòa
L04010,R020,2026-06-10,Phở bò chín,51000,40,31000,1,0,1,delivery,09:15,0,0,0.0,Công nhân,Phở,Phường Đông Hòa
L04011,R020,2026-06-10,Phở gà,62000,40,37000,2,1,1,delivery,09:30,37000,25000,0.5,Công nhân,Phở,Phường Đông Hòa
L04012,R020,2026-06-10,Phở bò viên,53000,40,32000,1,0,1,delivery,09:00,0,0,0.0,Công nhân,Phở,Phường Đông Hòa
L04013,R021,2026-06-10,Hủ tiếu bò kho,48000,42,28000,2,1,1,pickup,20:00,28000,20000,0.5,Sinh viên,Hủ tiếu,Phường Bình Trưng
L04014,R021,2026-06-10,Hủ tiếu thập cẩm,50000,45,28000,3,2,1,pickup,20:30,56000,44000,0.667,Sinh viên,Hủ tiếu,Phường Bình Trưng
L04015,R022,2026-06-10,Bánh mì xíu mại,22000,56,10000,2,1,1,delivery,18:30,10000,12000,0.5,Sinh viên,Bánh mì,Phường Long Bình
L04016,R022,2026-06-10,Bánh mì chả lụa,20000,58,8000,2,1,1,pickup,18:30,8000,12000,0.5,Sinh viên,Bánh mì,Phường Long Bình
L04017,R022,2026-06-10,Bánh mì gà,29000,59,12000,2,1,1,pickup,18:30,12000,17000,0.5,Sinh viên,Bánh mì,Phường Long Bình
L04018,R022,2026-06-10,Bánh mì trứng,16000,56,7000,2,1,1,delivery,18:00,7000,9000,0.5,Sinh viên,Bánh mì,Phường Long Bình
L04019,R022,2026-06-10,Bánh mì thịt nguội,23000,58,10000,2,1,1,pickup,18:45,10000,13000,0.5,Sinh viên,Bánh mì,Phường Long Bình
L04020,R023,2026-06-10,Bánh mì trứng,27000,32,18000,3,1,2,delivery,17:30,18000,9000,0.333,Công nhân,Bánh mì,Phường Tân Đông Hiệp
L04021,R023,2026-06-10,Bánh mì chả lụa,26000,31,18000,3,1,2,pickup,17:30,18000,8000,0.333,Công nhân,Bánh mì,Phường Tân Đông Hiệp
L04022,R024,2026-06-10,Hủ tiếu Nam Vang,54000,56,24000,14,13,1,delivery,14:00,312000,390000,0.929,Công nhân,Hủ tiếu,Phường An Phú
L04023,R025,2026-06-10,Cơm sườn đậu hũ,39000,37,25000,1,0,1,delivery,11:30,0,0,0.0,Dân cư đông,Cơm văn phòng,Phường An Hội Đông
L04024,R025,2026-06-10,Cơm canh chua,34000,32,23000,1,0,1,pickup,11:30,0,0,0.0,Dân cư đông,Cơm văn phòng,Phường An Hội Đông
L04025,R025,2026-06-10,Cơm gà luộc,29000,30,20000,2,0,2,delivery,11:15,0,0,0.0,Dân cư đông,Cơm văn phòng,Phường An Hội Đông
L04026,R025,2026-06-10,Cơm thịt kho trứng,29000,32,20000,2,1,1,delivery,11:30,20000,9000,0.5,Dân cư đông,Cơm văn phòng,Phường An Hội Đông
L04027,R025,2026-06-10,Cơm gà xối mỡ,45000,32,31000,2,0,2,delivery,11:30,0,0,0.0,Dân cư đông,Cơm văn phòng,Phường An Hội Đông
L04028,R026,2026-06-10,Bún riêu thập cẩm,45000,39,27000,4,1,3,pickup,16:45,27000,18000,0.25,Sinh viên,Bún riêu,Phường Tam Bình
L04029,R027,2026-06-10,Bún bò thập cẩm,64000,33,43000,3,1,2,pickup,17:15,43000,21000,0.333,Công nhân,Bún bò,Phường Hòa Lợi
L04030,R028,2026-06-10,Bánh mì xíu mại,23000,60,9000,6,4,2,delivery,14:00,36000,56000,0.667,Công nhân,Bánh mì,Phường Tân Đông Hiệp
L04031,R029,2026-06-10,Phở bò chín,62000,60,25000,1,0,1,pickup,19:45,0,0,0.0,Trung tâm,Phở,Phường Bến Thành
L04032,R029,2026-06-10,Phở bò tái nạm,48000,60,19000,1,0,1,pickup,19:45,0,0,0.0,Trung tâm,Phở,Phường Bến Thành
L04033,R029,2026-06-10,Phở bò tái,51000,60,20000,1,0,1,delivery,19:30,0,0,0.0,Trung tâm,Phở,Phường Bến Thành
L04034,R029,2026-06-10,Phở bò viên,47000,58,20000,1,0,1,delivery,19:45,0,0,0.0,Trung tâm,Phở,Phường Bến Thành
L04035,R030,2026-06-10,Bún bò viên,59000,57,25000,14,12,2,delivery,15:15,300000,408000,0.857,Công nhân,Bún bò,Phường An Phú
L04036,R030,2026-06-10,Bún bò gân,46000,52,22000,12,9,3,pickup,15:45,198000,216000,0.75,Công nhân,Bún bò,Phường An Phú
L04037,R031,2026-06-10,Phở gà,52000,42,30000,6,4,2,pickup,09:00,120000,88000,0.667,Sinh viên,Phở,Phường Phước Long
L04038,R031,2026-06-10,Phở bò chín,47000,47,25000,5,2,3,delivery,09:15,50000,44000,0.4,Sinh viên,Phở,Phường Phước Long
L04039,R032,2026-06-10,Cơm sườn đậu hũ,38000,44,21000,5,2,3,delivery,13:30,42000,34000,0.4,Trung tâm,Cơm văn phòng,Phường Cầu Ông Lãnh
L04040,R033,2026-06-10,Cơm tấm đặc biệt,30000,49,15000,1,0,1,pickup,13:30,0,0,0.0,Dân cư đông,Cơm tấm,Phường Tân Hòa
L04041,R033,2026-06-10,Cơm tấm sườn nướng,37000,42,21000,1,0,1,pickup,13:15,0,0,0.0,Dân cư đông,Cơm tấm,Phường Tân Hòa
L04042,R033,2026-06-10,Cơm tấm sườn bì chả,41000,49,21000,1,0,1,pickup,13:00,0,0,0.0,Dân cư đông,Cơm tấm,Phường Tân Hòa
L04043,R033,2026-06-10,Cơm tấm bì,49000,42,28000,1,0,1,pickup,13:30,0,0,0.0,Dân cư đông,Cơm tấm,Phường Tân Hòa
L04044,R033,2026-06-10,Cơm tấm sườn trứng,42000,45,23000,1,0,1,pickup,13:30,0,0,0.0,Dân cư đông,Cơm tấm,Phường Tân Hòa
L04045,R034,2026-06-10,Bún bò gân,39000,31,27000,6,2,4,delivery,18:00,54000,24000,0.333,Ngoại ô,Bún bò,Xã Bình Chánh
L04046,R034,2026-06-10,Bún bò Huế đặc biệt,56000,30,39000,7,2,5,pickup,18:30,78000,34000,0.286,Ngoại ô,Bún bò,Xã Bình Chánh
L04047,R035,2026-06-10,Bánh mì thịt nguội,25000,55,11000,1,0,1,delivery,12:15,0,0,0.0,Dân cư đông,Bánh mì,Phường Tân Sơn Nhất
L04048,R035,2026-06-10,Bánh mì chả lụa,25000,55,11000,1,0,1,delivery,12:15,0,0,0.0,Dân cư đông,Bánh mì,Phường Tân Sơn Nhất
L04049,R035,2026-06-10,Bánh mì trứng,21000,58,9000,1,0,1,delivery,12:30,0,0,0.0,Dân cư đông,Bánh mì,Phường Tân Sơn Nhất
L04050,R035,2026-06-10,Bánh mì gà,20000,60,8000,1,0,1,delivery,12:45,0,0,0.0,Dân cư đông,Bánh mì,Phường Tân Sơn Nhất
L04051,R035,2026-06-10,Bánh mì xíu mại,24000,57,10000,1,0,1,delivery,12:15,0,0,0.0,Dân cư đông,Bánh mì,Phường Tân Sơn Nhất
L04052,R036,2026-06-10,Bún bò giò heo,50000,41,30000,5,3,2,pickup,14:30,90000,60000,0.6,Sinh viên,Bún bò,Phường Phước Long
L04053,R036,2026-06-10,Bún bò viên,45000,37,28000,3,1,2,pickup,14:15,28000,17000,0.333,Sinh viên,Bún bò,Phường Phước Long
L04054,R036,2026-06-10,Bún bò Huế đặc biệt,42000,31,29000,4,2,2,delivery,14:45,58000,26000,0.5,Sinh viên,Bún bò,Phường Phước Long
L04055,R037,2026-06-10,Bún bò viên,53000,39,32000,8,3,5,delivery,15:45,96000,63000,0.375,Trung tâm,Bún bò,Phường Tân Định
L04056,R038,2026-06-10,Bún bò Huế đặc biệt,36000,49,18000,2,1,1,pickup,17:00,18000,18000,0.5,Công nhân,Bún bò,Phường Thuận Giao
L04057,R038,2026-06-10,Bún bò gân,51000,44,29000,1,0,1,pickup,17:30,0,0,0.0,Công nhân,Bún bò,Phường Thuận Giao
L04058,R039,2026-06-10,Bún riêu cua mọc,42000,57,18000,22,16,6,delivery,09:45,288000,384000,0.727,Công nhân,Bún riêu,Phường Đông Hòa
L04059,R040,2026-06-10,Bún bò viên,44000,58,18000,1,0,1,pickup,14:45,0,0,0.0,Sinh viên,Bún bò,Phường Bình Trưng
L04060,R041,2026-06-10,Phở bò tái,41000,45,23000,2,1,1,delivery,15:15,23000,18000,0.5,Công nhân,Phở,Phường Tân Khánh
L04061,R041,2026-06-10,Phở bò chín,39000,45,21000,3,1,2,delivery,15:30,21000,18000,0.333,Công nhân,Phở,Phường Tân Khánh
L04062,R042,2026-06-10,Cơm tấm sườn bì chả,31000,56,14000,3,2,1,pickup,11:45,28000,34000,0.667,Trung tâm,Cơm tấm,Phường Tân Định
L04063,R042,2026-06-10,Cơm tấm sườn nướng,40000,54,18000,2,1,1,pickup,11:00,18000,22000,0.5,Trung tâm,Cơm tấm,Phường Tân Định
L04064,R042,2026-06-10,Cơm tấm đặc biệt,35000,60,14000,2,1,1,delivery,11:00,14000,21000,0.5,Trung tâm,Cơm tấm,Phường Tân Định
L04065,R043,2026-06-10,Cơm thịt kho trứng,34000,56,15000,3,2,1,pickup,16:15,30000,38000,0.667,Dân cư đông,Cơm văn phòng,Phường Bảy Hiền
L04066,R043,2026-06-10,Cơm sườn đậu hũ,45000,56,20000,2,1,1,pickup,16:30,20000,25000,0.5,Dân cư đông,Cơm văn phòng,Phường Bảy Hiền
L04067,R043,2026-06-10,Cơm canh chua,33000,60,13000,2,1,1,pickup,16:15,13000,20000,0.5,Dân cư đông,Cơm văn phòng,Phường Bảy Hiền
L04068,R043,2026-06-10,Cơm gà luộc,45000,55,20000,2,1,1,pickup,16:00,20000,25000,0.5,Dân cư đông,Cơm văn phòng,Phường Bảy Hiền
L04069,R043,2026-06-10,Cơm gà xối mỡ,29000,59,12000,3,2,1,pickup,16:45,24000,34000,0.667,Dân cư đông,Cơm văn phòng,Phường Bảy Hiền
L04070,R044,2026-06-10,Hủ tiếu mì,53000,48,28000,3,2,1,delivery,13:00,56000,50000,0.667,Sinh viên,Hủ tiếu,Phường Tam Bình
L04071,R044,2026-06-10,Hủ tiếu bò kho,41000,46,22000,2,1,1,delivery,13:15,22000,19000,0.5,Sinh viên,Hủ tiếu,Phường Tam Bình
L04072,R044,2026-06-10,Hủ tiếu sa tế,55000,46,30000,3,2,1,delivery,13:45,60000,50000,0.667,Sinh viên,Hủ tiếu,Phường Tam Bình
L04073,R045,2026-06-10,Bún bò thập cẩm,56000,36,36000,4,1,3,delivery,17:30,36000,20000,0.25,Công nhân,Bún bò,Phường Thuận An
L04074,R045,2026-06-10,Bún bò gân,44000,38,27000,3,1,2,delivery,17:00,27000,17000,0.333,Công nhân,Bún bò,Phường Thuận An
L04075,R045,2026-06-10,Bún bò Huế đặc biệt,41000,38,25000,4,2,2,delivery,17:00,50000,32000,0.5,Công nhân,Bún bò,Phường Thuận An
L04076,R046,2026-06-10,Bánh mì trứng,29000,57,12000,3,2,1,pickup,13:45,24000,34000,0.667,Sinh viên,Bánh mì,Phường Cát Lái
L04077,R046,2026-06-10,Bánh mì chả lụa,19000,59,8000,2,1,1,pickup,13:00,8000,11000,0.5,Sinh viên,Bánh mì,Phường Cát Lái
L04078,R046,2026-06-10,Bánh mì thịt nguội,22000,58,9000,2,1,1,pickup,13:00,9000,13000,0.5,Sinh viên,Bánh mì,Phường Cát Lái
L04079,R046,2026-06-10,Bánh mì xíu mại,34000,53,16000,3,2,1,pickup,13:45,32000,36000,0.667,Sinh viên,Bánh mì,Phường Cát Lái
L04080,R046,2026-06-10,Bánh mì gà,27000,51,13000,3,2,1,pickup,13:00,26000,28000,0.667,Sinh viên,Bánh mì,Phường Cát Lái
L04081,R047,2026-06-10,Bún bò gân,45000,46,24000,24,17,7,delivery,17:00,408000,357000,0.708,Công nhân,Bún bò,Phường Tân Khánh
L04082,R048,2026-06-10,Bánh mì trứng,18000,52,9000,3,2,1,delivery,18:00,18000,18000,0.667,Công nhân,Bánh mì,Phường An Phú
L04083,R048,2026-06-10,Bánh mì gà,18000,55,8000,4,3,1,pickup,18:30,24000,30000,0.75,Công nhân,Bánh mì,Phường An Phú
L04084,R049,2026-06-10,Phở bò tái nạm,47000,39,29000,1,0,1,delivery,12:15,0,0,0.0,Sinh viên,Phở,Phường Thủ Đức
L04085,R049,2026-06-10,Phở bò tái,40000,43,23000,1,0,1,pickup,12:45,0,0,0.0,Sinh viên,Phở,Phường Thủ Đức
L04086,R049,2026-06-10,Phở bò viên,46000,44,26000,1,0,1,pickup,12:00,0,0,0.0,Sinh viên,Phở,Phường Thủ Đức
L04087,R049,2026-06-10,Phở bò chín,49000,36,31000,1,0,1,pickup,12:30,0,0,0.0,Sinh viên,Phở,Phường Thủ Đức
L04088,R050,2026-06-10,Bánh mì chả lụa,21000,40,13000,1,0,1,pickup,17:45,0,0,0.0,Ngoại ô,Bánh mì,Xã Hưng Long
L04089,R051,2026-06-10,Hủ tiếu mì,54000,52,26000,4,2,2,delivery,13:45,52000,56000,0.5,Dân cư đông,Hủ tiếu,Phường Hạnh Thông
L04090,R052,2026-06-10,Cơm tấm sườn trứng,41000,41,24000,4,3,1,delivery,18:30,72000,51000,0.75,Dân cư đông,Cơm tấm,Phường Xóm Chiếu
L04091,R052,2026-06-10,Cơm tấm đặc biệt,36000,41,21000,3,2,1,delivery,18:00,42000,30000,0.667,Dân cư đông,Cơm tấm,Phường Xóm Chiếu
L04092,R052,2026-06-10,Cơm tấm sườn bì chả,37000,34,24000,3,1,2,delivery,18:00,24000,13000,0.333,Dân cư đông,Cơm tấm,Phường Xóm Chiếu
L04093,R053,2026-06-10,Bánh mì trứng,18000,60,7000,4,3,1,pickup,17:30,21000,33000,0.75,Dân cư đông,Bánh mì,Phường Gia Định
L04094,R053,2026-06-10,Bánh mì thịt nguội,21000,55,9000,3,2,1,delivery,17:30,18000,24000,0.667,Dân cư đông,Bánh mì,Phường Gia Định
L04095,R053,2026-06-10,Bánh mì chả lụa,27000,57,12000,3,2,1,pickup,17:45,24000,30000,0.667,Dân cư đông,Bánh mì,Phường Gia Định
L04096,R053,2026-06-10,Bánh mì gà,18000,60,7000,3,2,1,delivery,17:30,14000,22000,0.667,Dân cư đông,Bánh mì,Phường Gia Định
L04097,R053,2026-06-10,Bánh mì xíu mại,21000,58,9000,3,2,1,pickup,17:15,18000,24000,0.667,Dân cư đông,Bánh mì,Phường Gia Định
L04098,R054,2026-06-10,Bánh mì thịt nguội,26000,57,11000,3,1,2,delivery,11:30,11000,15000,0.333,Công nhân,Bánh mì,Phường Bình Hòa
L04099,R054,2026-06-10,Bánh mì gà,27000,53,13000,4,2,2,pickup,11:00,26000,28000,0.5,Công nhân,Bánh mì,Phường Bình Hòa
L04100,R054,2026-06-10,Bánh mì chả lụa,29000,59,12000,4,3,1,delivery,11:00,36000,51000,0.75,Công nhân,Bánh mì,Phường Bình Hòa
L04101,R054,2026-06-10,Bánh mì xíu mại,22000,54,10000,4,3,1,pickup,11:00,30000,36000,0.75,Công nhân,Bánh mì,Phường Bình Hòa
L04102,R055,2026-06-10,Cơm tấm sườn nướng,32000,60,13000,2,1,1,delivery,12:30,13000,19000,0.5,Dân cư đông,Cơm tấm,Phường Thông Tây Hội
L04103,R055,2026-06-10,Cơm tấm sườn bì chả,35000,60,14000,1,0,1,delivery,12:15,0,0,0.0,Dân cư đông,Cơm tấm,Phường Thông Tây Hội
L04104,R055,2026-06-10,Cơm tấm đặc biệt,39000,58,16000,1,0,1,delivery,12:00,0,0,0.0,Dân cư đông,Cơm tấm,Phường Thông Tây Hội
L04105,R055,2026-06-10,Cơm tấm bì,40000,55,18000,1,0,1,delivery,12:30,0,0,0.0,Dân cư đông,Cơm tấm,Phường Thông Tây Hội
L04106,R055,2026-06-10,Cơm tấm sườn trứng,42000,60,17000,1,0,1,pickup,12:00,0,0,0.0,Dân cư đông,Cơm tấm,Phường Thông Tây Hội
L04107,R056,2026-06-10,Hủ tiếu sa tế,45000,34,30000,4,1,3,pickup,17:30,30000,15000,0.25,Trung tâm,Hủ tiếu,Phường Nhiêu Lộc
L04108,R056,2026-06-10,Hủ tiếu mì,41000,36,26000,3,1,2,pickup,17:15,26000,15000,0.333,Trung tâm,Hủ tiếu,Phường Nhiêu Lộc
L04109,R057,2026-06-10,Bún bò gân,42000,54,19000,1,0,1,pickup,18:45,0,0,0.0,Sinh viên,Bún bò,Phường Bình Trưng
L04110,R057,2026-06-10,Bún bò viên,48000,50,24000,1,0,1,pickup,18:00,0,0,0.0,Sinh viên,Bún bò,Phường Bình Trưng
L04111,R058,2026-06-10,Bánh mì trứng,22000,30,15000,1,0,1,pickup,19:30,0,0,0.0,Trung tâm,Bánh mì,Phường Cầu Kiệu
L04112,R058,2026-06-10,Bánh mì xíu mại,31000,36,20000,1,0,1,pickup,19:15,0,0,0.0,Trung tâm,Bánh mì,Phường Cầu Kiệu
L04113,R058,2026-06-10,Bánh mì chả lụa,18000,30,13000,1,0,1,pickup,19:00,0,0,0.0,Trung tâm,Bánh mì,Phường Cầu Kiệu
L04114,R058,2026-06-10,Bánh mì thịt nguội,21000,32,14000,1,0,1,pickup,19:30,0,0,0.0,Trung tâm,Bánh mì,Phường Cầu Kiệu
L04115,R059,2026-06-10,Cơm tấm sườn trứng,49000,30,34000,1,0,1,pickup,14:45,0,0,0.0,Sinh viên,Cơm tấm,Phường Tam Bình
L04116,R059,2026-06-10,Cơm tấm sườn nướng,30000,30,21000,2,0,2,pickup,14:00,0,0,0.0,Sinh viên,Cơm tấm,Phường Tam Bình
L04117,R060,2026-06-10,Phở gà,50000,60,20000,2,1,1,pickup,10:30,20000,30000,0.5,Công nhân,Phở,Phường Tân Đông Hiệp
L04118,R061,2026-06-10,Cơm tấm sườn trứng,32000,49,16000,3,1,2,delivery,15:15,16000,16000,0.333,Sinh viên,Cơm tấm,Phường Tam Bình
L04119,R061,2026-06-10,Cơm tấm bì,47000,43,27000,4,2,2,delivery,15:00,54000,40000,0.5,Sinh viên,Cơm tấm,Phường Tam Bình
L04120,R062,2026-06-10,Phở bò viên,44000,30,31000,1,0,1,delivery,10:45,0,0,0.0,Dân cư đông,Phở,Phường Hạnh Thông
L04121,R062,2026-06-10,Phở bò chín,53000,35,34000,1,0,1,delivery,10:00,0,0,0.0,Dân cư đông,Phở,Phường Hạnh Thông
L04122,R062,2026-06-10,Phở bò tái,45000,34,30000,1,0,1,delivery,10:15,0,0,0.0,Dân cư đông,Phở,Phường Hạnh Thông
L04123,R062,2026-06-10,Phở bò tái nạm,49000,30,34000,1,0,1,delivery,10:45,0,0,0.0,Dân cư đông,Phở,Phường Hạnh Thông
L04124,R062,2026-06-10,Phở gà,46000,33,31000,1,0,1,delivery,10:45,0,0,0.0,Dân cư đông,Phở,Phường Hạnh Thông
L04125,R063,2026-06-10,Hủ tiếu sa tế,49000,46,26000,4,2,2,delivery,19:45,52000,46000,0.5,Công nhân,Hủ tiếu,Phường Thuận Giao
L04126,R063,2026-06-10,Hủ tiếu bò kho,45000,40,27000,3,1,2,delivery,19:45,27000,18000,0.333,Công nhân,Hủ tiếu,Phường Thuận Giao
L04127,R063,2026-06-10,Hủ tiếu mì,54000,38,33000,4,2,2,delivery,19:45,66000,42000,0.5,Công nhân,Hủ tiếu,Phường Thuận Giao
L04128,R064,2026-06-10,Bún bò gân,39000,41,23000,3,2,1,delivery,10:45,46000,32000,0.667,Sinh viên,Bún bò,Phường Tăng Nhơn Phú
L04129,R064,2026-06-10,Bún bò thập cẩm,58000,48,30000,2,1,1,delivery,10:45,30000,28000,0.5,Sinh viên,Bún bò,Phường Tăng Nhơn Phú
L04130,R064,2026-06-10,Bún bò giò heo,50000,44,28000,3,1,2,delivery,10:45,28000,22000,0.333,Sinh viên,Bún bò,Phường Tăng Nhơn Phú
L04131,R065,2026-06-10,Cơm tấm bì,41000,58,17000,2,1,1,pickup,19:00,17000,24000,0.5,Công nhân,Cơm tấm,Phường Đông Hòa
L04132,R065,2026-06-10,Cơm tấm sườn bì chả,41000,48,21000,2,1,1,pickup,19:15,21000,20000,0.5,Công nhân,Cơm tấm,Phường Đông Hòa
L04133,R065,2026-06-10,Cơm tấm sườn nướng,50000,55,22000,2,1,1,pickup,19:15,22000,28000,0.5,Công nhân,Cơm tấm,Phường Đông Hòa
L04134,R066,2026-06-10,Cơm canh chua,39000,60,16000,4,3,1,pickup,09:30,48000,69000,0.75,Sinh viên,Cơm văn phòng,Phường An Khánh
L04135,R066,2026-06-10,Cơm thịt kho trứng,36000,59,15000,4,3,1,pickup,09:15,45000,63000,0.75,Sinh viên,Cơm văn phòng,Phường An Khánh
L04136,R066,2026-06-10,Cơm gà luộc,32000,60,13000,5,3,2,pickup,09:45,39000,57000,0.6,Sinh viên,Cơm văn phòng,Phường An Khánh
L04137,R067,2026-06-10,Cơm gà xối mỡ,41000,48,21000,1,0,1,delivery,19:45,0,0,0.0,Dân cư đông,Cơm văn phòng,Phường An Hội Đông
L04138,R067,2026-06-10,Cơm sườn đậu hũ,39000,50,20000,1,0,1,delivery,19:30,0,0,0.0,Dân cư đông,Cơm văn phòng,Phường An Hội Đông
L04139,R067,2026-06-10,Cơm canh chua,30000,44,17000,1,0,1,delivery,19:45,0,0,0.0,Dân cư đông,Cơm văn phòng,Phường An Hội Đông
L04140,R067,2026-06-10,Cơm thịt kho trứng,38000,46,21000,1,0,1,pickup,19:15,0,0,0.0,Dân cư đông,Cơm văn phòng,Phường An Hội Đông
L04141,R067,2026-06-10,Cơm gà luộc,45000,49,23000,1,0,1,pickup,19:15,0,0,0.0,Dân cư đông,Cơm văn phòng,Phường An Hội Đông
L04142,R068,2026-06-10,Bún riêu thập cẩm,35000,30,24000,1,0,1,delivery,19:30,0,0,0.0,Trung tâm,Bún riêu,Phường Xuân Hòa
L04143,R068,2026-06-10,Bún riêu cua,50000,37,32000,1,0,1,delivery,19:15,0,0,0.0,Trung tâm,Bún riêu,Phường Xuân Hòa
L04144,R068,2026-06-10,Bún riêu cua mọc,37000,38,23000,1,0,1,delivery,19:15,0,0,0.0,Trung tâm,Bún riêu,Phường Xuân Hòa
L04145,R069,2026-06-10,Bánh mì thịt nguội,23000,42,13000,1,0,1,delivery,20:45,0,0,0.0,Ngoại ô,Bánh mì,Xã Xuân Thới Sơn
L04146,R069,2026-06-10,Bánh mì xíu mại,30000,52,14000,1,0,1,pickup,20:15,0,0,0.0,Ngoại ô,Bánh mì,Xã Xuân Thới Sơn
L04147,R069,2026-06-10,Bánh mì chả lụa,30000,43,17000,1,0,1,delivery,20:30,0,0,0.0,Ngoại ô,Bánh mì,Xã Xuân Thới Sơn
L04148,R070,2026-06-10,Hủ tiếu bò kho,46000,54,21000,1,0,1,delivery,19:15,0,0,0.0,Dân cư đông,Hủ tiếu,Phường Gò Vấp
L04149,R070,2026-06-10,Hủ tiếu sa tế,57000,60,23000,1,0,1,delivery,19:00,0,0,0.0,Dân cư đông,Hủ tiếu,Phường Gò Vấp
L04150,R070,2026-06-10,Hủ tiếu mì,57000,60,23000,1,0,1,delivery,19:30,0,0,0.0,Dân cư đông,Hủ tiếu,Phường Gò Vấp
L04151,R070,2026-06-10,Hủ tiếu Nam Vang,41000,54,19000,1,0,1,pickup,19:45,0,0,0.0,Dân cư đông,Hủ tiếu,Phường Gò Vấp
L04152,R071,2026-06-10,Cơm tấm bì,45000,39,27000,4,1,3,pickup,11:30,27000,18000,0.25,Sinh viên,Cơm tấm,Phường Bình Trưng
L04153,R071,2026-06-10,Cơm tấm đặc biệt,45000,33,30000,3,0,3,pickup,11:30,0,0,0.0,Sinh viên,Cơm tấm,Phường Bình Trưng
L04154,R071,2026-06-10,Cơm tấm sườn nướng,33000,37,21000,3,1,2,pickup,11:45,21000,12000,0.333,Sinh viên,Cơm tấm,Phường Bình Trưng
L04155,R071,2026-06-10,Cơm tấm sườn trứng,41000,38,25000,3,1,2,pickup,11:45,25000,16000,0.333,Sinh viên,Cơm tấm,Phường Bình Trưng
L04156,R071,2026-06-10,Cơm tấm sườn bì chả,33000,36,21000,3,1,2,delivery,11:30,21000,12000,0.333,Sinh viên,Cơm tấm,Phường Bình Trưng
L04157,R072,2026-06-10,Cơm gà xối mỡ,35000,50,18000,5,3,2,delivery,14:45,54000,51000,0.6,Trung tâm,Cơm văn phòng,Phường Bến Thành
L04158,R072,2026-06-10,Cơm thịt kho trứng,46000,58,19000,5,4,1,delivery,14:45,76000,108000,0.8,Trung tâm,Cơm văn phòng,Phường Bến Thành
L04159,R073,2026-06-10,Bánh mì gà,30000,40,18000,2,1,1,pickup,16:45,18000,12000,0.5,Dân cư đông,Bánh mì,Phường Vĩnh Hội
L04160,R073,2026-06-10,Bánh mì trứng,25000,45,14000,2,1,1,delivery,16:15,14000,11000,0.5,Dân cư đông,Bánh mì,Phường Vĩnh Hội
L04161,R074,2026-06-10,Cơm thịt kho trứng,44000,31,30000,2,0,2,pickup,17:45,0,0,0.0,Dân cư đông,Cơm văn phòng,Phường Bình Lợi Trung
L04162,R074,2026-06-10,Cơm gà luộc,29000,30,20000,2,1,1,pickup,17:00,20000,9000,0.5,Dân cư đông,Cơm văn phòng,Phường Bình Lợi Trung
L04163,R074,2026-06-10,Cơm sườn đậu hũ,38000,30,27000,2,0,2,pickup,17:00,0,0,0.0,Dân cư đông,Cơm văn phòng,Phường Bình Lợi Trung
L04164,R074,2026-06-10,Cơm canh chua,35000,32,24000,2,0,2,pickup,17:00,0,0,0.0,Dân cư đông,Cơm văn phòng,Phường Bình Lợi Trung
L04165,R074,2026-06-10,Cơm gà xối mỡ,35000,30,24000,2,1,1,pickup,17:00,24000,11000,0.5,Dân cư đông,Cơm văn phòng,Phường Bình Lợi Trung
L04166,R075,2026-06-10,Cơm tấm sườn trứng,40000,48,21000,3,1,2,delivery,15:45,21000,19000,0.333,Dân cư đông,Cơm tấm,Phường Vĩnh Hội
L04167,R075,2026-06-10,Cơm tấm sườn bì chả,42000,46,23000,4,3,1,delivery,15:15,69000,57000,0.75,Dân cư đông,Cơm tấm,Phường Vĩnh Hội
L04168,R075,2026-06-10,Cơm tấm đặc biệt,35000,47,19000,3,1,2,pickup,15:00,19000,16000,0.333,Dân cư đông,Cơm tấm,Phường Vĩnh Hội
L04169,R076,2026-06-10,Phở bò tái,60000,41,35000,6,4,2,pickup,12:00,140000,100000,0.667,Dân cư đông,Phở,Phường An Nhơn
L04170,R076,2026-06-10,Phở bò tái nạm,51000,39,31000,6,3,3,pickup,12:00,93000,60000,0.5,Dân cư đông,Phở,Phường An Nhơn
L04171,R076,2026-06-10,Phở gà,49000,47,26000,5,3,2,pickup,12:45,78000,69000,0.6,Dân cư đông,Phở,Phường An Nhơn
L04172,R077,2026-06-10,Cơm tấm sườn trứng,33000,45,18000,2,1,1,delivery,14:30,18000,15000,0.5,Trung tâm,Cơm tấm,Phường Xuân Hòa
L04173,R077,2026-06-10,Cơm tấm đặc biệt,48000,49,24000,2,1,1,delivery,14:00,24000,24000,0.5,Trung tâm,Cơm tấm,Phường Xuân Hòa
L04174,R077,2026-06-10,Cơm tấm sườn nướng,41000,43,23000,2,1,1,delivery,14:00,23000,18000,0.5,Trung tâm,Cơm tấm,Phường Xuân Hòa
L04175,R078,2026-06-10,Bún riêu thập cẩm,49000,38,30000,2,0,2,pickup,13:00,0,0,0.0,Công nhân,Bún riêu,Phường Tân Đông Hiệp
L04176,R078,2026-06-10,Bún riêu cua,35000,34,23000,2,1,1,delivery,13:45,23000,12000,0.5,Công nhân,Bún riêu,Phường Tân Đông Hiệp
L04177,R078,2026-06-10,Bún riêu cua mọc,35000,38,22000,2,1,1,pickup,13:00,22000,13000,0.5,Công nhân,Bún riêu,Phường Tân Đông Hiệp
L04178,R078,2026-06-10,Bún riêu cua đồng,40000,42,23000,2,1,1,delivery,13:15,23000,17000,0.5,Công nhân,Bún riêu,Phường Tân Đông Hiệp
L04179,R079,2026-06-10,Cơm tấm đặc biệt,33000,47,17000,6,3,3,pickup,16:30,51000,48000,0.5,Sinh viên,Cơm tấm,Phường Bình Trưng
L04180,R080,2026-06-10,Cơm tấm bì,41000,44,23000,1,0,1,delivery,09:30,0,0,0.0,Dân cư đông,Cơm tấm,Phường An Hội Đông
L04181,R080,2026-06-10,Cơm tấm sườn nướng,28000,47,15000,1,0,1,delivery,09:30,0,0,0.0,Dân cư đông,Cơm tấm,Phường An Hội Đông
L04182,R080,2026-06-10,Cơm tấm đặc biệt,37000,41,22000,1,0,1,pickup,09:15,0,0,0.0,Dân cư đông,Cơm tấm,Phường An Hội Đông
L04183,R080,2026-06-10,Cơm tấm sườn bì chả,30000,51,15000,1,0,1,delivery,09:00,0,0,0.0,Dân cư đông,Cơm tấm,Phường An Hội Đông
L04184,R080,2026-06-10,Cơm tấm sườn trứng,37000,45,20000,2,1,1,delivery,09:30,20000,17000,0.5,Dân cư đông,Cơm tấm,Phường An Hội Đông
L04185,R081,2026-06-10,Bún riêu thập cẩm,47000,53,22000,3,2,1,pickup,09:00,44000,50000,0.667,Công nhân,Bún riêu,Phường Đông Hòa
L04186,R081,2026-06-10,Bún riêu cua đồng,48000,53,23000,4,2,2,pickup,09:45,46000,50000,0.5,Công nhân,Bún riêu,Phường Đông Hòa
L04187,R081,2026-06-10,Bún riêu cua mọc,36000,52,17000,4,3,1,pickup,09:30,51000,57000,0.75,Công nhân,Bún riêu,Phường Đông Hòa
L04188,R081,2026-06-10,Bún riêu cua,38000,54,17000,3,2,1,pickup,09:30,34000,42000,0.667,Công nhân,Bún riêu,Phường Đông Hòa
L04189,R082,2026-06-10,Hủ tiếu sa tế,54000,54,25000,8,7,1,delivery,19:45,175000,203000,0.875,Sinh viên,Hủ tiếu,Phường Tăng Nhơn Phú
L04190,R082,2026-06-10,Hủ tiếu bò kho,47000,56,21000,11,10,1,pickup,19:00,210000,260000,0.909,Sinh viên,Hủ tiếu,Phường Tăng Nhơn Phú
L04191,R083,2026-06-10,Cơm tấm sườn trứng,36000,32,24000,2,0,2,delivery,14:30,0,0,0.0,Trung tâm,Cơm tấm,Phường Sài Gòn
L04192,R083,2026-06-10,Cơm tấm sườn nướng,38000,33,25000,2,1,1,pickup,14:45,25000,13000,0.5,Trung tâm,Cơm tấm,Phường Sài Gòn
L04193,R083,2026-06-10,Cơm tấm sườn bì chả,29000,31,20000,2,0,2,pickup,14:00,0,0,0.0,Trung tâm,Cơm tấm,Phường Sài Gòn
L04194,R084,2026-06-10,Bún riêu thập cẩm,45000,40,27000,2,1,1,delivery,18:15,27000,18000,0.5,Sinh viên,Bún riêu,Phường Hiệp Bình
L04195,R085,2026-06-10,Bánh mì gà,26000,53,12000,19,17,2,pickup,20:15,204000,238000,0.895,Sinh viên,Bánh mì,Phường Tăng Nhơn Phú
L04196,R086,2026-06-10,Phở gà,58000,55,26000,1,0,1,delivery,10:15,0,0,0.0,Dân cư đông,Phở,Phường Tân Sơn Nhất
L04197,R086,2026-06-10,Phở bò tái nạm,60000,58,25000,1,0,1,delivery,10:00,0,0,0.0,Dân cư đông,Phở,Phường Tân Sơn Nhất
L04198,R086,2026-06-10,Phở bò viên,43000,50,22000,1,0,1,delivery,10:15,0,0,0.0,Dân cư đông,Phở,Phường Tân Sơn Nhất
L04199,R086,2026-06-10,Phở bò chín,59000,56,26000,1,0,1,delivery,10:45,0,0,0.0,Dân cư đông,Phở,Phường Tân Sơn Nhất
L04200,R086,2026-06-10,Phở bò tái,45000,54,21000,1,0,1,delivery,10:00,0,0,0.0,Dân cư đông,Phở,Phường Tân Sơn Nhất
L04201,R087,2026-06-10,Phở bò chín,45000,32,31000,15,5,10,pickup,13:45,155000,70000,0.333,Công nhân,Phở,Phường Thuận An
L04202,R087,2026-06-10,Phở bò tái,45000,31,31000,11,6,5,pickup,13:45,186000,84000,0.545,Công nhân,Phở,Phường Thuận An
L04203,R088,2026-06-10,Cơm tấm sườn bì chả,36000,60,14000,3,2,1,delivery,09:00,28000,44000,0.667,Dân cư đông,Cơm tấm,Phường Gò Vấp
L04204,R088,2026-06-10,Cơm tấm bì,36000,59,15000,3,2,1,pickup,09:45,30000,42000,0.667,Dân cư đông,Cơm tấm,Phường Gò Vấp
L04205,R088,2026-06-10,Cơm tấm sườn nướng,29000,57,12000,2,1,1,pickup,09:30,12000,17000,0.5,Dân cư đông,Cơm tấm,Phường Gò Vấp
L04206,R088,2026-06-10,Cơm tấm đặc biệt,32000,59,13000,3,2,1,delivery,09:45,26000,38000,0.667,Dân cư đông,Cơm tấm,Phường Gò Vấp
L04207,R088,2026-06-10,Cơm tấm sườn trứng,35000,56,15000,2,1,1,delivery,09:45,15000,20000,0.5,Dân cư đông,Cơm tấm,Phường Gò Vấp
L04208,R089,2026-06-10,Hủ tiếu thập cẩm,43000,34,28000,1,0,1,pickup,15:15,0,0,0.0,Công nhân,Hủ tiếu,Phường Đông Hòa
L04209,R089,2026-06-10,Hủ tiếu Nam Vang,43000,31,30000,1,0,1,delivery,15:00,0,0,0.0,Công nhân,Hủ tiếu,Phường Đông Hòa
L04210,R089,2026-06-10,Hủ tiếu bò kho,51000,34,34000,1,0,1,pickup,15:15,0,0,0.0,Công nhân,Hủ tiếu,Phường Đông Hòa
L04211,R089,2026-06-10,Hủ tiếu mì,41000,39,25000,1,0,1,delivery,15:15,0,0,0.0,Công nhân,Hủ tiếu,Phường Đông Hòa
L04212,R090,2026-06-10,Hủ tiếu Nam Vang,51000,37,32000,18,8,10,delivery,09:15,256000,152000,0.444,Sinh viên,Hủ tiếu,Phường Thủ Đức
L04213,R091,2026-06-10,Bánh mì trứng,26000,53,12000,2,1,1,pickup,12:00,12000,14000,0.5,Dân cư đông,Bánh mì,Phường Xóm Chiếu
L04214,R092,2026-06-10,Cơm tấm sườn trứng,35000,38,22000,3,0,3,delivery,17:45,0,0,0.0,Dân cư đông,Cơm tấm,Phường Gia Định
L04215,R092,2026-06-10,Cơm tấm sườn bì chả,42000,38,26000,2,0,2,delivery,17:15,0,0,0.0,Dân cư đông,Cơm tấm,Phường Gia Định
L04216,R092,2026-06-10,Cơm tấm sườn nướng,36000,39,22000,2,0,2,delivery,17:30,0,0,0.0,Dân cư đông,Cơm tấm,Phường Gia Định
L04217,R092,2026-06-10,Cơm tấm bì,35000,30,24000,3,1,2,pickup,17:00,24000,11000,0.333,Dân cư đông,Cơm tấm,Phường Gia Định
L04218,R092,2026-06-10,Cơm tấm đặc biệt,31000,36,20000,2,1,1,delivery,17:00,20000,11000,0.5,Dân cư đông,Cơm tấm,Phường Gia Định
L04219,R093,2026-06-10,Phở bò tái,46000,40,28000,5,3,2,pickup,09:15,84000,54000,0.6,Công nhân,Phở,Phường Tân Đông Hiệp
L04220,R093,2026-06-10,Phở bò viên,45000,33,30000,5,2,3,delivery,09:30,60000,30000,0.4,Công nhân,Phở,Phường Tân Đông Hiệp
L04221,R093,2026-06-10,Phở bò tái nạm,40000,33,27000,6,3,3,delivery,09:30,81000,39000,0.5,Công nhân,Phở,Phường Tân Đông Hiệp
L04222,R093,2026-06-10,Phở gà,43000,35,28000,6,3,3,delivery,09:15,84000,45000,0.5,Công nhân,Phở,Phường Tân Đông Hiệp
L04223,R094,2026-06-10,Hủ tiếu thập cẩm,42000,57,18000,10,8,2,delivery,12:30,144000,192000,0.8,Dân cư đông,Hủ tiếu,Phường Bình Lợi Trung
L04224,R095,2026-06-10,Cơm tấm sườn trứng,39000,60,16000,2,1,1,delivery,14:45,16000,23000,0.5,Công nhân,Cơm tấm,Phường Lái Thiêu
L04225,R095,2026-06-10,Cơm tấm sườn nướng,36000,60,14000,2,1,1,pickup,14:30,14000,22000,0.5,Công nhân,Cơm tấm,Phường Lái Thiêu
L04226,R095,2026-06-10,Cơm tấm sườn bì chả,27000,60,11000,2,1,1,pickup,14:15,11000,16000,0.5,Công nhân,Cơm tấm,Phường Lái Thiêu
L04227,R095,2026-06-10,Cơm tấm đặc biệt,37000,60,15000,2,1,1,delivery,14:45,15000,22000,0.5,Công nhân,Cơm tấm,Phường Lái Thiêu
L04228,R096,2026-06-10,Cơm sườn đậu hũ,31000,46,17000,9,6,3,pickup,14:45,102000,84000,0.667,Công nhân,Cơm văn phòng,Phường Lái Thiêu
L04229,R096,2026-06-10,Cơm gà luộc,37000,40,22000,11,6,5,pickup,14:30,132000,90000,0.545,Công nhân,Cơm văn phòng,Phường Lái Thiêu
L04230,R097,2026-06-10,Hủ tiếu sa tế,53000,53,25000,3,2,1,pickup,20:30,50000,56000,0.667,Công nhân,Hủ tiếu,Phường Tân Đông Hiệp
L04231,R097,2026-06-10,Hủ tiếu bò kho,47000,55,21000,2,1,1,delivery,20:30,21000,26000,0.5,Công nhân,Hủ tiếu,Phường Tân Đông Hiệp
L04232,R097,2026-06-10,Hủ tiếu thập cẩm,52000,48,27000,2,1,1,pickup,20:30,27000,25000,0.5,Công nhân,Hủ tiếu,Phường Tân Đông Hiệp
L04233,R098,2026-06-10,Bún riêu cua,38000,43,22000,2,1,1,delivery,16:15,22000,16000,0.5,Trung tâm,Bún riêu,Phường Xuân Hòa
L04234,R099,2026-06-10,Cơm gà luộc,28000,60,11000,1,0,1,pickup,09:30,0,0,0.0,Sinh viên,Cơm văn phòng,Phường An Khánh
L04235,R099,2026-06-10,Cơm thịt kho trứng,35000,60,14000,1,0,1,pickup,09:00,0,0,0.0,Sinh viên,Cơm văn phòng,Phường An Khánh
L04236,R099,2026-06-10,Cơm canh chua,45000,60,18000,1,0,1,pickup,09:00,0,0,0.0,Sinh viên,Cơm văn phòng,Phường An Khánh
L04237,R099,2026-06-10,Cơm sườn đậu hũ,44000,60,18000,1,0,1,pickup,09:15,0,0,0.0,Sinh viên,Cơm văn phòng,Phường An Khánh
L04238,R099,2026-06-10,Cơm gà xối mỡ,36000,59,15000,1,0,1,pickup,09:45,0,0,0.0,Sinh viên,Cơm văn phòng,Phường An Khánh
L04239,R100,2026-06-10,Hủ tiếu bò kho,38000,41,22000,2,1,1,pickup,15:15,22000,16000,0.5,Trung tâm,Hủ tiếu,Phường Tân Định
L04240,R100,2026-06-10,Hủ tiếu mì,52000,37,33000,3,1,2,pickup,15:45,33000,19000,0.333,Trung tâm,Hủ tiếu,Phường Tân Định
L04241,R101,2026-06-10,Phở gà,50000,32,34000,1,0,1,pickup,09:00,0,0,0.0,Công nhân,Phở,Phường Bình Hòa
L04242,R101,2026-06-10,Phở bò tái nạm,50000,35,32000,1,0,1,pickup,09:30,0,0,0.0,Công nhân,Phở,Phường Bình Hòa
L04243,R101,2026-06-10,Phở bò tái,47000,30,33000,1,0,1,pickup,09:15,0,0,0.0,Công nhân,Phở,Phường Bình Hòa
L04244,R102,2026-06-10,Bún bò gân,49000,49,25000,2,1,1,delivery,15:30,25000,24000,0.5,Sinh viên,Bún bò,Phường Thủ Đức
L04245,R102,2026-06-10,Bún bò giò heo,47000,56,21000,1,0,1,pickup,15:00,0,0,0.0,Sinh viên,Bún bò,Phường Thủ Đức
L04246,R102,2026-06-10,Bún bò Huế đặc biệt,47000,49,24000,2,1,1,delivery,15:00,24000,23000,0.5,Sinh viên,Bún bò,Phường Thủ Đức
L04247,R102,2026-06-10,Bún bò thập cẩm,57000,53,27000,2,1,1,delivery,15:15,27000,30000,0.5,Sinh viên,Bún bò,Phường Thủ Đức
L04248,R103,2026-06-10,Cơm sườn đậu hũ,36000,37,23000,6,2,4,pickup,11:45,46000,26000,0.333,Công nhân,Cơm văn phòng,Phường Đông Hòa
L04249,R103,2026-06-10,Cơm thịt kho trứng,29000,38,18000,6,3,3,pickup,11:30,54000,33000,0.5,Công nhân,Cơm văn phòng,Phường Đông Hòa
L04250,R103,2026-06-10,Cơm gà luộc,35000,31,24000,6,3,3,delivery,11:15,72000,33000,0.5,Công nhân,Cơm văn phòng,Phường Đông Hòa
L04251,R104,2026-06-10,Bánh mì thịt nguội,21000,52,10000,1,0,1,pickup,19:45,0,0,0.0,Dân cư đông,Bánh mì,Phường Thông Tây Hội
L04252,R104,2026-06-10,Bánh mì chả lụa,20000,49,10000,1,0,1,pickup,19:45,0,0,0.0,Dân cư đông,Bánh mì,Phường Thông Tây Hội
L04253,R104,2026-06-10,Bánh mì xíu mại,25000,51,12000,1,0,1,pickup,19:45,0,0,0.0,Dân cư đông,Bánh mì,Phường Thông Tây Hội
L04254,R104,2026-06-10,Bánh mì trứng,19000,47,10000,1,0,1,pickup,19:45,0,0,0.0,Dân cư đông,Bánh mì,Phường Thông Tây Hội
L04255,R104,2026-06-10,Bánh mì gà,20000,48,10000,1,0,1,pickup,19:15,0,0,0.0,Dân cư đông,Bánh mì,Phường Thông Tây Hội
L04256,R105,2026-06-10,Bánh mì thịt nguội,18000,31,12000,4,1,3,pickup,16:15,12000,6000,0.25,Sinh viên,Bánh mì,Phường Tam Bình
L04257,R105,2026-06-10,Bánh mì chả lụa,22000,33,15000,5,3,2,pickup,16:15,45000,21000,0.6,Sinh viên,Bánh mì,Phường Tam Bình
L04258,R106,2026-06-10,Phở bò tái nạm,48000,52,23000,6,4,2,pickup,11:45,92000,100000,0.667,Công nhân,Phở,Phường An Phú
L04259,R106,2026-06-10,Phở bò viên,55000,53,26000,7,4,3,pickup,11:00,104000,116000,0.571,Công nhân,Phở,Phường An Phú
L04260,R106,2026-06-10,Phở bò tái,44000,60,18000,6,4,2,pickup,11:45,72000,104000,0.667,Công nhân,Phở,Phường An Phú
L04261,R107,2026-06-10,Hủ tiếu bò kho,51000,38,32000,17,5,12,pickup,09:15,160000,95000,0.294,Dân cư đông,Hủ tiếu,Phường Gò Vấp
L04262,R108,2026-06-10,Cơm tấm sườn nướng,51000,53,24000,4,3,1,pickup,16:00,72000,81000,0.75,Sinh viên,Cơm tấm,Phường Thủ Đức
L04263,R108,2026-06-10,Cơm tấm đặc biệt,30000,50,15000,4,2,2,delivery,16:15,30000,30000,0.5,Sinh viên,Cơm tấm,Phường Thủ Đức
L04264,R108,2026-06-10,Cơm tấm sườn bì chả,45000,54,21000,3,2,1,pickup,16:00,42000,48000,0.667,Sinh viên,Cơm tấm,Phường Thủ Đức
L04265,R108,2026-06-10,Cơm tấm sườn trứng,31000,49,16000,4,2,2,delivery,16:15,32000,30000,0.5,Sinh viên,Cơm tấm,Phường Thủ Đức
L04266,R109,2026-06-10,Hủ tiếu Nam Vang,51000,60,20000,1,0,1,pickup,11:00,0,0,0.0,Trung tâm,Hủ tiếu,Phường Sài Gòn
L04267,R109,2026-06-10,Hủ tiếu sa tế,44000,59,18000,1,0,1,pickup,11:30,0,0,0.0,Trung tâm,Hủ tiếu,Phường Sài Gòn
L04268,R109,2026-06-10,Hủ tiếu bò kho,51000,53,24000,1,0,1,pickup,11:15,0,0,0.0,Trung tâm,Hủ tiếu,Phường Sài Gòn
L04269,R110,2026-06-10,Phở bò tái,57000,60,23000,3,2,1,pickup,10:15,46000,68000,0.667,Sinh viên,Phở,Phường Hiệp Bình
L04270,R110,2026-06-10,Phở bò viên,45000,60,18000,3,2,1,pickup,10:15,36000,54000,0.667,Sinh viên,Phở,Phường Hiệp Bình
L04271,R111,2026-06-10,Bánh mì gà,24000,50,12000,5,3,2,delivery,09:30,36000,36000,0.6,Sinh viên,Bánh mì,Phường Long Bình
L04272,R112,2026-06-10,Hủ tiếu sa tế,41000,54,19000,1,0,1,pickup,11:30,0,0,0.0,Dân cư đông,Hủ tiếu,Phường Gò Vấp
L04273,R112,2026-06-10,Hủ tiếu Nam Vang,46000,51,23000,1,0,1,delivery,11:30,0,0,0.0,Dân cư đông,Hủ tiếu,Phường Gò Vấp
L04274,R112,2026-06-10,Hủ tiếu bò kho,52000,53,24000,1,0,1,delivery,11:30,0,0,0.0,Dân cư đông,Hủ tiếu,Phường Gò Vấp
L04275,R112,2026-06-10,Hủ tiếu mì,44000,49,22000,1,0,1,delivery,11:45,0,0,0.0,Dân cư đông,Hủ tiếu,Phường Gò Vấp
L04276,R112,2026-06-10,Hủ tiếu thập cẩm,48000,53,23000,1,0,1,pickup,11:15,0,0,0.0,Dân cư đông,Hủ tiếu,Phường Gò Vấp
L04277,R113,2026-06-10,Bánh mì trứng,28000,43,16000,1,0,1,delivery,10:00,0,0,0.0,Dân cư đông,Bánh mì,Phường Tân Hòa
L04278,R113,2026-06-10,Bánh mì gà,21000,47,11000,1,0,1,delivery,10:30,0,0,0.0,Dân cư đông,Bánh mì,Phường Tân Hòa
L04279,R113,2026-06-10,Bánh mì xíu mại,30000,43,17000,1,0,1,delivery,10:30,0,0,0.0,Dân cư đông,Bánh mì,Phường Tân Hòa
L04280,R113,2026-06-10,Bánh mì chả lụa,24000,51,12000,1,0,1,delivery,10:00,0,0,0.0,Dân cư đông,Bánh mì,Phường Tân Hòa
L04281,R113,2026-06-10,Bánh mì thịt nguội,25000,53,12000,1,0,1,delivery,10:30,0,0,0.0,Dân cư đông,Bánh mì,Phường Tân Hòa
L04282,R114,2026-06-10,Cơm gà luộc,35000,45,19000,1,0,1,pickup,10:45,0,0,0.0,Công nhân,Cơm văn phòng,Phường Bình Hòa
L04283,R114,2026-06-10,Cơm gà xối mỡ,53000,37,33000,1,0,1,delivery,10:00,0,0,0.0,Công nhân,Cơm văn phòng,Phường Bình Hòa
L04284,R114,2026-06-10,Cơm sườn đậu hũ,39000,45,21000,1,0,1,pickup,10:15,0,0,0.0,Công nhân,Cơm văn phòng,Phường Bình Hòa
L04285,R114,2026-06-10,Cơm canh chua,37000,37,23000,2,1,1,pickup,10:30,23000,14000,0.5,Công nhân,Cơm văn phòng,Phường Bình Hòa
L04286,R115,2026-06-10,Cơm tấm sườn nướng,52000,45,29000,1,0,1,pickup,14:45,0,0,0.0,Dân cư đông,Cơm tấm,Phường Khánh Hội
L04287,R115,2026-06-10,Cơm tấm sườn bì chả,40000,45,22000,1,0,1,delivery,14:00,0,0,0.0,Dân cư đông,Cơm tấm,Phường Khánh Hội
L04288,R116,2026-06-10,Cơm canh chua,34000,43,19000,2,1,1,pickup,20:15,19000,15000,0.5,Dân cư đông,Cơm văn phòng,Phường Bình Lợi Trung
L04289,R116,2026-06-10,Cơm gà luộc,33000,36,21000,2,0,2,delivery,20:45,0,0,0.0,Dân cư đông,Cơm văn phòng,Phường Bình Lợi Trung
L04290,R117,2026-06-10,Bánh mì chả lụa,21000,44,12000,1,0,1,delivery,09:00,0,0,0.0,Sinh viên,Bánh mì,Phường Hiệp Bình
L04291,R117,2026-06-10,Bánh mì thịt nguội,21000,36,13000,1,0,1,delivery,09:00,0,0,0.0,Sinh viên,Bánh mì,Phường Hiệp Bình
L04292,R117,2026-06-10,Bánh mì gà,22000,43,13000,1,0,1,delivery,09:15,0,0,0.0,Sinh viên,Bánh mì,Phường Hiệp Bình
L04293,R118,2026-06-10,Bánh mì thịt nguội,21000,30,15000,3,1,2,pickup,10:00,15000,6000,0.333,Dân cư đông,Bánh mì,Phường Gò Vấp
L04294,R118,2026-06-10,Bánh mì trứng,25000,35,16000,3,1,2,pickup,10:45,16000,9000,0.333,Dân cư đông,Bánh mì,Phường Gò Vấp
L04295,R118,2026-06-10,Bánh mì chả lụa,28000,36,18000,4,1,3,pickup,10:00,18000,10000,0.25,Dân cư đông,Bánh mì,Phường Gò Vấp
L04296,R119,2026-06-10,Bún bò Huế đặc biệt,38000,55,17000,6,5,1,pickup,14:30,85000,105000,0.833,Công nhân,Bún bò,Phường Đông Hòa
L04297,R120,2026-06-10,Bún bò gân,49000,56,22000,2,1,1,pickup,11:30,22000,27000,0.5,Dân cư đông,Bún bò,Phường Hạnh Thông
L04298,R120,2026-06-10,Bún bò giò heo,39000,56,17000,1,0,1,pickup,11:00,0,0,0.0,Dân cư đông,Bún bò,Phường Hạnh Thông
L04299,R120,2026-06-10,Bún bò thập cẩm,53000,60,21000,1,0,1,pickup,11:45,0,0,0.0,Dân cư đông,Bún bò,Phường Hạnh Thông
L04300,R120,2026-06-10,Bún bò Huế đặc biệt,46000,58,19000,1,0,1,pickup,11:45,0,0,0.0,Dân cư đông,Bún bò,Phường Hạnh Thông
L04301,R120,2026-06-10,Bún bò viên,39000,59,16000,1,0,1,pickup,11:15,0,0,0.0,Dân cư đông,Bún bò,Phường Hạnh Thông
L04302,R121,2026-06-10,Cơm canh chua,36000,42,21000,1,0,1,pickup,12:15,0,0,0.0,Dân cư đông,Cơm văn phòng,Phường Gò Vấp
L04303,R121,2026-06-10,Cơm sườn đậu hũ,35000,37,22000,1,0,1,pickup,12:45,0,0,0.0,Dân cư đông,Cơm văn phòng,Phường Gò Vấp
L04304,R121,2026-06-10,Cơm thịt kho trứng,37000,37,23000,1,0,1,pickup,12:30,0,0,0.0,Dân cư đông,Cơm văn phòng,Phường Gò Vấp
L04305,R121,2026-06-10,Cơm gà luộc,31000,42,18000,1,0,1,pickup,12:00,0,0,0.0,Dân cư đông,Cơm văn phòng,Phường Gò Vấp
L04306,R121,2026-06-10,Cơm gà xối mỡ,34000,38,21000,1,0,1,pickup,12:45,0,0,0.0,Dân cư đông,Cơm văn phòng,Phường Gò Vấp
L04307,R122,2026-06-10,Bún riêu thập cẩm,39000,44,22000,6,3,3,pickup,09:15,66000,51000,0.5,Sinh viên,Bún riêu,Phường Linh Xuân
L04308,R123,2026-06-10,Cơm thịt kho trứng,41000,51,20000,11,8,3,delivery,16:15,160000,168000,0.727,Sinh viên,Cơm văn phòng,Phường Bình Trưng
L04309,R124,2026-06-10,Bún bò gân,61000,33,41000,2,1,1,delivery,15:45,41000,20000,0.5,Sinh viên,Bún bò,Phường Cát Lái
L04310,R124,2026-06-10,Bún bò viên,59000,30,41000,3,1,2,pickup,15:45,41000,18000,0.333,Sinh viên,Bún bò,Phường Cát Lái
L04311,R124,2026-06-10,Bún bò thập cẩm,61000,30,43000,2,1,1,pickup,15:15,43000,18000,0.5,Sinh viên,Bún bò,Phường Cát Lái
L04312,R124,2026-06-10,Bún bò giò heo,41000,32,28000,3,1,2,pickup,15:30,28000,13000,0.333,Sinh viên,Bún bò,Phường Cát Lái
L04313,R124,2026-06-10,Bún bò Huế đặc biệt,53000,37,33000,3,1,2,delivery,15:30,33000,20000,0.333,Sinh viên,Bún bò,Phường Cát Lái
L04314,R125,2026-06-10,Bánh mì chả lụa,24000,56,11000,2,1,1,delivery,15:15,11000,13000,0.5,Công nhân,Bánh mì,Phường Lái Thiêu
L04315,R125,2026-06-10,Bánh mì trứng,22000,54,10000,2,1,1,delivery,15:45,10000,12000,0.5,Công nhân,Bánh mì,Phường Lái Thiêu
L04316,R126,2026-06-10,Phở bò viên,38000,38,24000,3,1,2,delivery,11:15,24000,14000,0.333,Dân cư đông,Phở,Phường Gò Vấp
L04317,R126,2026-06-10,Phở bò tái nạm,39000,38,24000,2,1,1,delivery,11:00,24000,15000,0.5,Dân cư đông,Phở,Phường Gò Vấp
L04318,R126,2026-06-10,Phở bò tái,49000,33,33000,3,1,2,delivery,11:15,33000,16000,0.333,Dân cư đông,Phở,Phường Gò Vấp
L04319,R126,2026-06-10,Phở bò chín,56000,36,36000,2,0,2,delivery,11:15,0,0,0.0,Dân cư đông,Phở,Phường Gò Vấp
L04320,R126,2026-06-10,Phở gà,53000,40,32000,3,2,1,delivery,11:30,64000,42000,0.667,Dân cư đông,Phở,Phường Gò Vấp
L04321,R127,2026-06-10,Cơm canh chua,42000,39,26000,3,1,2,delivery,18:00,26000,16000,0.333,Dân cư đông,Cơm văn phòng,Phường Tân Sơn Nhất
L04322,R127,2026-06-10,Cơm thịt kho trứng,26000,37,16000,2,1,1,delivery,18:15,16000,10000,0.5,Dân cư đông,Cơm văn phòng,Phường Tân Sơn Nhất
L04323,R127,2026-06-10,Cơm gà luộc,47000,38,29000,2,0,2,delivery,18:30,0,0,0.0,Dân cư đông,Cơm văn phòng,Phường Tân Sơn Nhất
L04324,R127,2026-06-10,Cơm sườn đậu hũ,36000,37,23000,2,1,1,delivery,18:30,23000,13000,0.5,Dân cư đông,Cơm văn phòng,Phường Tân Sơn Nhất
L04325,R127,2026-06-10,Cơm gà xối mỡ,44000,37,28000,2,1,1,delivery,18:45,28000,16000,0.5,Dân cư đông,Cơm văn phòng,Phường Tân Sơn Nhất
L04326,R128,2026-06-10,Bánh mì gà,18000,30,13000,4,1,3,delivery,18:30,13000,5000,0.25,Trung tâm,Bánh mì,Phường Đức Nhuận
L04327,R128,2026-06-10,Bánh mì trứng,18000,38,11000,3,1,2,pickup,18:15,11000,7000,0.333,Trung tâm,Bánh mì,Phường Đức Nhuận
L04328,R129,2026-06-10,Phở bò tái nạm,56000,56,25000,2,1,1,pickup,11:00,25000,31000,0.5,Công nhân,Phở,Phường Dĩ An
L04329,R129,2026-06-10,Phở bò tái,47000,52,23000,2,1,1,pickup,11:15,23000,24000,0.5,Công nhân,Phở,Phường Dĩ An
L04330,R129,2026-06-10,Phở bò viên,40000,56,18000,2,1,1,pickup,11:00,18000,22000,0.5,Công nhân,Phở,Phường Dĩ An
L04331,R130,2026-06-10,Phở bò viên,38000,42,22000,3,2,1,delivery,10:15,44000,32000,0.667,Công nhân,Phở,Phường Lái Thiêu
L04332,R130,2026-06-10,Phở bò chín,54000,44,30000,3,2,1,delivery,10:15,60000,48000,0.667,Công nhân,Phở,Phường Lái Thiêu
L04333,R130,2026-06-10,Phở gà,44000,48,23000,3,2,1,delivery,10:45,46000,42000,0.667,Công nhân,Phở,Phường Lái Thiêu
L04334,R130,2026-06-10,Phở bò tái,46000,39,28000,3,0,3,delivery,10:45,0,0,0.0,Công nhân,Phở,Phường Lái Thiêu
L04335,R131,2026-06-10,Bún bò Huế đặc biệt,57000,53,27000,1,0,1,delivery,20:00,0,0,0.0,Sinh viên,Bún bò,Phường Phước Long
L04336,R131,2026-06-10,Bún bò giò heo,54000,54,25000,1,0,1,pickup,20:00,0,0,0.0,Sinh viên,Bún bò,Phường Phước Long
L04337,R131,2026-06-10,Bún bò thập cẩm,47000,56,21000,1,0,1,delivery,20:00,0,0,0.0,Sinh viên,Bún bò,Phường Phước Long
L04338,R131,2026-06-10,Bún bò viên,38000,51,19000,1,0,1,delivery,20:30,0,0,0.0,Sinh viên,Bún bò,Phường Phước Long
L04339,R132,2026-06-10,Cơm thịt kho trứng,35000,46,19000,3,1,2,pickup,09:45,19000,16000,0.333,Sinh viên,Cơm văn phòng,Phường Linh Xuân
L04340,R132,2026-06-10,Cơm gà xối mỡ,34000,46,18000,4,2,2,delivery,09:45,36000,32000,0.5,Sinh viên,Cơm văn phòng,Phường Linh Xuân
L04341,R132,2026-06-10,Cơm canh chua,40000,46,22000,3,1,2,pickup,09:30,22000,18000,0.333,Sinh viên,Cơm văn phòng,Phường Linh Xuân
L04342,R133,2026-06-10,Hủ tiếu bò kho,51000,34,34000,16,10,6,delivery,15:15,340000,170000,0.625,Sinh viên,Hủ tiếu,Phường Cát Lái
L04343,R134,2026-06-10,Cơm tấm bì,44000,30,31000,1,0,1,delivery,15:45,0,0,0.0,Dân cư đông,Cơm tấm,Phường An Nhơn
L04344,R134,2026-06-10,Cơm tấm đặc biệt,50000,30,35000,1,0,1,pickup,15:30,0,0,0.0,Dân cư đông,Cơm tấm,Phường An Nhơn
L04345,R134,2026-06-10,Cơm tấm sườn bì chả,40000,34,26000,1,0,1,pickup,15:15,0,0,0.0,Dân cư đông,Cơm tấm,Phường An Nhơn
L04346,R135,2026-06-10,Bún bò Huế đặc biệt,52000,49,27000,6,3,3,pickup,20:15,81000,75000,0.5,Sinh viên,Bún bò,Phường Cát Lái
L04347,R135,2026-06-10,Bún bò viên,56000,49,29000,6,3,3,pickup,20:15,87000,81000,0.5,Sinh viên,Bún bò,Phường Cát Lái
L04348,R135,2026-06-10,Bún bò giò heo,44000,47,23000,7,4,3,pickup,20:00,92000,84000,0.571,Sinh viên,Bún bò,Phường Cát Lái
L04349,R136,2026-06-10,Bún bò thập cẩm,55000,57,24000,6,5,1,delivery,10:15,120000,155000,0.833,Công nhân,Bún bò,Phường Đông Hòa
L04350,R136,2026-06-10,Bún bò Huế đặc biệt,51000,58,21000,6,4,2,pickup,10:30,84000,120000,0.667,Công nhân,Bún bò,Phường Đông Hòa
L04351,R136,2026-06-10,Bún bò giò heo,50000,60,20000,7,5,2,delivery,10:00,100000,150000,0.714,Công nhân,Bún bò,Phường Đông Hòa
L04352,R137,2026-06-10,Hủ tiếu mì,47000,50,24000,1,0,1,delivery,15:30,0,0,0.0,Dân cư đông,Hủ tiếu,Phường Tân Sơn Nhất
L04353,R137,2026-06-10,Hủ tiếu sa tế,52000,45,29000,1,0,1,delivery,15:45,0,0,0.0,Dân cư đông,Hủ tiếu,Phường Tân Sơn Nhất
L04354,R137,2026-06-10,Hủ tiếu Nam Vang,62000,50,31000,1,0,1,delivery,15:00,0,0,0.0,Dân cư đông,Hủ tiếu,Phường Tân Sơn Nhất
L04355,R137,2026-06-10,Hủ tiếu bò kho,41000,43,23000,1,0,1,delivery,15:15,0,0,0.0,Dân cư đông,Hủ tiếu,Phường Tân Sơn Nhất
L04356,R137,2026-06-10,Hủ tiếu thập cẩm,54000,50,27000,1,0,1,delivery,15:00,0,0,0.0,Dân cư đông,Hủ tiếu,Phường Tân Sơn Nhất
L04357,R138,2026-06-10,Cơm tấm bì,36000,60,14000,1,0,1,delivery,16:45,0,0,0.0,Công nhân,Cơm tấm,Phường Đông Hòa
L04358,R138,2026-06-10,Cơm tấm sườn trứng,35000,57,15000,1,0,1,delivery,16:15,0,0,0.0,Công nhân,Cơm tấm,Phường Đông Hòa
L04359,R138,2026-06-10,Cơm tấm sườn nướng,36000,60,14000,1,0,1,delivery,16:30,0,0,0.0,Công nhân,Cơm tấm,Phường Đông Hòa
L04360,R138,2026-06-10,Cơm tấm sườn bì chả,42000,56,18000,1,0,1,delivery,16:45,0,0,0.0,Công nhân,Cơm tấm,Phường Đông Hòa
L04361,R139,2026-06-10,Bánh mì trứng,24000,51,12000,3,2,1,delivery,09:30,24000,24000,0.667,Ngoại ô,Bánh mì,Xã Bà Điểm
L04362,R139,2026-06-10,Bánh mì gà,23000,52,11000,3,2,1,delivery,09:15,22000,24000,0.667,Ngoại ô,Bánh mì,Xã Bà Điểm
L04363,R139,2026-06-10,Bánh mì thịt nguội,25000,53,12000,3,2,1,delivery,09:45,24000,26000,0.667,Ngoại ô,Bánh mì,Xã Bà Điểm
L04364,R140,2026-06-10,Bún riêu cua đồng,42000,44,24000,6,3,3,pickup,17:00,72000,54000,0.5,Ngoại ô,Bún riêu,Xã Hiệp Phước
L04365,R140,2026-06-10,Bún riêu cua mọc,47000,42,27000,4,3,1,delivery,17:45,81000,60000,0.75,Ngoại ô,Bún riêu,Xã Hiệp Phước
L04366,R141,2026-06-10,Cơm gà xối mỡ,49000,32,33000,2,1,1,delivery,15:00,33000,16000,0.5,Sinh viên,Cơm văn phòng,Phường Long Bình
L04367,R141,2026-06-10,Cơm thịt kho trứng,36000,30,25000,3,1,2,delivery,15:30,25000,11000,0.333,Sinh viên,Cơm văn phòng,Phường Long Bình
L04368,R142,2026-06-10,Bún riêu cua mọc,33000,50,16000,6,3,3,pickup,11:00,48000,51000,0.5,Công nhân,Bún riêu,Phường Thuận An
L04369,R142,2026-06-10,Bún riêu cua đồng,42000,42,24000,4,2,2,pickup,11:30,48000,36000,0.5,Công nhân,Bún riêu,Phường Thuận An
L04370,R142,2026-06-10,Bún riêu cua,53000,49,27000,4,2,2,pickup,11:00,54000,52000,0.5,Công nhân,Bún riêu,Phường Thuận An
L04371,R142,2026-06-10,Bún riêu thập cẩm,43000,51,21000,5,3,2,pickup,11:00,63000,66000,0.6,Công nhân,Bún riêu,Phường Thuận An
L04372,R143,2026-06-10,Bánh mì trứng,19000,45,10000,2,1,1,delivery,16:15,10000,9000,0.5,Sinh viên,Bánh mì,Phường Cát Lái
L04373,R143,2026-06-10,Bánh mì xíu mại,23000,47,12000,2,1,1,pickup,16:45,12000,11000,0.5,Sinh viên,Bánh mì,Phường Cát Lái
L04374,R143,2026-06-10,Bánh mì chả lụa,23000,42,13000,2,1,1,pickup,16:15,13000,10000,0.5,Sinh viên,Bánh mì,Phường Cát Lái
L04375,R143,2026-06-10,Bánh mì gà,23000,50,12000,2,1,1,pickup,16:15,12000,11000,0.5,Sinh viên,Bánh mì,Phường Cát Lái
L04376,R144,2026-06-10,Bún bò giò heo,45000,60,18000,3,2,1,pickup,15:45,36000,54000,0.667,Sinh viên,Bún bò,Phường Phước Long
L04377,R144,2026-06-10,Bún bò viên,56000,56,25000,4,2,2,pickup,15:15,50000,62000,0.5,Sinh viên,Bún bò,Phường Phước Long
L04378,R144,2026-06-10,Bún bò Huế đặc biệt,41000,60,16000,3,2,1,pickup,15:45,32000,50000,0.667,Sinh viên,Bún bò,Phường Phước Long
L04379,R145,2026-06-10,Cơm tấm sườn nướng,50000,47,26000,1,0,1,pickup,19:15,0,0,0.0,Trung tâm,Cơm tấm,Phường Phú Nhuận
L04380,R145,2026-06-10,Cơm tấm đặc biệt,37000,41,22000,2,1,1,delivery,19:45,22000,15000,0.5,Trung tâm,Cơm tấm,Phường Phú Nhuận
L04381,R145,2026-06-10,Cơm tấm sườn trứng,37000,47,20000,2,1,1,delivery,19:45,20000,17000,0.5,Trung tâm,Cơm tấm,Phường Phú Nhuận
L04382,R145,2026-06-10,Cơm tấm sườn bì chả,27000,46,15000,1,0,1,pickup,19:00,0,0,0.0,Trung tâm,Cơm tấm,Phường Phú Nhuận
L04383,R146,2026-06-10,Bún bò Huế đặc biệt,61000,53,29000,3,2,1,delivery,16:15,58000,64000,0.667,Công nhân,Bún bò,Phường Tân Đông Hiệp
L04384,R146,2026-06-10,Bún bò giò heo,43000,54,20000,2,1,1,delivery,16:15,20000,23000,0.5,Công nhân,Bún bò,Phường Tân Đông Hiệp
L04385,R146,2026-06-10,Bún bò thập cẩm,48000,49,24000,2,1,1,delivery,16:15,24000,24000,0.5,Công nhân,Bún bò,Phường Tân Đông Hiệp
L04386,R147,2026-06-10,Phở bò chín,50000,31,34000,3,1,2,delivery,14:30,34000,16000,0.333,Công nhân,Phở,Phường Dĩ An
L04387,R147,2026-06-10,Phở bò tái,63000,30,44000,3,0,3,pickup,14:45,0,0,0.0,Công nhân,Phở,Phường Dĩ An
L04388,R148,2026-06-10,Bún bò Huế đặc biệt,46000,30,32000,3,1,2,delivery,17:00,32000,14000,0.333,Trung tâm,Bún bò,Phường Cầu Kiệu
L04389,R148,2026-06-10,Bún bò thập cẩm,42000,35,27000,3,1,2,delivery,17:00,27000,15000,0.333,Trung tâm,Bún bò,Phường Cầu Kiệu
L04390,R149,2026-06-10,Bún bò giò heo,52000,30,36000,15,9,6,delivery,13:30,324000,144000,0.6,Sinh viên,Bún bò,Phường An Khánh
L04391,R000,2026-06-11,Bún bò giò heo,36000,39,22000,7,4,3,pickup,18:30,88000,56000,0.571,Công nhân,Bún bò,Phường Đông Hòa
L04392,R000,2026-06-11,Bún bò viên,52000,36,33000,9,5,4,delivery,18:30,165000,95000,0.556,Công nhân,Bún bò,Phường Đông Hòa
L04393,R000,2026-06-11,Bún bò gân,49000,30,34000,9,3,6,delivery,18:30,102000,45000,0.333,Công nhân,Bún bò,Phường Đông Hòa
L04394,R001,2026-06-11,Cơm tấm đặc biệt,32000,45,18000,1,0,1,pickup,19:15,0,0,0.0,Ngoại ô,Cơm tấm,Xã Bình Chánh
L04395,R001,2026-06-11,Cơm tấm bì,37000,42,21000,1,0,1,pickup,19:30,0,0,0.0,Ngoại ô,Cơm tấm,Xã Bình Chánh
L04396,R001,2026-06-11,Cơm tấm sườn bì chả,32000,40,19000,1,0,1,pickup,19:15,0,0,0.0,Ngoại ô,Cơm tấm,Xã Bình Chánh
L04397,R002,2026-06-11,Hủ tiếu Nam Vang,49000,42,28000,3,1,2,delivery,20:45,28000,21000,0.333,Dân cư đông,Hủ tiếu,Phường An Nhơn
L04398,R002,2026-06-11,Hủ tiếu sa tế,57000,42,33000,3,2,1,delivery,20:30,66000,48000,0.667,Dân cư đông,Hủ tiếu,Phường An Nhơn
L04399,R002,2026-06-11,Hủ tiếu thập cẩm,49000,34,32000,3,1,2,delivery,20:45,32000,17000,0.333,Dân cư đông,Hủ tiếu,Phường An Nhơn
L04400,R002,2026-06-11,Hủ tiếu mì,47000,38,29000,3,1,2,delivery,20:15,29000,18000,0.333,Dân cư đông,Hủ tiếu,Phường An Nhơn
L04401,R002,2026-06-11,Hủ tiếu bò kho,38000,39,23000,3,1,2,pickup,20:30,23000,15000,0.333,Dân cư đông,Hủ tiếu,Phường An Nhơn
L04402,R003,2026-06-11,Phở bò tái,53000,55,24000,7,5,2,delivery,18:15,120000,145000,0.714,Công nhân,Phở,Phường Bình Hòa
L04403,R003,2026-06-11,Phở bò tái nạm,49000,59,20000,7,5,2,delivery,18:00,100000,145000,0.714,Công nhân,Phở,Phường Bình Hòa
L04404,R003,2026-06-11,Phở bò chín,44000,57,19000,6,4,2,delivery,18:45,76000,100000,0.667,Công nhân,Phở,Phường Bình Hòa
L04405,R003,2026-06-11,Phở gà,44000,53,21000,5,4,1,delivery,18:45,84000,92000,0.8,Công nhân,Phở,Phường Bình Hòa
L04406,R004,2026-06-11,Hủ tiếu sa tế,46000,48,24000,1,0,1,delivery,16:00,0,0,0.0,Sinh viên,Hủ tiếu,Phường Cát Lái
L04407,R004,2026-06-11,Hủ tiếu thập cẩm,44000,52,21000,1,0,1,delivery,16:00,0,0,0.0,Sinh viên,Hủ tiếu,Phường Cát Lái
L04408,R004,2026-06-11,Hủ tiếu bò kho,52000,51,25000,1,0,1,delivery,16:00,0,0,0.0,Sinh viên,Hủ tiếu,Phường Cát Lái
L04409,R004,2026-06-11,Hủ tiếu mì,46000,49,23000,1,0,1,delivery,16:00,0,0,0.0,Sinh viên,Hủ tiếu,Phường Cát Lái
L04410,R005,2026-06-11,Hủ tiếu bò kho,45000,57,19000,3,2,1,pickup,10:00,38000,52000,0.667,Sinh viên,Hủ tiếu,Phường Long Bình
L04411,R005,2026-06-11,Hủ tiếu sa tế,47000,55,21000,4,3,1,pickup,10:45,63000,78000,0.75,Sinh viên,Hủ tiếu,Phường Long Bình
L04412,R005,2026-06-11,Hủ tiếu thập cẩm,44000,54,20000,4,3,1,pickup,10:00,60000,72000,0.75,Sinh viên,Hủ tiếu,Phường Long Bình
L04413,R005,2026-06-11,Hủ tiếu Nam Vang,44000,52,21000,4,3,1,pickup,10:15,63000,69000,0.75,Sinh viên,Hủ tiếu,Phường Long Bình
L04414,R006,2026-06-11,Bún bò Huế đặc biệt,40000,39,24000,2,1,1,delivery,17:45,24000,16000,0.5,Trung tâm,Bún bò,Phường Nhiêu Lộc
L04415,R006,2026-06-11,Bún bò gân,51000,43,29000,2,1,1,delivery,17:30,29000,22000,0.5,Trung tâm,Bún bò,Phường Nhiêu Lộc
L04416,R006,2026-06-11,Bún bò viên,49000,46,26000,1,0,1,delivery,17:00,0,0,0.0,Trung tâm,Bún bò,Phường Nhiêu Lộc
L04417,R006,2026-06-11,Bún bò giò heo,41000,45,23000,1,0,1,delivery,17:15,0,0,0.0,Trung tâm,Bún bò,Phường Nhiêu Lộc
L04418,R007,2026-06-11,Phở bò tái,63000,38,39000,16,7,9,pickup,09:00,273000,168000,0.438,Dân cư đông,Phở,Phường An Hội Đông
L04419,R008,2026-06-11,Hủ tiếu thập cẩm,37000,47,20000,5,3,2,delivery,16:15,60000,51000,0.6,Công nhân,Hủ tiếu,Phường Thuận An
L04420,R008,2026-06-11,Hủ tiếu bò kho,52000,48,27000,5,3,2,delivery,16:15,81000,75000,0.6,Công nhân,Hủ tiếu,Phường Thuận An
L04421,R008,2026-06-11,Hủ tiếu mì,42000,48,22000,4,2,2,delivery,16:30,44000,40000,0.5,Công nhân,Hủ tiếu,Phường Thuận An
L04422,R009,2026-06-11,Cơm tấm đặc biệt,36000,58,15000,3,2,1,pickup,20:00,30000,42000,0.667,Dân cư đông,Cơm tấm,Phường Tân Bình
L04423,R009,2026-06-11,Cơm tấm sườn trứng,45000,48,23000,5,3,2,pickup,20:30,69000,66000,0.6,Dân cư đông,Cơm tấm,Phường Tân Bình
L04424,R009,2026-06-11,Cơm tấm sườn bì chả,43000,58,18000,4,3,1,pickup,20:45,54000,75000,0.75,Dân cư đông,Cơm tấm,Phường Tân Bình
L04425,R010,2026-06-11,Cơm tấm sườn nướng,41000,51,20000,1,0,1,delivery,19:15,0,0,0.0,Trung tâm,Cơm tấm,Phường Đức Nhuận
L04426,R010,2026-06-11,Cơm tấm đặc biệt,27000,51,13000,1,0,1,delivery,19:15,0,0,0.0,Trung tâm,Cơm tấm,Phường Đức Nhuận
L04427,R010,2026-06-11,Cơm tấm sườn trứng,29000,46,16000,1,0,1,pickup,19:45,0,0,0.0,Trung tâm,Cơm tấm,Phường Đức Nhuận
L04428,R011,2026-06-11,Bánh mì trứng,24000,30,17000,6,3,3,pickup,20:00,51000,21000,0.5,Ngoại ô,Bánh mì,Xã Hiệp Phước
L04429,R012,2026-06-11,Phở bò viên,50000,53,24000,2,1,1,delivery,20:45,24000,26000,0.5,Dân cư đông,Phở,Phường Khánh Hội
L04430,R012,2026-06-11,Phở bò chín,47000,57,20000,2,1,1,delivery,20:45,20000,27000,0.5,Dân cư đông,Phở,Phường Khánh Hội
L04431,R013,2026-06-11,Phở bò tái,49000,48,25000,3,2,1,delivery,12:00,50000,48000,0.667,Sinh viên,Phở,Phường Long Bình
L04432,R013,2026-06-11,Phở bò tái nạm,46000,46,25000,4,2,2,delivery,12:00,50000,42000,0.5,Sinh viên,Phở,Phường Long Bình
L04433,R013,2026-06-11,Phở bò viên,44000,50,22000,3,2,1,delivery,12:15,44000,44000,0.667,Sinh viên,Phở,Phường Long Bình
L04434,R013,2026-06-11,Phở bò chín,48000,50,24000,4,3,1,delivery,12:15,72000,72000,0.75,Sinh viên,Phở,Phường Long Bình
L04435,R013,2026-06-11,Phở gà,51000,53,24000,3,2,1,delivery,12:30,48000,54000,0.667,Sinh viên,Phở,Phường Long Bình
L04436,R014,2026-06-11,Bánh mì xíu mại,21000,59,9000,1,0,1,delivery,12:30,0,0,0.0,Sinh viên,Bánh mì,Phường An Khánh
L04437,R014,2026-06-11,Bánh mì trứng,24000,50,12000,1,0,1,pickup,12:15,0,0,0.0,Sinh viên,Bánh mì,Phường An Khánh
L04438,R015,2026-06-11,Hủ tiếu thập cẩm,52000,43,30000,5,2,3,delivery,13:45,60000,44000,0.4,Sinh viên,Hủ tiếu,Phường Hiệp Bình
L04439,R015,2026-06-11,Hủ tiếu sa tế,59000,40,35000,5,3,2,delivery,13:30,105000,72000,0.6,Sinh viên,Hủ tiếu,Phường Hiệp Bình
L04440,R015,2026-06-11,Hủ tiếu bò kho,39000,39,24000,6,3,3,delivery,13:30,72000,45000,0.5,Sinh viên,Hủ tiếu,Phường Hiệp Bình
L04441,R016,2026-06-11,Phở bò tái nạm,64000,50,32000,4,3,1,pickup,16:00,96000,96000,0.75,Sinh viên,Phở,Phường Tăng Nhơn Phú
L04442,R016,2026-06-11,Phở gà,44000,47,23000,3,2,1,delivery,16:45,46000,42000,0.667,Sinh viên,Phở,Phường Tăng Nhơn Phú
L04443,R016,2026-06-11,Phở bò chín,43000,48,22000,4,2,2,pickup,16:30,44000,42000,0.5,Sinh viên,Phở,Phường Tăng Nhơn Phú
L04444,R017,2026-06-11,Cơm tấm sườn bì chả,39000,34,26000,18,9,9,pickup,13:30,234000,117000,0.5,Công nhân,Cơm tấm,Phường Dĩ An
L04445,R018,2026-06-11,Cơm tấm sườn nướng,47000,49,24000,3,1,2,delivery,16:30,24000,23000,0.333,Công nhân,Cơm tấm,Phường Lái Thiêu
L04446,R019,2026-06-11,Bún bò giò heo,56000,43,32000,7,4,3,pickup,18:45,128000,96000,0.571,Sinh viên,Bún bò,Phường Long Bình
L04447,R019,2026-06-11,Bún bò gân,50000,37,32000,6,3,3,pickup,18:30,96000,54000,0.5,Sinh viên,Bún bò,Phường Long Bình
L04448,R020,2026-06-11,Phở bò tái,50000,38,31000,2,1,1,delivery,09:00,31000,19000,0.5,Công nhân,Phở,Phường Đông Hòa
L04449,R020,2026-06-11,Phở bò chín,36000,36,23000,2,0,2,delivery,09:30,0,0,0.0,Công nhân,Phở,Phường Đông Hòa
L04450,R020,2026-06-11,Phở bò tái nạm,45000,38,28000,1,0,1,delivery,09:00,0,0,0.0,Công nhân,Phở,Phường Đông Hòa
L04451,R020,2026-06-11,Phở gà,48000,39,29000,2,1,1,delivery,09:45,29000,19000,0.5,Công nhân,Phở,Phường Đông Hòa
L04452,R021,2026-06-11,Hủ tiếu Nam Vang,42000,36,27000,3,1,2,pickup,20:45,27000,15000,0.333,Sinh viên,Hủ tiếu,Phường Bình Trưng
L04453,R021,2026-06-11,Hủ tiếu mì,47000,37,30000,2,0,2,pickup,20:15,0,0,0.0,Sinh viên,Hủ tiếu,Phường Bình Trưng
L04454,R022,2026-06-11,Bánh mì thịt nguội,24000,56,11000,2,1,1,delivery,18:45,11000,13000,0.5,Sinh viên,Bánh mì,Phường Long Bình
L04455,R022,2026-06-11,Bánh mì chả lụa,24000,60,10000,1,0,1,pickup,18:15,0,0,0.0,Sinh viên,Bánh mì,Phường Long Bình
L04456,R022,2026-06-11,Bánh mì gà,21000,60,8000,2,1,1,pickup,18:30,8000,13000,0.5,Sinh viên,Bánh mì,Phường Long Bình
L04457,R022,2026-06-11,Bánh mì trứng,18000,54,8000,2,1,1,pickup,18:15,8000,10000,0.5,Sinh viên,Bánh mì,Phường Long Bình
L04458,R022,2026-06-11,Bánh mì xíu mại,20000,55,9000,2,1,1,delivery,18:00,9000,11000,0.5,Sinh viên,Bánh mì,Phường Long Bình
L04459,R023,2026-06-11,Bánh mì trứng,24000,36,15000,3,1,2,delivery,17:30,15000,9000,0.333,Công nhân,Bánh mì,Phường Tân Đông Hiệp
L04460,R023,2026-06-11,Bánh mì thịt nguội,27000,30,19000,2,0,2,pickup,17:45,0,0,0.0,Công nhân,Bánh mì,Phường Tân Đông Hiệp
L04461,R024,2026-06-11,Hủ tiếu bò kho,51000,57,22000,15,10,5,delivery,14:30,220000,290000,0.667,Công nhân,Hủ tiếu,Phường An Phú
L04462,R025,2026-06-11,Cơm sườn đậu hũ,33000,35,21000,1,0,1,pickup,11:45,0,0,0.0,Dân cư đông,Cơm văn phòng,Phường An Hội Đông
L04463,R025,2026-06-11,Cơm gà luộc,44000,37,28000,1,0,1,pickup,11:15,0,0,0.0,Dân cư đông,Cơm văn phòng,Phường An Hội Đông
L04464,R025,2026-06-11,Cơm canh chua,33000,30,23000,2,0,2,delivery,11:15,0,0,0.0,Dân cư đông,Cơm văn phòng,Phường An Hội Đông
L04465,R025,2026-06-11,Cơm thịt kho trứng,41000,31,28000,1,0,1,delivery,11:30,0,0,0.0,Dân cư đông,Cơm văn phòng,Phường An Hội Đông
L04466,R025,2026-06-11,Cơm gà xối mỡ,40000,30,28000,1,0,1,delivery,11:45,0,0,0.0,Dân cư đông,Cơm văn phòng,Phường An Hội Đông
L04467,R026,2026-06-11,Bún riêu cua mọc,39000,39,24000,3,1,2,delivery,16:45,24000,15000,0.333,Sinh viên,Bún riêu,Phường Tam Bình
L04468,R027,2026-06-11,Bún bò thập cẩm,51000,34,34000,2,0,2,pickup,17:30,0,0,0.0,Công nhân,Bún bò,Phường Hòa Lợi
L04469,R028,2026-06-11,Bánh mì trứng,31000,56,14000,7,5,2,delivery,14:30,70000,85000,0.714,Công nhân,Bánh mì,Phường Tân Đông Hiệp
L04470,R029,2026-06-11,Phở gà,61000,60,24000,1,0,1,pickup,19:15,0,0,0.0,Trung tâm,Phở,Phường Bến Thành
L04471,R029,2026-06-11,Phở bò chín,46000,59,19000,1,0,1,delivery,19:15,0,0,0.0,Trung tâm,Phở,Phường Bến Thành
L04472,R029,2026-06-11,Phở bò tái,60000,55,27000,1,0,1,delivery,19:45,0,0,0.0,Trung tâm,Phở,Phường Bến Thành
L04473,R029,2026-06-11,Phở bò viên,54000,58,23000,1,0,1,delivery,19:45,0,0,0.0,Trung tâm,Phở,Phường Bến Thành
L04474,R030,2026-06-11,Bún bò giò heo,52000,47,28000,13,6,7,delivery,15:30,168000,144000,0.462,Công nhân,Bún bò,Phường An Phú
L04475,R030,2026-06-11,Bún bò gân,50000,57,22000,11,8,3,delivery,15:45,176000,224000,0.727,Công nhân,Bún bò,Phường An Phú
L04476,R031,2026-06-11,Phở gà,43000,42,25000,5,2,3,pickup,09:45,50000,36000,0.4,Sinh viên,Phở,Phường Phước Long
L04477,R031,2026-06-11,Phở bò tái nạm,44000,41,26000,5,2,3,delivery,09:15,52000,36000,0.4,Sinh viên,Phở,Phường Phước Long
L04478,R032,2026-06-11,Cơm gà xối mỡ,27000,37,17000,4,2,2,delivery,13:45,34000,20000,0.5,Trung tâm,Cơm văn phòng,Phường Cầu Ông Lãnh
L04479,R033,2026-06-11,Cơm tấm đặc biệt,33000,51,16000,2,1,1,pickup,13:30,16000,17000,0.5,Dân cư đông,Cơm tấm,Phường Tân Hòa
L04480,R033,2026-06-11,Cơm tấm sườn nướng,47000,42,27000,1,0,1,pickup,13:30,0,0,0.0,Dân cư đông,Cơm tấm,Phường Tân Hòa
L04481,R033,2026-06-11,Cơm tấm bì,40000,46,22000,1,0,1,pickup,13:00,0,0,0.0,Dân cư đông,Cơm tấm,Phường Tân Hòa
L04482,R033,2026-06-11,Cơm tấm sườn bì chả,45000,51,22000,1,0,1,pickup,13:15,0,0,0.0,Dân cư đông,Cơm tấm,Phường Tân Hòa
L04483,R033,2026-06-11,Cơm tấm sườn trứng,43000,52,21000,1,0,1,pickup,13:00,0,0,0.0,Dân cư đông,Cơm tấm,Phường Tân Hòa
L04484,R034,2026-06-11,Bún bò thập cẩm,45000,33,30000,5,2,3,pickup,18:00,60000,30000,0.4,Ngoại ô,Bún bò,Xã Bình Chánh
L04485,R034,2026-06-11,Bún bò viên,38000,34,25000,6,2,4,delivery,18:30,50000,26000,0.333,Ngoại ô,Bún bò,Xã Bình Chánh
L04486,R035,2026-06-11,Bánh mì trứng,27000,53,13000,1,0,1,delivery,12:45,0,0,0.0,Dân cư đông,Bánh mì,Phường Tân Sơn Nhất
L04487,R035,2026-06-11,Bánh mì chả lụa,23000,60,9000,1,0,1,delivery,12:30,0,0,0.0,Dân cư đông,Bánh mì,Phường Tân Sơn Nhất
L04488,R035,2026-06-11,Bánh mì xíu mại,21000,53,10000,1,0,1,delivery,12:15,0,0,0.0,Dân cư đông,Bánh mì,Phường Tân Sơn Nhất
L04489,R035,2026-06-11,Bánh mì thịt nguội,22000,51,11000,1,0,1,delivery,12:15,0,0,0.0,Dân cư đông,Bánh mì,Phường Tân Sơn Nhất
L04490,R035,2026-06-11,Bánh mì gà,24000,57,10000,1,0,1,delivery,12:00,0,0,0.0,Dân cư đông,Bánh mì,Phường Tân Sơn Nhất
L04491,R036,2026-06-11,Bún bò viên,47000,38,29000,4,1,3,delivery,14:00,29000,18000,0.25,Sinh viên,Bún bò,Phường Phước Long
L04492,R036,2026-06-11,Bún bò giò heo,52000,41,31000,5,3,2,pickup,14:45,93000,63000,0.6,Sinh viên,Bún bò,Phường Phước Long
L04493,R036,2026-06-11,Bún bò thập cẩm,49000,38,30000,5,2,3,delivery,14:45,60000,38000,0.4,Sinh viên,Bún bò,Phường Phước Long
L04494,R037,2026-06-11,Bún bò gân,51000,42,30000,9,5,4,delivery,15:15,150000,105000,0.556,Trung tâm,Bún bò,Phường Tân Định
L04495,R038,2026-06-11,Bún bò thập cẩm,45000,46,24000,1,0,1,pickup,17:15,0,0,0.0,Công nhân,Bún bò,Phường Thuận Giao
L04496,R038,2026-06-11,Bún bò gân,52000,53,24000,1,0,1,pickup,17:45,0,0,0.0,Công nhân,Bún bò,Phường Thuận Giao
L04497,R039,2026-06-11,Bún riêu cua mọc,39000,60,16000,25,22,3,pickup,09:15,352000,506000,0.88,Công nhân,Bún riêu,Phường Đông Hòa
L04498,R040,2026-06-11,Bún bò thập cẩm,45000,60,18000,2,1,1,delivery,14:30,18000,27000,0.5,Sinh viên,Bún bò,Phường Bình Trưng
L04499,R041,2026-06-11,Phở bò tái,55000,51,27000,3,2,1,delivery,15:00,54000,56000,0.667,Công nhân,Phở,Phường Tân Khánh
L04500,R041,2026-06-11,Phở bò tái nạm,58000,48,30000,3,2,1,pickup,15:30,60000,56000,0.667,Công nhân,Phở,Phường Tân Khánh
L04501,R042,2026-06-11,Cơm tấm đặc biệt,31000,53,15000,3,2,1,delivery,11:30,30000,32000,0.667,Trung tâm,Cơm tấm,Phường Tân Định
L04502,R042,2026-06-11,Cơm tấm bì,36000,60,14000,3,1,2,delivery,11:00,14000,22000,0.333,Trung tâm,Cơm tấm,Phường Tân Định
L04503,R042,2026-06-11,Cơm tấm sườn nướng,34000,60,14000,3,2,1,delivery,11:45,28000,40000,0.667,Trung tâm,Cơm tấm,Phường Tân Định
L04504,R043,2026-06-11,Cơm gà xối mỡ,36000,59,15000,2,1,1,pickup,16:45,15000,21000,0.5,Dân cư đông,Cơm văn phòng,Phường Bảy Hiền
L04505,R043,2026-06-11,Cơm canh chua,45000,60,18000,2,1,1,pickup,16:45,18000,27000,0.5,Dân cư đông,Cơm văn phòng,Phường Bảy Hiền
L04506,R043,2026-06-11,Cơm thịt kho trứng,41000,60,16000,3,2,1,pickup,16:30,32000,50000,0.667,Dân cư đông,Cơm văn phòng,Phường Bảy Hiền
L04507,R043,2026-06-11,Cơm sườn đậu hũ,32000,60,13000,2,1,1,pickup,16:45,13000,19000,0.5,Dân cư đông,Cơm văn phòng,Phường Bảy Hiền
L04508,R043,2026-06-11,Cơm gà luộc,42000,59,17000,3,2,1,pickup,16:15,34000,50000,0.667,Dân cư đông,Cơm văn phòng,Phường Bảy Hiền
L04509,R044,2026-06-11,Hủ tiếu mì,47000,45,26000,3,2,1,pickup,13:30,52000,42000,0.667,Sinh viên,Hủ tiếu,Phường Tam Bình
L04510,R044,2026-06-11,Hủ tiếu bò kho,45000,46,24000,3,1,2,delivery,13:45,24000,21000,0.333,Sinh viên,Hủ tiếu,Phường Tam Bình
L04511,R044,2026-06-11,Hủ tiếu sa tế,43000,49,22000,3,2,1,delivery,13:00,44000,42000,0.667,Sinh viên,Hủ tiếu,Phường Tam Bình
L04512,R045,2026-06-11,Bún bò gân,48000,39,29000,5,2,3,delivery,17:30,58000,38000,0.4,Công nhân,Bún bò,Phường Thuận An
L04513,R045,2026-06-11,Bún bò Huế đặc biệt,41000,46,22000,4,2,2,delivery,17:00,44000,38000,0.5,Công nhân,Bún bò,Phường Thuận An
L04514,R045,2026-06-11,Bún bò thập cẩm,49000,46,26000,3,2,1,pickup,17:00,52000,46000,0.667,Công nhân,Bún bò,Phường Thuận An
L04515,R046,2026-06-11,Bánh mì xíu mại,20000,53,9000,2,1,1,pickup,13:30,9000,11000,0.5,Sinh viên,Bánh mì,Phường Cát Lái
L04516,R046,2026-06-11,Bánh mì chả lụa,22000,57,9000,3,2,1,pickup,13:15,18000,26000,0.667,Sinh viên,Bánh mì,Phường Cát Lái
L04517,R046,2026-06-11,Bánh mì thịt nguội,27000,50,14000,3,2,1,pickup,13:30,28000,26000,0.667,Sinh viên,Bánh mì,Phường Cát Lái
L04518,R046,2026-06-11,Bánh mì trứng,30000,58,13000,3,2,1,pickup,13:30,26000,34000,0.667,Sinh viên,Bánh mì,Phường Cát Lái
L04519,R046,2026-06-11,Bánh mì gà,22000,53,10000,2,1,1,pickup,13:00,10000,12000,0.5,Sinh viên,Bánh mì,Phường Cát Lái
L04520,R047,2026-06-11,Bún bò viên,45000,49,23000,27,14,13,delivery,17:30,322000,308000,0.519,Công nhân,Bún bò,Phường Tân Khánh
L04521,R048,2026-06-11,Bánh mì thịt nguội,29000,51,14000,4,3,1,pickup,18:30,42000,45000,0.75,Công nhân,Bánh mì,Phường An Phú
L04522,R048,2026-06-11,Bánh mì trứng,17000,50,8000,3,2,1,pickup,18:45,16000,18000,0.667,Công nhân,Bánh mì,Phường An Phú
L04523,R049,2026-06-11,Phở bò tái,47000,44,26000,1,0,1,delivery,12:15,0,0,0.0,Sinh viên,Phở,Phường Thủ Đức
L04524,R049,2026-06-11,Phở bò viên,44000,42,26000,1,0,1,delivery,12:45,0,0,0.0,Sinh viên,Phở,Phường Thủ Đức
L04525,R049,2026-06-11,Phở bò tái nạm,54000,41,32000,1,0,1,pickup,12:30,0,0,0.0,Sinh viên,Phở,Phường Thủ Đức
L04526,R049,2026-06-11,Phở bò chín,54000,46,29000,1,0,1,delivery,12:30,0,0,0.0,Sinh viên,Phở,Phường Thủ Đức
L04527,R050,2026-06-11,Bánh mì xíu mại,27000,49,14000,1,0,1,delivery,17:45,0,0,0.0,Ngoại ô,Bánh mì,Xã Hưng Long
L04528,R051,2026-06-11,Hủ tiếu Nam Vang,54000,53,25000,7,5,2,pickup,13:45,125000,145000,0.714,Dân cư đông,Hủ tiếu,Phường Hạnh Thông
L04529,R052,2026-06-11,Cơm tấm sườn trứng,47000,38,29000,4,1,3,delivery,18:30,29000,18000,0.25,Dân cư đông,Cơm tấm,Phường Xóm Chiếu
L04530,R052,2026-06-11,Cơm tấm bì,36000,42,21000,3,2,1,delivery,18:30,42000,30000,0.667,Dân cư đông,Cơm tấm,Phường Xóm Chiếu
L04531,R052,2026-06-11,Cơm tấm đặc biệt,29000,40,17000,4,2,2,delivery,18:00,34000,24000,0.5,Dân cư đông,Cơm tấm,Phường Xóm Chiếu
L04532,R053,2026-06-11,Bánh mì trứng,25000,60,10000,3,2,1,pickup,17:45,20000,30000,0.667,Dân cư đông,Bánh mì,Phường Gia Định
L04533,R053,2026-06-11,Bánh mì xíu mại,19000,60,8000,4,3,1,pickup,17:45,24000,33000,0.75,Dân cư đông,Bánh mì,Phường Gia Định
L04534,R053,2026-06-11,Bánh mì chả lụa,20000,55,9000,4,2,2,delivery,17:00,18000,22000,0.5,Dân cư đông,Bánh mì,Phường Gia Định
L04535,R053,2026-06-11,Bánh mì thịt nguội,21000,60,8000,3,2,1,pickup,17:15,16000,26000,0.667,Dân cư đông,Bánh mì,Phường Gia Định
L04536,R053,2026-06-11,Bánh mì gà,23000,57,10000,3,1,2,delivery,17:00,10000,13000,0.333,Dân cư đông,Bánh mì,Phường Gia Định
L04537,R054,2026-06-11,Bánh mì chả lụa,24000,53,11000,3,2,1,pickup,11:30,22000,26000,0.667,Công nhân,Bánh mì,Phường Bình Hòa
L04538,R054,2026-06-11,Bánh mì gà,28000,52,13000,4,2,2,delivery,11:00,26000,30000,0.5,Công nhân,Bánh mì,Phường Bình Hòa
L04539,R054,2026-06-11,Bánh mì xíu mại,23000,56,10000,4,3,1,delivery,11:45,30000,39000,0.75,Công nhân,Bánh mì,Phường Bình Hòa
L04540,R054,2026-06-11,Bánh mì trứng,23000,52,11000,3,2,1,delivery,11:15,22000,24000,0.667,Công nhân,Bánh mì,Phường Bình Hòa
L04541,R055,2026-06-11,Cơm tấm sườn trứng,38000,58,16000,2,1,1,pickup,12:15,16000,22000,0.5,Dân cư đông,Cơm tấm,Phường Thông Tây Hội
L04542,R055,2026-06-11,Cơm tấm sườn bì chả,35000,60,14000,2,1,1,delivery,12:15,14000,21000,0.5,Dân cư đông,Cơm tấm,Phường Thông Tây Hội
L04543,R055,2026-06-11,Cơm tấm đặc biệt,37000,60,15000,1,0,1,delivery,12:30,0,0,0.0,Dân cư đông,Cơm tấm,Phường Thông Tây Hội
L04544,R055,2026-06-11,Cơm tấm sườn nướng,44000,60,18000,1,0,1,pickup,12:15,0,0,0.0,Dân cư đông,Cơm tấm,Phường Thông Tây Hội
L04545,R055,2026-06-11,Cơm tấm bì,44000,60,18000,2,1,1,pickup,12:00,18000,26000,0.5,Dân cư đông,Cơm tấm,Phường Thông Tây Hội
L04546,R056,2026-06-11,Hủ tiếu sa tế,36000,40,22000,4,2,2,pickup,17:00,44000,28000,0.5,Trung tâm,Hủ tiếu,Phường Nhiêu Lộc
L04547,R056,2026-06-11,Hủ tiếu bò kho,46000,40,28000,4,3,1,delivery,17:30,84000,54000,0.75,Trung tâm,Hủ tiếu,Phường Nhiêu Lộc
L04548,R057,2026-06-11,Bún bò viên,48000,54,22000,1,0,1,pickup,18:30,0,0,0.0,Sinh viên,Bún bò,Phường Bình Trưng
L04549,R057,2026-06-11,Bún bò giò heo,37000,49,19000,1,0,1,pickup,18:30,0,0,0.0,Sinh viên,Bún bò,Phường Bình Trưng
L04550,R058,2026-06-11,Bánh mì gà,20000,39,12000,1,0,1,pickup,19:00,0,0,0.0,Trung tâm,Bánh mì,Phường Cầu Kiệu
L04551,R058,2026-06-11,Bánh mì trứng,19000,38,12000,1,0,1,pickup,19:45,0,0,0.0,Trung tâm,Bánh mì,Phường Cầu Kiệu
L04552,R058,2026-06-11,Bánh mì chả lụa,29000,36,19000,1,0,1,pickup,19:15,0,0,0.0,Trung tâm,Bánh mì,Phường Cầu Kiệu
L04553,R058,2026-06-11,Bánh mì thịt nguội,18000,32,12000,1,0,1,pickup,19:15,0,0,0.0,Trung tâm,Bánh mì,Phường Cầu Kiệu
L04554,R059,2026-06-11,Cơm tấm sườn nướng,32000,30,22000,1,0,1,pickup,14:45,0,0,0.0,Sinh viên,Cơm tấm,Phường Tam Bình
L04555,R059,2026-06-11,Cơm tấm sườn trứng,35000,30,24000,2,0,2,delivery,14:45,0,0,0.0,Sinh viên,Cơm tấm,Phường Tam Bình
L04556,R060,2026-06-11,Phở bò viên,56000,58,24000,3,2,1,delivery,10:15,48000,64000,0.667,Công nhân,Phở,Phường Tân Đông Hiệp
L04557,R061,2026-06-11,Cơm tấm sườn bì chả,43000,49,22000,3,1,2,pickup,15:15,22000,21000,0.333,Sinh viên,Cơm tấm,Phường Tam Bình
L04558,R061,2026-06-11,Cơm tấm đặc biệt,35000,42,20000,4,3,1,delivery,15:45,60000,45000,0.75,Sinh viên,Cơm tấm,Phường Tam Bình
L04559,R062,2026-06-11,Phở bò tái nạm,45000,30,31000,1,0,1,delivery,10:30,0,0,0.0,Dân cư đông,Phở,Phường Hạnh Thông
L04560,R062,2026-06-11,Phở bò tái,46000,34,30000,1,0,1,delivery,10:45,0,0,0.0,Dân cư đông,Phở,Phường Hạnh Thông
L04561,R062,2026-06-11,Phở bò chín,51000,36,33000,1,0,1,delivery,10:00,0,0,0.0,Dân cư đông,Phở,Phường Hạnh Thông
L04562,R062,2026-06-11,Phở gà,52000,37,33000,1,0,1,delivery,10:00,0,0,0.0,Dân cư đông,Phở,Phường Hạnh Thông
L04563,R062,2026-06-11,Phở bò viên,51000,31,35000,1,0,1,delivery,10:30,0,0,0.0,Dân cư đông,Phở,Phường Hạnh Thông
L04564,R063,2026-06-11,Hủ tiếu thập cẩm,59000,37,37000,3,1,2,delivery,19:15,37000,22000,0.333,Công nhân,Hủ tiếu,Phường Thuận Giao
L04565,R063,2026-06-11,Hủ tiếu mì,60000,43,34000,4,3,1,delivery,19:30,102000,78000,0.75,Công nhân,Hủ tiếu,Phường Thuận Giao
L04566,R063,2026-06-11,Hủ tiếu Nam Vang,56000,41,33000,5,3,2,delivery,19:30,99000,69000,0.6,Công nhân,Hủ tiếu,Phường Thuận Giao
L04567,R064,2026-06-11,Bún bò viên,50000,48,26000,3,2,1,delivery,10:00,52000,48000,0.667,Sinh viên,Bún bò,Phường Tăng Nhơn Phú
L04568,R064,2026-06-11,Bún bò gân,43000,44,24000,3,2,1,pickup,10:30,48000,38000,0.667,Sinh viên,Bún bò,Phường Tăng Nhơn Phú
L04569,R064,2026-06-11,Bún bò giò heo,45000,44,25000,3,2,1,delivery,10:30,50000,40000,0.667,Sinh viên,Bún bò,Phường Tăng Nhơn Phú
L04570,R065,2026-06-11,Cơm tấm sườn bì chả,46000,51,23000,2,1,1,pickup,19:00,23000,23000,0.5,Công nhân,Cơm tấm,Phường Đông Hòa
L04571,R065,2026-06-11,Cơm tấm bì,44000,49,22000,1,0,1,pickup,19:15,0,0,0.0,Công nhân,Cơm tấm,Phường Đông Hòa
L04572,R065,2026-06-11,Cơm tấm sườn trứng,47000,50,24000,2,1,1,pickup,19:45,24000,23000,0.5,Công nhân,Cơm tấm,Phường Đông Hòa
L04573,R066,2026-06-11,Cơm thịt kho trứng,29000,59,12000,4,3,1,pickup,09:15,36000,51000,0.75,Sinh viên,Cơm văn phòng,Phường An Khánh
L04574,R066,2026-06-11,Cơm gà luộc,35000,55,16000,5,4,1,pickup,09:00,64000,76000,0.8,Sinh viên,Cơm văn phòng,Phường An Khánh
L04575,R066,2026-06-11,Cơm sườn đậu hũ,30000,60,12000,5,4,1,pickup,09:15,48000,72000,0.8,Sinh viên,Cơm văn phòng,Phường An Khánh
L04576,R067,2026-06-11,Cơm gà luộc,34000,50,17000,1,0,1,delivery,19:15,0,0,0.0,Dân cư đông,Cơm văn phòng,Phường An Hội Đông
L04577,R067,2026-06-11,Cơm canh chua,37000,51,18000,1,0,1,delivery,19:00,0,0,0.0,Dân cư đông,Cơm văn phòng,Phường An Hội Đông
L04578,R067,2026-06-11,Cơm gà xối mỡ,29000,51,14000,1,0,1,delivery,19:30,0,0,0.0,Dân cư đông,Cơm văn phòng,Phường An Hội Đông
L04579,R067,2026-06-11,Cơm thịt kho trứng,54000,44,30000,1,0,1,delivery,19:00,0,0,0.0,Dân cư đông,Cơm văn phòng,Phường An Hội Đông
L04580,R067,2026-06-11,Cơm sườn đậu hũ,52000,52,25000,1,0,1,delivery,19:15,0,0,0.0,Dân cư đông,Cơm văn phòng,Phường An Hội Đông
L04581,R068,2026-06-11,Bún riêu thập cẩm,43000,38,27000,1,0,1,delivery,19:45,0,0,0.0,Trung tâm,Bún riêu,Phường Xuân Hòa
L04582,R068,2026-06-11,Bún riêu cua,41000,33,27000,1,0,1,delivery,19:15,0,0,0.0,Trung tâm,Bún riêu,Phường Xuân Hòa
L04583,R068,2026-06-11,Bún riêu cua đồng,36000,30,25000,1,0,1,delivery,19:30,0,0,0.0,Trung tâm,Bún riêu,Phường Xuân Hòa
L04584,R069,2026-06-11,Bánh mì thịt nguội,30000,51,15000,1,0,1,delivery,20:00,0,0,0.0,Ngoại ô,Bánh mì,Xã Xuân Thới Sơn
L04585,R069,2026-06-11,Bánh mì chả lụa,22000,46,12000,1,0,1,delivery,20:45,0,0,0.0,Ngoại ô,Bánh mì,Xã Xuân Thới Sơn
L04586,R069,2026-06-11,Bánh mì xíu mại,28000,49,14000,1,0,1,pickup,20:45,0,0,0.0,Ngoại ô,Bánh mì,Xã Xuân Thới Sơn
L04587,R070,2026-06-11,Hủ tiếu mì,37000,60,15000,1,0,1,delivery,19:15,0,0,0.0,Dân cư đông,Hủ tiếu,Phường Gò Vấp
L04588,R070,2026-06-11,Hủ tiếu bò kho,48000,60,19000,1,0,1,pickup,19:15,0,0,0.0,Dân cư đông,Hủ tiếu,Phường Gò Vấp
L04589,R070,2026-06-11,Hủ tiếu Nam Vang,55000,58,23000,1,0,1,delivery,19:45,0,0,0.0,Dân cư đông,Hủ tiếu,Phường Gò Vấp
L04590,R070,2026-06-11,Hủ tiếu sa tế,41000,58,17000,1,0,1,delivery,19:45,0,0,0.0,Dân cư đông,Hủ tiếu,Phường Gò Vấp
L04591,R071,2026-06-11,Cơm tấm bì,32000,35,21000,4,2,2,pickup,11:30,42000,22000,0.5,Sinh viên,Cơm tấm,Phường Bình Trưng
L04592,R071,2026-06-11,Cơm tấm đặc biệt,42000,31,29000,4,1,3,delivery,11:45,29000,13000,0.25,Sinh viên,Cơm tấm,Phường Bình Trưng
L04593,R071,2026-06-11,Cơm tấm sườn nướng,39000,31,27000,4,2,2,delivery,11:00,54000,24000,0.5,Sinh viên,Cơm tấm,Phường Bình Trưng
L04594,R071,2026-06-11,Cơm tấm sườn bì chả,35000,30,24000,3,1,2,delivery,11:30,24000,11000,0.333,Sinh viên,Cơm tấm,Phường Bình Trưng
L04595,R071,2026-06-11,Cơm tấm sườn trứng,47000,35,31000,4,2,2,pickup,11:45,62000,32000,0.5,Sinh viên,Cơm tấm,Phường Bình Trưng
L04596,R072,2026-06-11,Cơm gà xối mỡ,36000,51,18000,5,4,1,pickup,14:45,72000,72000,0.8,Trung tâm,Cơm văn phòng,Phường Bến Thành
L04597,R072,2026-06-11,Cơm canh chua,34000,49,17000,4,2,2,delivery,14:00,34000,34000,0.5,Trung tâm,Cơm văn phòng,Phường Bến Thành
L04598,R073,2026-06-11,Bánh mì chả lụa,22000,46,12000,2,1,1,pickup,16:45,12000,10000,0.5,Dân cư đông,Bánh mì,Phường Vĩnh Hội
L04599,R073,2026-06-11,Bánh mì thịt nguội,21000,48,11000,2,1,1,pickup,16:15,11000,10000,0.5,Dân cư đông,Bánh mì,Phường Vĩnh Hội
L04600,R074,2026-06-11,Cơm gà xối mỡ,43000,30,30000,1,0,1,pickup,17:00,0,0,0.0,Dân cư đông,Cơm văn phòng,Phường Bình Lợi Trung
L04601,R074,2026-06-11,Cơm thịt kho trứng,43000,32,29000,2,0,2,pickup,17:30,0,0,0.0,Dân cư đông,Cơm văn phòng,Phường Bình Lợi Trung
L04602,R074,2026-06-11,Cơm gà luộc,30000,30,21000,2,0,2,pickup,17:45,0,0,0.0,Dân cư đông,Cơm văn phòng,Phường Bình Lợi Trung
L04603,R074,2026-06-11,Cơm sườn đậu hũ,39000,30,27000,2,0,2,pickup,17:15,0,0,0.0,Dân cư đông,Cơm văn phòng,Phường Bình Lợi Trung
L04604,R074,2026-06-11,Cơm canh chua,36000,34,24000,1,0,1,pickup,17:45,0,0,0.0,Dân cư đông,Cơm văn phòng,Phường Bình Lợi Trung
L04605,R075,2026-06-11,Cơm tấm sườn trứng,45000,49,23000,4,2,2,pickup,15:30,46000,44000,0.5,Dân cư đông,Cơm tấm,Phường Vĩnh Hội
L04606,R075,2026-06-11,Cơm tấm bì,40000,52,19000,3,2,1,delivery,15:15,38000,42000,0.667,Dân cư đông,Cơm tấm,Phường Vĩnh Hội
L04607,R075,2026-06-11,Cơm tấm sườn nướng,43000,54,20000,3,2,1,pickup,15:15,40000,46000,0.667,Dân cư đông,Cơm tấm,Phường Vĩnh Hội
L04608,R076,2026-06-11,Phở bò viên,55000,45,30000,6,3,3,pickup,12:30,90000,75000,0.5,Dân cư đông,Phở,Phường An Nhơn
L04609,R076,2026-06-11,Phở bò tái nạm,44000,39,27000,5,1,4,pickup,12:45,27000,17000,0.2,Dân cư đông,Phở,Phường An Nhơn
L04610,R076,2026-06-11,Phở bò chín,50000,43,28000,5,2,3,pickup,12:00,56000,44000,0.4,Dân cư đông,Phở,Phường An Nhơn
L04611,R077,2026-06-11,Cơm tấm bì,32000,43,18000,2,1,1,pickup,14:30,18000,14000,0.5,Trung tâm,Cơm tấm,Phường Xuân Hòa
L04612,R077,2026-06-11,Cơm tấm đặc biệt,51000,45,28000,2,1,1,delivery,14:15,28000,23000,0.5,Trung tâm,Cơm tấm,Phường Xuân Hòa
L04613,R077,2026-06-11,Cơm tấm sườn nướng,50000,47,26000,2,1,1,delivery,14:30,26000,24000,0.5,Trung tâm,Cơm tấm,Phường Xuân Hòa
L04614,R078,2026-06-11,Bún riêu cua,39000,34,26000,2,1,1,delivery,13:00,26000,13000,0.5,Công nhân,Bún riêu,Phường Tân Đông Hiệp
L04615,R078,2026-06-11,Bún riêu cua đồng,50000,38,31000,2,1,1,delivery,13:30,31000,19000,0.5,Công nhân,Bún riêu,Phường Tân Đông Hiệp
L04616,R078,2026-06-11,Bún riêu thập cẩm,42000,43,24000,2,1,1,delivery,13:15,24000,18000,0.5,Công nhân,Bún riêu,Phường Tân Đông Hiệp
L04617,R078,2026-06-11,Bún riêu cua mọc,39000,40,23000,2,1,1,pickup,13:30,23000,16000,0.5,Công nhân,Bún riêu,Phường Tân Đông Hiệp
L04618,R079,2026-06-11,Cơm tấm sườn bì chả,38000,45,21000,8,5,3,pickup,16:00,105000,85000,0.625,Sinh viên,Cơm tấm,Phường Bình Trưng
L04619,R080,2026-06-11,Cơm tấm sườn nướng,31000,51,15000,1,0,1,delivery,09:30,0,0,0.0,Dân cư đông,Cơm tấm,Phường An Hội Đông
L04620,R080,2026-06-11,Cơm tấm đặc biệt,39000,46,21000,1,0,1,pickup,09:00,0,0,0.0,Dân cư đông,Cơm tấm,Phường An Hội Đông
L04621,R080,2026-06-11,Cơm tấm sườn trứng,45000,47,24000,1,0,1,pickup,09:30,0,0,0.0,Dân cư đông,Cơm tấm,Phường An Hội Đông
L04622,R080,2026-06-11,Cơm tấm sườn bì chả,42000,47,22000,1,0,1,delivery,09:30,0,0,0.0,Dân cư đông,Cơm tấm,Phường An Hội Đông
L04623,R080,2026-06-11,Cơm tấm bì,47000,47,25000,2,1,1,delivery,09:00,25000,22000,0.5,Dân cư đông,Cơm tấm,Phường An Hội Đông
L04624,R081,2026-06-11,Bún riêu cua đồng,34000,49,17000,3,2,1,pickup,09:45,34000,34000,0.667,Công nhân,Bún riêu,Phường Đông Hòa
L04625,R081,2026-06-11,Bún riêu cua mọc,40000,56,18000,3,2,1,pickup,09:00,36000,44000,0.667,Công nhân,Bún riêu,Phường Đông Hòa
L04626,R081,2026-06-11,Bún riêu cua,41000,55,18000,3,2,1,pickup,09:00,36000,46000,0.667,Công nhân,Bún riêu,Phường Đông Hòa
L04627,R081,2026-06-11,Bún riêu thập cẩm,45000,59,18000,3,2,1,pickup,09:00,36000,54000,0.667,Công nhân,Bún riêu,Phường Đông Hòa
L04628,R082,2026-06-11,Hủ tiếu Nam Vang,44000,52,21000,8,5,3,delivery,19:45,105000,115000,0.625,Sinh viên,Hủ tiếu,Phường Tăng Nhơn Phú
L04629,R082,2026-06-11,Hủ tiếu sa tế,46000,48,24000,11,6,5,delivery,19:45,144000,132000,0.545,Sinh viên,Hủ tiếu,Phường Tăng Nhơn Phú
L04630,R083,2026-06-11,Cơm tấm sườn trứng,46000,30,32000,1,0,1,pickup,14:00,0,0,0.0,Trung tâm,Cơm tấm,Phường Sài Gòn
L04631,R083,2026-06-11,Cơm tấm đặc biệt,28000,32,19000,2,1,1,delivery,14:30,19000,9000,0.5,Trung tâm,Cơm tấm,Phường Sài Gòn
L04632,R083,2026-06-11,Cơm tấm bì,30000,33,20000,1,0,1,delivery,14:15,0,0,0.0,Trung tâm,Cơm tấm,Phường Sài Gòn
L04633,R084,2026-06-11,Bún riêu cua,39000,39,24000,2,0,2,pickup,18:30,0,0,0.0,Sinh viên,Bún riêu,Phường Hiệp Bình
L04634,R085,2026-06-11,Bánh mì chả lụa,28000,60,11000,18,13,5,pickup,20:00,143000,221000,0.722,Sinh viên,Bánh mì,Phường Tăng Nhơn Phú
L04635,R086,2026-06-11,Phở gà,50000,58,21000,1,0,1,delivery,10:30,0,0,0.0,Dân cư đông,Phở,Phường Tân Sơn Nhất
L04636,R086,2026-06-11,Phở bò chín,42000,53,20000,1,0,1,delivery,10:00,0,0,0.0,Dân cư đông,Phở,Phường Tân Sơn Nhất
L04637,R086,2026-06-11,Phở bò viên,51000,55,23000,1,0,1,delivery,10:30,0,0,0.0,Dân cư đông,Phở,Phường Tân Sơn Nhất
L04638,R086,2026-06-11,Phở bò tái,55000,59,23000,1,0,1,delivery,10:00,0,0,0.0,Dân cư đông,Phở,Phường Tân Sơn Nhất
L04639,R086,2026-06-11,Phở bò tái nạm,42000,54,19000,1,0,1,delivery,10:30,0,0,0.0,Dân cư đông,Phở,Phường Tân Sơn Nhất
L04640,R087,2026-06-11,Phở bò viên,54000,30,38000,10,5,5,pickup,13:45,190000,80000,0.5,Công nhân,Phở,Phường Thuận An
L04641,R087,2026-06-11,Phở bò tái nạm,48000,38,30000,12,6,6,pickup,13:15,180000,108000,0.5,Công nhân,Phở,Phường Thuận An
L04642,R088,2026-06-11,Cơm tấm sườn bì chả,30000,60,12000,2,1,1,delivery,09:15,12000,18000,0.5,Dân cư đông,Cơm tấm,Phường Gò Vấp
L04643,R088,2026-06-11,Cơm tấm sườn trứng,45000,60,18000,2,1,1,delivery,09:15,18000,27000,0.5,Dân cư đông,Cơm tấm,Phường Gò Vấp
L04644,R088,2026-06-11,Cơm tấm đặc biệt,46000,58,19000,3,2,1,delivery,09:00,38000,54000,0.667,Dân cư đông,Cơm tấm,Phường Gò Vấp
L04645,R088,2026-06-11,Cơm tấm sườn nướng,34000,55,15000,3,2,1,delivery,09:15,30000,38000,0.667,Dân cư đông,Cơm tấm,Phường Gò Vấp
L04646,R088,2026-06-11,Cơm tấm bì,36000,55,16000,2,1,1,delivery,09:30,16000,20000,0.5,Dân cư đông,Cơm tấm,Phường Gò Vấp
L04647,R089,2026-06-11,Hủ tiếu mì,41000,35,27000,1,0,1,pickup,15:45,0,0,0.0,Công nhân,Hủ tiếu,Phường Đông Hòa
L04648,R089,2026-06-11,Hủ tiếu thập cẩm,53000,30,37000,1,0,1,delivery,15:45,0,0,0.0,Công nhân,Hủ tiếu,Phường Đông Hòa
L04649,R089,2026-06-11,Hủ tiếu sa tế,44000,39,27000,1,0,1,pickup,15:45,0,0,0.0,Công nhân,Hủ tiếu,Phường Đông Hòa
L04650,R089,2026-06-11,Hủ tiếu Nam Vang,40000,35,26000,1,0,1,pickup,15:15,0,0,0.0,Công nhân,Hủ tiếu,Phường Đông Hòa
L04651,R090,2026-06-11,Hủ tiếu bò kho,47000,36,30000,18,6,12,pickup,09:45,180000,102000,0.333,Sinh viên,Hủ tiếu,Phường Thủ Đức
L04652,R091,2026-06-11,Bánh mì chả lụa,30000,59,12000,2,1,1,delivery,12:15,12000,18000,0.5,Dân cư đông,Bánh mì,Phường Xóm Chiếu
L04653,R092,2026-06-11,Cơm tấm sườn nướng,41000,37,26000,2,0,2,delivery,17:45,0,0,0.0,Dân cư đông,Cơm tấm,Phường Gia Định
L04654,R092,2026-06-11,Cơm tấm bì,30000,40,18000,3,2,1,delivery,17:30,36000,24000,0.667,Dân cư đông,Cơm tấm,Phường Gia Định
L04655,R092,2026-06-11,Cơm tấm đặc biệt,28000,33,19000,3,1,2,pickup,17:30,19000,9000,0.333,Dân cư đông,Cơm tấm,Phường Gia Định
L04656,R092,2026-06-11,Cơm tấm sườn trứng,52000,33,35000,2,1,1,delivery,17:45,35000,17000,0.5,Dân cư đông,Cơm tấm,Phường Gia Định
L04657,R092,2026-06-11,Cơm tấm sườn bì chả,52000,34,34000,3,1,2,pickup,17:00,34000,18000,0.333,Dân cư đông,Cơm tấm,Phường Gia Định
L04658,R093,2026-06-11,Phở bò tái,42000,39,26000,6,3,3,delivery,09:45,78000,48000,0.5,Công nhân,Phở,Phường Tân Đông Hiệp
L04659,R093,2026-06-11,Phở bò viên,46000,35,30000,6,3,3,delivery,09:00,90000,48000,0.5,Công nhân,Phở,Phường Tân Đông Hiệp
L04660,R093,2026-06-11,Phở gà,46000,35,30000,5,2,3,delivery,09:00,60000,32000,0.4,Công nhân,Phở,Phường Tân Đông Hiệp
L04661,R093,2026-06-11,Phở bò chín,56000,36,36000,6,2,4,delivery,09:15,72000,40000,0.333,Công nhân,Phở,Phường Tân Đông Hiệp
L04662,R094,2026-06-11,Hủ tiếu bò kho,48000,56,21000,10,7,3,pickup,12:30,147000,189000,0.7,Dân cư đông,Hủ tiếu,Phường Bình Lợi Trung
L04663,R095,2026-06-11,Cơm tấm sườn nướng,45000,57,19000,2,1,1,delivery,14:00,19000,26000,0.5,Công nhân,Cơm tấm,Phường Lái Thiêu
L04664,R095,2026-06-11,Cơm tấm bì,35000,60,14000,2,1,1,pickup,14:30,14000,21000,0.5,Công nhân,Cơm tấm,Phường Lái Thiêu
L04665,R095,2026-06-11,Cơm tấm sườn bì chả,36000,59,15000,2,1,1,delivery,14:45,15000,21000,0.5,Công nhân,Cơm tấm,Phường Lái Thiêu
L04666,R095,2026-06-11,Cơm tấm đặc biệt,35000,60,14000,2,1,1,delivery,14:15,14000,21000,0.5,Công nhân,Cơm tấm,Phường Lái Thiêu
L04667,R096,2026-06-11,Cơm gà xối mỡ,31000,48,16000,11,8,3,pickup,14:15,128000,120000,0.727,Công nhân,Cơm văn phòng,Phường Lái Thiêu
L04668,R096,2026-06-11,Cơm gà luộc,31000,48,16000,9,6,3,pickup,14:00,96000,90000,0.667,Công nhân,Cơm văn phòng,Phường Lái Thiêu
L04669,R097,2026-06-11,Hủ tiếu bò kho,49000,58,21000,3,2,1,delivery,20:15,42000,56000,0.667,Công nhân,Hủ tiếu,Phường Tân Đông Hiệp
L04670,R097,2026-06-11,Hủ tiếu sa tế,39000,56,17000,2,1,1,pickup,20:15,17000,22000,0.5,Công nhân,Hủ tiếu,Phường Tân Đông Hiệp
L04671,R097,2026-06-11,Hủ tiếu thập cẩm,49000,48,25000,3,2,1,delivery,20:15,50000,48000,0.667,Công nhân,Hủ tiếu,Phường Tân Đông Hiệp
L04672,R098,2026-06-11,Bún riêu cua mọc,40000,37,25000,2,1,1,pickup,16:30,25000,15000,0.5,Trung tâm,Bún riêu,Phường Xuân Hòa
L04673,R099,2026-06-11,Cơm thịt kho trứng,50000,55,22000,1,0,1,pickup,09:30,0,0,0.0,Sinh viên,Cơm văn phòng,Phường An Khánh
L04674,R099,2026-06-11,Cơm gà xối mỡ,44000,56,19000,1,0,1,pickup,09:30,0,0,0.0,Sinh viên,Cơm văn phòng,Phường An Khánh
L04675,R099,2026-06-11,Cơm canh chua,40000,58,17000,1,0,1,pickup,09:15,0,0,0.0,Sinh viên,Cơm văn phòng,Phường An Khánh
L04676,R099,2026-06-11,Cơm sườn đậu hũ,51000,58,21000,1,0,1,pickup,09:15,0,0,0.0,Sinh viên,Cơm văn phòng,Phường An Khánh
L04677,R099,2026-06-11,Cơm gà luộc,30000,54,14000,1,0,1,pickup,09:00,0,0,0.0,Sinh viên,Cơm văn phòng,Phường An Khánh
L04678,R100,2026-06-11,Hủ tiếu bò kho,49000,44,27000,3,2,1,pickup,15:45,54000,44000,0.667,Trung tâm,Hủ tiếu,Phường Tân Định
L04679,R100,2026-06-11,Hủ tiếu sa tế,52000,39,32000,2,0,2,pickup,15:30,0,0,0.0,Trung tâm,Hủ tiếu,Phường Tân Định
L04680,R101,2026-06-11,Phở bò tái nạm,49000,32,33000,1,0,1,pickup,09:30,0,0,0.0,Công nhân,Phở,Phường Bình Hòa
L04681,R101,2026-06-11,Phở gà,38000,30,27000,1,0,1,pickup,09:00,0,0,0.0,Công nhân,Phở,Phường Bình Hòa
L04682,R101,2026-06-11,Phở bò viên,48000,30,34000,1,0,1,pickup,09:45,0,0,0.0,Công nhân,Phở,Phường Bình Hòa
L04683,R102,2026-06-11,Bún bò Huế đặc biệt,60000,52,29000,1,0,1,delivery,15:00,0,0,0.0,Sinh viên,Bún bò,Phường Thủ Đức
L04684,R102,2026-06-11,Bún bò viên,45000,52,22000,1,0,1,pickup,15:00,0,0,0.0,Sinh viên,Bún bò,Phường Thủ Đức
L04685,R102,2026-06-11,Bún bò giò heo,44000,56,19000,1,0,1,pickup,15:15,0,0,0.0,Sinh viên,Bún bò,Phường Thủ Đức
L04686,R102,2026-06-11,Bún bò gân,46000,53,22000,1,0,1,delivery,15:30,0,0,0.0,Sinh viên,Bún bò,Phường Thủ Đức
L04687,R103,2026-06-11,Cơm gà xối mỡ,38000,31,26000,7,2,5,delivery,11:15,52000,24000,0.286,Công nhân,Cơm văn phòng,Phường Đông Hòa
L04688,R103,2026-06-11,Cơm canh chua,47000,39,29000,7,2,5,pickup,11:15,58000,36000,0.286,Công nhân,Cơm văn phòng,Phường Đông Hòa
L04689,R103,2026-06-11,Cơm sườn đậu hũ,41000,38,25000,7,3,4,delivery,11:00,75000,48000,0.429,Công nhân,Cơm văn phòng,Phường Đông Hòa
L04690,R104,2026-06-11,Bánh mì gà,25000,47,13000,1,0,1,pickup,19:15,0,0,0.0,Dân cư đông,Bánh mì,Phường Thông Tây Hội
L04691,R104,2026-06-11,Bánh mì xíu mại,21000,45,12000,1,0,1,pickup,19:30,0,0,0.0,Dân cư đông,Bánh mì,Phường Thông Tây Hội
L04692,R104,2026-06-11,Bánh mì trứng,25000,45,14000,1,0,1,pickup,19:00,0,0,0.0,Dân cư đông,Bánh mì,Phường Thông Tây Hội
L04693,R104,2026-06-11,Bánh mì thịt nguội,17000,44,10000,1,0,1,pickup,19:15,0,0,0.0,Dân cư đông,Bánh mì,Phường Thông Tây Hội
L04694,R104,2026-06-11,Bánh mì chả lụa,19000,49,10000,1,0,1,pickup,19:00,0,0,0.0,Dân cư đông,Bánh mì,Phường Thông Tây Hội
L04695,R105,2026-06-11,Bánh mì gà,17000,30,12000,5,1,4,pickup,16:30,12000,5000,0.2,Sinh viên,Bánh mì,Phường Tam Bình
L04696,R105,2026-06-11,Bánh mì chả lụa,24000,30,17000,6,2,4,pickup,16:15,34000,14000,0.333,Sinh viên,Bánh mì,Phường Tam Bình
L04697,R106,2026-06-11,Phở bò chín,52000,57,22000,8,6,2,pickup,11:15,132000,180000,0.75,Công nhân,Phở,Phường An Phú
L04698,R106,2026-06-11,Phở gà,47000,55,21000,7,5,2,pickup,11:00,105000,130000,0.714,Công nhân,Phở,Phường An Phú
L04699,R106,2026-06-11,Phở bò tái nạm,41000,60,16000,8,6,2,pickup,11:45,96000,150000,0.75,Công nhân,Phở,Phường An Phú
L04700,R107,2026-06-11,Hủ tiếu thập cẩm,50000,40,30000,15,10,5,delivery,09:00,300000,200000,0.667,Dân cư đông,Hủ tiếu,Phường Gò Vấp
L04701,R108,2026-06-11,Cơm tấm sườn nướng,37000,53,17000,3,2,1,pickup,16:45,34000,40000,0.667,Sinh viên,Cơm tấm,Phường Thủ Đức
L04702,R108,2026-06-11,Cơm tấm sườn trứng,35000,52,17000,3,2,1,delivery,16:45,34000,36000,0.667,Sinh viên,Cơm tấm,Phường Thủ Đức
L04703,R108,2026-06-11,Cơm tấm sườn bì chả,47000,50,24000,3,2,1,delivery,16:45,48000,46000,0.667,Sinh viên,Cơm tấm,Phường Thủ Đức
L04704,R108,2026-06-11,Cơm tấm đặc biệt,37000,53,17000,4,3,1,pickup,16:30,51000,60000,0.75,Sinh viên,Cơm tấm,Phường Thủ Đức
L04705,R109,2026-06-11,Hủ tiếu Nam Vang,51000,56,22000,1,0,1,delivery,11:00,0,0,0.0,Trung tâm,Hủ tiếu,Phường Sài Gòn
L04706,R109,2026-06-11,Hủ tiếu bò kho,51000,60,20000,1,0,1,delivery,11:30,0,0,0.0,Trung tâm,Hủ tiếu,Phường Sài Gòn
L04707,R109,2026-06-11,Hủ tiếu mì,43000,55,19000,1,0,1,delivery,11:45,0,0,0.0,Trung tâm,Hủ tiếu,Phường Sài Gòn
L04708,R110,2026-06-11,Phở bò viên,55000,60,22000,4,3,1,delivery,10:45,66000,99000,0.75,Sinh viên,Phở,Phường Hiệp Bình
L04709,R110,2026-06-11,Phở gà,40000,60,16000,4,2,2,delivery,10:30,32000,48000,0.5,Sinh viên,Phở,Phường Hiệp Bình
L04710,R111,2026-06-11,Bánh mì chả lụa,18000,50,9000,5,4,1,delivery,09:45,36000,36000,0.8,Sinh viên,Bánh mì,Phường Long Bình
L04711,R112,2026-06-11,Hủ tiếu Nam Vang,40000,54,18000,1,0,1,delivery,11:45,0,0,0.0,Dân cư đông,Hủ tiếu,Phường Gò Vấp
L04712,R112,2026-06-11,Hủ tiếu mì,38000,49,19000,1,0,1,delivery,11:15,0,0,0.0,Dân cư đông,Hủ tiếu,Phường Gò Vấp
L04713,R112,2026-06-11,Hủ tiếu thập cẩm,45000,54,21000,1,0,1,pickup,11:45,0,0,0.0,Dân cư đông,Hủ tiếu,Phường Gò Vấp
L04714,R112,2026-06-11,Hủ tiếu bò kho,52000,53,24000,1,0,1,pickup,11:00,0,0,0.0,Dân cư đông,Hủ tiếu,Phường Gò Vấp
L04715,R112,2026-06-11,Hủ tiếu sa tế,60000,52,29000,1,0,1,pickup,11:00,0,0,0.0,Dân cư đông,Hủ tiếu,Phường Gò Vấp
L04716,R113,2026-06-11,Bánh mì chả lụa,23000,52,11000,1,0,1,delivery,10:30,0,0,0.0,Dân cư đông,Bánh mì,Phường Tân Hòa
L04717,R113,2026-06-11,Bánh mì gà,20000,50,10000,1,0,1,delivery,10:45,0,0,0.0,Dân cư đông,Bánh mì,Phường Tân Hòa
L04718,R113,2026-06-11,Bánh mì xíu mại,21000,49,11000,1,0,1,delivery,10:45,0,0,0.0,Dân cư đông,Bánh mì,Phường Tân Hòa
L04719,R113,2026-06-11,Bánh mì trứng,26000,47,14000,1,0,1,delivery,10:30,0,0,0.0,Dân cư đông,Bánh mì,Phường Tân Hòa
L04720,R113,2026-06-11,Bánh mì thịt nguội,25000,44,14000,1,0,1,delivery,10:00,0,0,0.0,Dân cư đông,Bánh mì,Phường Tân Hòa
L04721,R114,2026-06-11,Cơm thịt kho trứng,33000,45,18000,1,0,1,delivery,10:00,0,0,0.0,Công nhân,Cơm văn phòng,Phường Bình Hòa
L04722,R114,2026-06-11,Cơm gà xối mỡ,30000,46,16000,1,0,1,delivery,10:45,0,0,0.0,Công nhân,Cơm văn phòng,Phường Bình Hòa
L04723,R114,2026-06-11,Cơm canh chua,42000,40,25000,1,0,1,delivery,10:00,0,0,0.0,Công nhân,Cơm văn phòng,Phường Bình Hòa
L04724,R114,2026-06-11,Cơm gà luộc,39000,43,22000,1,0,1,delivery,10:15,0,0,0.0,Công nhân,Cơm văn phòng,Phường Bình Hòa
L04725,R115,2026-06-11,Cơm tấm đặc biệt,28000,43,16000,1,0,1,pickup,14:45,0,0,0.0,Dân cư đông,Cơm tấm,Phường Khánh Hội
L04726,R115,2026-06-11,Cơm tấm bì,41000,46,22000,1,0,1,delivery,14:15,0,0,0.0,Dân cư đông,Cơm tấm,Phường Khánh Hội
L04727,R116,2026-06-11,Cơm gà luộc,40000,37,25000,2,1,1,pickup,20:45,25000,15000,0.5,Dân cư đông,Cơm văn phòng,Phường Bình Lợi Trung
L04728,R116,2026-06-11,Cơm gà xối mỡ,43000,43,25000,2,1,1,delivery,20:15,25000,18000,0.5,Dân cư đông,Cơm văn phòng,Phường Bình Lợi Trung
L04729,R117,2026-06-11,Bánh mì chả lụa,21000,42,12000,1,0,1,delivery,09:30,0,0,0.0,Sinh viên,Bánh mì,Phường Hiệp Bình
L04730,R117,2026-06-11,Bánh mì trứng,26000,42,15000,1,0,1,delivery,09:45,0,0,0.0,Sinh viên,Bánh mì,Phường Hiệp Bình
L04731,R117,2026-06-11,Bánh mì gà,24000,36,15000,1,0,1,delivery,09:30,0,0,0.0,Sinh viên,Bánh mì,Phường Hiệp Bình
L04732,R118,2026-06-11,Bánh mì chả lụa,22000,30,15000,3,1,2,pickup,10:45,15000,7000,0.333,Dân cư đông,Bánh mì,Phường Gò Vấp
L04733,R118,2026-06-11,Bánh mì gà,23000,33,15000,3,1,2,pickup,10:00,15000,8000,0.333,Dân cư đông,Bánh mì,Phường Gò Vấp
L04734,R118,2026-06-11,Bánh mì thịt nguội,33000,34,22000,3,1,2,pickup,10:00,22000,11000,0.333,Dân cư đông,Bánh mì,Phường Gò Vấp
L04735,R119,2026-06-11,Bún bò Huế đặc biệt,50000,56,22000,7,5,2,pickup,14:45,110000,140000,0.714,Công nhân,Bún bò,Phường Đông Hòa
L04736,R120,2026-06-11,Bún bò Huế đặc biệt,38000,58,16000,2,1,1,pickup,11:00,16000,22000,0.5,Dân cư đông,Bún bò,Phường Hạnh Thông
L04737,R120,2026-06-11,Bún bò viên,40000,51,20000,1,0,1,pickup,11:30,0,0,0.0,Dân cư đông,Bún bò,Phường Hạnh Thông
L04738,R120,2026-06-11,Bún bò gân,51000,58,21000,1,0,1,pickup,11:00,0,0,0.0,Dân cư đông,Bún bò,Phường Hạnh Thông
L04739,R120,2026-06-11,Bún bò giò heo,51000,54,23000,2,1,1,pickup,11:30,23000,28000,0.5,Dân cư đông,Bún bò,Phường Hạnh Thông
L04740,R120,2026-06-11,Bún bò thập cẩm,56000,50,28000,1,0,1,pickup,11:30,0,0,0.0,Dân cư đông,Bún bò,Phường Hạnh Thông
L04741,R121,2026-06-11,Cơm thịt kho trứng,39000,41,23000,1,0,1,pickup,12:45,0,0,0.0,Dân cư đông,Cơm văn phòng,Phường Gò Vấp
L04742,R121,2026-06-11,Cơm sườn đậu hũ,35000,42,20000,1,0,1,pickup,12:45,0,0,0.0,Dân cư đông,Cơm văn phòng,Phường Gò Vấp
L04743,R121,2026-06-11,Cơm gà xối mỡ,39000,40,23000,1,0,1,pickup,12:15,0,0,0.0,Dân cư đông,Cơm văn phòng,Phường Gò Vấp
L04744,R121,2026-06-11,Cơm canh chua,38000,34,25000,1,0,1,pickup,12:45,0,0,0.0,Dân cư đông,Cơm văn phòng,Phường Gò Vấp
L04745,R121,2026-06-11,Cơm gà luộc,45000,38,28000,1,0,1,pickup,12:45,0,0,0.0,Dân cư đông,Cơm văn phòng,Phường Gò Vấp
L04746,R122,2026-06-11,Bún riêu cua đồng,37000,46,20000,8,5,3,pickup,09:00,100000,85000,0.625,Sinh viên,Bún riêu,Phường Linh Xuân
L04747,R123,2026-06-11,Cơm gà xối mỡ,37000,52,18000,12,10,2,delivery,16:15,180000,190000,0.833,Sinh viên,Cơm văn phòng,Phường Bình Trưng
L04748,R124,2026-06-11,Bún bò gân,49000,33,33000,3,1,2,pickup,15:30,33000,16000,0.333,Sinh viên,Bún bò,Phường Cát Lái
L04749,R124,2026-06-11,Bún bò Huế đặc biệt,42000,30,29000,2,0,2,delivery,15:00,0,0,0.0,Sinh viên,Bún bò,Phường Cát Lái
L04750,R124,2026-06-11,Bún bò viên,46000,32,31000,3,1,2,delivery,15:15,31000,15000,0.333,Sinh viên,Bún bò,Phường Cát Lái
L04751,R124,2026-06-11,Bún bò thập cẩm,62000,32,42000,3,1,2,delivery,15:30,42000,20000,0.333,Sinh viên,Bún bò,Phường Cát Lái
L04752,R124,2026-06-11,Bún bò giò heo,41000,32,28000,3,1,2,pickup,15:00,28000,13000,0.333,Sinh viên,Bún bò,Phường Cát Lái
L04753,R125,2026-06-11,Bánh mì thịt nguội,19000,51,9000,3,2,1,delivery,15:00,18000,20000,0.667,Công nhân,Bánh mì,Phường Lái Thiêu
L04754,R125,2026-06-11,Bánh mì chả lụa,26000,49,13000,2,1,1,delivery,15:30,13000,13000,0.5,Công nhân,Bánh mì,Phường Lái Thiêu
L04755,R126,2026-06-11,Phở bò viên,41000,35,27000,2,1,1,delivery,11:30,27000,14000,0.5,Dân cư đông,Phở,Phường Gò Vấp
L04756,R126,2026-06-11,Phở bò tái nạm,52000,39,32000,2,1,1,delivery,11:30,32000,20000,0.5,Dân cư đông,Phở,Phường Gò Vấp
L04757,R126,2026-06-11,Phở bò tái,43000,31,30000,3,1,2,delivery,11:45,30000,13000,0.333,Dân cư đông,Phở,Phường Gò Vấp
L04758,R126,2026-06-11,Phở gà,49000,30,34000,2,1,1,delivery,11:15,34000,15000,0.5,Dân cư đông,Phở,Phường Gò Vấp
L04759,R126,2026-06-11,Phở bò chín,40000,34,26000,3,1,2,delivery,11:00,26000,14000,0.333,Dân cư đông,Phở,Phường Gò Vấp
L04760,R127,2026-06-11,Cơm sườn đậu hũ,40000,30,28000,2,1,1,delivery,18:15,28000,12000,0.5,Dân cư đông,Cơm văn phòng,Phường Tân Sơn Nhất
L04761,R127,2026-06-11,Cơm gà xối mỡ,33000,32,22000,2,0,2,delivery,18:45,0,0,0.0,Dân cư đông,Cơm văn phòng,Phường Tân Sơn Nhất
L04762,R127,2026-06-11,Cơm canh chua,37000,30,26000,2,1,1,delivery,18:15,26000,11000,0.5,Dân cư đông,Cơm văn phòng,Phường Tân Sơn Nhất
L04763,R127,2026-06-11,Cơm thịt kho trứng,28000,30,20000,2,0,2,delivery,18:00,0,0,0.0,Dân cư đông,Cơm văn phòng,Phường Tân Sơn Nhất
L04764,R127,2026-06-11,Cơm gà luộc,35000,32,24000,2,1,1,delivery,18:30,24000,11000,0.5,Dân cư đông,Cơm văn phòng,Phường Tân Sơn Nhất
L04765,R128,2026-06-11,Bánh mì xíu mại,24000,32,16000,4,2,2,delivery,18:30,32000,16000,0.5,Trung tâm,Bánh mì,Phường Đức Nhuận
L04766,R128,2026-06-11,Bánh mì thịt nguội,29000,30,20000,4,2,2,pickup,18:00,40000,18000,0.5,Trung tâm,Bánh mì,Phường Đức Nhuận
L04767,R129,2026-06-11,Phở bò viên,54000,51,26000,1,0,1,pickup,11:30,0,0,0.0,Công nhân,Phở,Phường Dĩ An
L04768,R129,2026-06-11,Phở bò tái nạm,44000,48,23000,2,1,1,pickup,11:00,23000,21000,0.5,Công nhân,Phở,Phường Dĩ An
L04769,R129,2026-06-11,Phở bò tái,45000,52,22000,1,0,1,pickup,11:00,0,0,0.0,Công nhân,Phở,Phường Dĩ An
L04770,R130,2026-06-11,Phở bò tái,40000,41,24000,3,1,2,delivery,10:45,24000,16000,0.333,Công nhân,Phở,Phường Lái Thiêu
L04771,R130,2026-06-11,Phở bò tái nạm,47000,45,26000,4,2,2,delivery,10:00,52000,42000,0.5,Công nhân,Phở,Phường Lái Thiêu
L04772,R130,2026-06-11,Phở bò viên,41000,46,22000,3,1,2,delivery,10:30,22000,19000,0.333,Công nhân,Phở,Phường Lái Thiêu
L04773,R130,2026-06-11,Phở bò chín,54000,46,29000,4,2,2,delivery,10:00,58000,50000,0.5,Công nhân,Phở,Phường Lái Thiêu
L04774,R131,2026-06-11,Bún bò thập cẩm,44000,53,21000,1,0,1,delivery,20:15,0,0,0.0,Sinh viên,Bún bò,Phường Phước Long
L04775,R131,2026-06-11,Bún bò viên,37000,47,20000,1,0,1,delivery,20:45,0,0,0.0,Sinh viên,Bún bò,Phường Phước Long
L04776,R131,2026-06-11,Bún bò gân,55000,48,29000,1,0,1,delivery,20:45,0,0,0.0,Sinh viên,Bún bò,Phường Phước Long
L04777,R131,2026-06-11,Bún bò giò heo,45000,50,22000,1,0,1,delivery,20:15,0,0,0.0,Sinh viên,Bún bò,Phường Phước Long
L04778,R132,2026-06-11,Cơm gà luộc,50000,49,26000,4,2,2,pickup,09:45,52000,48000,0.5,Sinh viên,Cơm văn phòng,Phường Linh Xuân
L04779,R132,2026-06-11,Cơm gà xối mỡ,29000,48,15000,3,2,1,delivery,09:00,30000,28000,0.667,Sinh viên,Cơm văn phòng,Phường Linh Xuân
L04780,R132,2026-06-11,Cơm sườn đậu hũ,28000,46,15000,4,2,2,delivery,09:30,30000,26000,0.5,Sinh viên,Cơm văn phòng,Phường Linh Xuân
L04781,R133,2026-06-11,Hủ tiếu bò kho,46000,37,29000,15,7,8,delivery,15:00,203000,119000,0.467,Sinh viên,Hủ tiếu,Phường Cát Lái
L04782,R134,2026-06-11,Cơm tấm đặc biệt,46000,31,32000,1,0,1,delivery,15:45,0,0,0.0,Dân cư đông,Cơm tấm,Phường An Nhơn
L04783,R134,2026-06-11,Cơm tấm sườn nướng,43000,30,30000,1,0,1,pickup,15:45,0,0,0.0,Dân cư đông,Cơm tấm,Phường An Nhơn
L04784,R134,2026-06-11,Cơm tấm bì,30000,35,20000,1,0,1,pickup,15:00,0,0,0.0,Dân cư đông,Cơm tấm,Phường An Nhơn
L04785,R135,2026-06-11,Bún bò gân,56000,52,27000,5,4,1,pickup,20:00,108000,116000,0.8,Sinh viên,Bún bò,Phường Cát Lái
L04786,R135,2026-06-11,Bún bò giò heo,60000,44,34000,7,5,2,pickup,20:45,170000,130000,0.714,Sinh viên,Bún bò,Phường Cát Lái
L04787,R135,2026-06-11,Bún bò Huế đặc biệt,51000,54,23000,7,6,1,pickup,20:00,138000,168000,0.857,Sinh viên,Bún bò,Phường Cát Lái
L04788,R136,2026-06-11,Bún bò thập cẩm,58000,58,24000,6,4,2,delivery,10:30,96000,136000,0.667,Công nhân,Bún bò,Phường Đông Hòa
L04789,R136,2026-06-11,Bún bò giò heo,44000,58,18000,6,5,1,pickup,10:45,90000,130000,0.833,Công nhân,Bún bò,Phường Đông Hòa
L04790,R136,2026-06-11,Bún bò viên,53000,54,24000,7,5,2,pickup,10:45,120000,145000,0.714,Công nhân,Bún bò,Phường Đông Hòa
L04791,R137,2026-06-11,Hủ tiếu thập cẩm,40000,49,20000,1,0,1,delivery,15:45,0,0,0.0,Dân cư đông,Hủ tiếu,Phường Tân Sơn Nhất
L04792,R137,2026-06-11,Hủ tiếu sa tế,46000,41,27000,1,0,1,delivery,15:45,0,0,0.0,Dân cư đông,Hủ tiếu,Phường Tân Sơn Nhất
L04793,R137,2026-06-11,Hủ tiếu mì,46000,47,24000,1,0,1,delivery,15:30,0,0,0.0,Dân cư đông,Hủ tiếu,Phường Tân Sơn Nhất
L04794,R137,2026-06-11,Hủ tiếu bò kho,52000,42,30000,1,0,1,delivery,15:15,0,0,0.0,Dân cư đông,Hủ tiếu,Phường Tân Sơn Nhất
L04795,R137,2026-06-11,Hủ tiếu Nam Vang,58000,49,30000,1,0,1,delivery,15:30,0,0,0.0,Dân cư đông,Hủ tiếu,Phường Tân Sơn Nhất
L04796,R138,2026-06-11,Cơm tấm sườn trứng,34000,56,15000,1,0,1,delivery,16:45,0,0,0.0,Công nhân,Cơm tấm,Phường Đông Hòa
L04797,R138,2026-06-11,Cơm tấm sườn nướng,35000,55,16000,1,0,1,delivery,16:30,0,0,0.0,Công nhân,Cơm tấm,Phường Đông Hòa
L04798,R138,2026-06-11,Cơm tấm bì,43000,57,18000,1,0,1,delivery,16:45,0,0,0.0,Công nhân,Cơm tấm,Phường Đông Hòa
L04799,R138,2026-06-11,Cơm tấm sườn bì chả,45000,53,21000,1,0,1,delivery,16:30,0,0,0.0,Công nhân,Cơm tấm,Phường Đông Hòa
L04800,R139,2026-06-11,Bánh mì trứng,27000,57,12000,3,2,1,delivery,09:15,24000,30000,0.667,Ngoại ô,Bánh mì,Xã Bà Điểm
L04801,R139,2026-06-11,Bánh mì gà,21000,55,9000,3,2,1,delivery,09:15,18000,24000,0.667,Ngoại ô,Bánh mì,Xã Bà Điểm
L04802,R139,2026-06-11,Bánh mì chả lụa,24000,52,12000,3,2,1,delivery,09:30,24000,24000,0.667,Ngoại ô,Bánh mì,Xã Bà Điểm
L04803,R140,2026-06-11,Bún riêu cua,32000,34,21000,5,2,3,pickup,17:45,42000,22000,0.4,Ngoại ô,Bún riêu,Xã Hiệp Phước
L04804,R140,2026-06-11,Bún riêu cua mọc,45000,34,30000,5,3,2,delivery,17:15,90000,45000,0.6,Ngoại ô,Bún riêu,Xã Hiệp Phước
L04805,R141,2026-06-11,Cơm sườn đậu hũ,33000,32,22000,3,1,2,delivery,15:30,22000,11000,0.333,Sinh viên,Cơm văn phòng,Phường Long Bình
L04806,R141,2026-06-11,Cơm gà luộc,49000,34,32000,3,1,2,delivery,15:15,32000,17000,0.333,Sinh viên,Cơm văn phòng,Phường Long Bình
L04807,R142,2026-06-11,Bún riêu thập cẩm,37000,47,20000,4,2,2,pickup,11:15,40000,34000,0.5,Công nhân,Bún riêu,Phường Thuận An
L04808,R142,2026-06-11,Bún riêu cua,41000,45,23000,5,3,2,pickup,11:30,69000,54000,0.6,Công nhân,Bún riêu,Phường Thuận An
L04809,R142,2026-06-11,Bún riêu cua mọc,47000,44,26000,5,3,2,pickup,11:15,78000,63000,0.6,Công nhân,Bún riêu,Phường Thuận An
L04810,R142,2026-06-11,Bún riêu cua đồng,44000,50,22000,6,4,2,pickup,11:45,88000,88000,0.667,Công nhân,Bún riêu,Phường Thuận An
L04811,R143,2026-06-11,Bánh mì xíu mại,22000,50,11000,3,2,1,delivery,16:00,22000,22000,0.667,Sinh viên,Bánh mì,Phường Cát Lái
L04812,R143,2026-06-11,Bánh mì trứng,20000,46,11000,3,2,1,delivery,16:30,22000,18000,0.667,Sinh viên,Bánh mì,Phường Cát Lái
L04813,R143,2026-06-11,Bánh mì thịt nguội,28000,48,15000,3,1,2,delivery,16:45,15000,13000,0.333,Sinh viên,Bánh mì,Phường Cát Lái
L04814,R143,2026-06-11,Bánh mì chả lụa,23000,47,12000,3,1,2,pickup,16:00,12000,11000,0.333,Sinh viên,Bánh mì,Phường Cát Lái
L04815,R144,2026-06-11,Bún bò thập cẩm,40000,54,18000,3,1,2,pickup,15:15,18000,22000,0.333,Sinh viên,Bún bò,Phường Phước Long
L04816,R144,2026-06-11,Bún bò viên,39000,54,18000,3,2,1,pickup,15:15,36000,42000,0.667,Sinh viên,Bún bò,Phường Phước Long
L04817,R144,2026-06-11,Bún bò Huế đặc biệt,58000,60,23000,3,1,2,pickup,15:15,23000,35000,0.333,Sinh viên,Bún bò,Phường Phước Long
L04818,R145,2026-06-11,Cơm tấm đặc biệt,33000,46,18000,1,0,1,delivery,19:15,0,0,0.0,Trung tâm,Cơm tấm,Phường Phú Nhuận
L04819,R145,2026-06-11,Cơm tấm sườn bì chả,33000,47,17000,2,1,1,pickup,19:30,17000,16000,0.5,Trung tâm,Cơm tấm,Phường Phú Nhuận
L04820,R145,2026-06-11,Cơm tấm sườn trứng,33000,45,18000,1,0,1,delivery,19:00,0,0,0.0,Trung tâm,Cơm tấm,Phường Phú Nhuận
L04821,R145,2026-06-11,Cơm tấm bì,30000,48,16000,2,1,1,delivery,19:00,16000,14000,0.5,Trung tâm,Cơm tấm,Phường Phú Nhuận
L04822,R146,2026-06-11,Bún bò gân,60000,57,26000,2,1,1,delivery,16:00,26000,34000,0.5,Công nhân,Bún bò,Phường Tân Đông Hiệp
L04823,R146,2026-06-11,Bún bò Huế đặc biệt,39000,55,18000,2,1,1,delivery,16:30,18000,21000,0.5,Công nhân,Bún bò,Phường Tân Đông Hiệp
L04824,R146,2026-06-11,Bún bò thập cẩm,64000,48,33000,2,1,1,pickup,16:30,33000,31000,0.5,Công nhân,Bún bò,Phường Tân Đông Hiệp
L04825,R147,2026-06-11,Phở bò tái nạm,46000,34,30000,4,2,2,pickup,14:45,60000,32000,0.5,Công nhân,Phở,Phường Dĩ An
L04826,R147,2026-06-11,Phở bò tái,60000,33,40000,3,1,2,delivery,14:30,40000,20000,0.333,Công nhân,Phở,Phường Dĩ An
L04827,R148,2026-06-11,Bún bò gân,38000,30,27000,4,2,2,delivery,17:00,54000,22000,0.5,Trung tâm,Bún bò,Phường Cầu Kiệu
L04828,R148,2026-06-11,Bún bò giò heo,42000,32,29000,4,1,3,delivery,17:15,29000,13000,0.25,Trung tâm,Bún bò,Phường Cầu Kiệu
L04829,R149,2026-06-11,Bún bò thập cẩm,50000,32,34000,17,6,11,delivery,13:30,204000,96000,0.353,Sinh viên,Bún bò,Phường An Khánh
L04830,R000,2026-06-12,Bún bò Huế đặc biệt,50000,30,35000,10,6,4,delivery,18:00,210000,90000,0.6,Công nhân,Bún bò,Phường Đông Hòa
L04831,R000,2026-06-12,Bún bò viên,45000,38,28000,8,3,5,pickup,18:00,84000,51000,0.375,Công nhân,Bún bò,Phường Đông Hòa
L04832,R000,2026-06-12,Bún bò gân,60000,30,42000,8,4,4,delivery,18:45,168000,72000,0.5,Công nhân,Bún bò,Phường Đông Hòa
L04833,R001,2026-06-12,Cơm tấm đặc biệt,43000,40,26000,1,0,1,pickup,19:15,0,0,0.0,Ngoại ô,Cơm tấm,Xã Bình Chánh
L04834,R001,2026-06-12,Cơm tấm bì,35000,39,21000,1,0,1,pickup,19:30,0,0,0.0,Ngoại ô,Cơm tấm,Xã Bình Chánh
L04835,R001,2026-06-12,Cơm tấm sườn nướng,34000,38,21000,1,0,1,pickup,19:00,0,0,0.0,Ngoại ô,Cơm tấm,Xã Bình Chánh
L04836,R002,2026-06-12,Hủ tiếu sa tế,59000,33,40000,3,1,2,pickup,20:30,40000,19000,0.333,Dân cư đông,Hủ tiếu,Phường An Nhơn
L04837,R002,2026-06-12,Hủ tiếu Nam Vang,51000,33,34000,2,1,1,pickup,20:15,34000,17000,0.5,Dân cư đông,Hủ tiếu,Phường An Nhơn
L04838,R002,2026-06-12,Hủ tiếu bò kho,51000,37,32000,3,1,2,delivery,20:15,32000,19000,0.333,Dân cư đông,Hủ tiếu,Phường An Nhơn
L04839,R002,2026-06-12,Hủ tiếu thập cẩm,45000,35,29000,3,1,2,pickup,20:30,29000,16000,0.333,Dân cư đông,Hủ tiếu,Phường An Nhơn
L04840,R002,2026-06-12,Hủ tiếu mì,45000,35,29000,3,1,2,pickup,20:00,29000,16000,0.333,Dân cư đông,Hủ tiếu,Phường An Nhơn
L04841,R003,2026-06-12,Phở bò chín,40000,55,18000,8,7,1,pickup,18:45,126000,154000,0.875,Công nhân,Phở,Phường Bình Hòa
L04842,R003,2026-06-12,Phở bò viên,39000,58,16000,7,5,2,pickup,18:15,80000,115000,0.714,Công nhân,Phở,Phường Bình Hòa
L04843,R003,2026-06-12,Phở bò tái,45000,54,21000,6,5,1,pickup,18:00,105000,120000,0.833,Công nhân,Phở,Phường Bình Hòa
L04844,R003,2026-06-12,Phở gà,59000,60,24000,7,5,2,delivery,18:30,120000,175000,0.714,Công nhân,Phở,Phường Bình Hòa
L04845,R004,2026-06-12,Hủ tiếu sa tế,47000,51,23000,1,0,1,pickup,16:00,0,0,0.0,Sinh viên,Hủ tiếu,Phường Cát Lái
L04846,R004,2026-06-12,Hủ tiếu thập cẩm,46000,47,24000,1,0,1,delivery,16:45,0,0,0.0,Sinh viên,Hủ tiếu,Phường Cát Lái
L04847,R004,2026-06-12,Hủ tiếu bò kho,52000,56,23000,1,0,1,pickup,16:00,0,0,0.0,Sinh viên,Hủ tiếu,Phường Cát Lái
L04848,R004,2026-06-12,Hủ tiếu Nam Vang,44000,52,21000,1,0,1,delivery,16:30,0,0,0.0,Sinh viên,Hủ tiếu,Phường Cát Lái
L04849,R005,2026-06-12,Hủ tiếu sa tế,40000,51,20000,3,2,1,pickup,10:00,40000,40000,0.667,Sinh viên,Hủ tiếu,Phường Long Bình
L04850,R005,2026-06-12,Hủ tiếu bò kho,56000,47,30000,4,2,2,pickup,10:45,60000,52000,0.5,Sinh viên,Hủ tiếu,Phường Long Bình
L04851,R005,2026-06-12,Hủ tiếu mì,60000,47,32000,3,1,2,pickup,10:30,32000,28000,0.333,Sinh viên,Hủ tiếu,Phường Long Bình
L04852,R005,2026-06-12,Hủ tiếu thập cẩm,44000,49,22000,3,2,1,pickup,10:00,44000,44000,0.667,Sinh viên,Hủ tiếu,Phường Long Bình
L04853,R006,2026-06-12,Bún bò viên,46000,39,28000,1,0,1,delivery,17:15,0,0,0.0,Trung tâm,Bún bò,Phường Nhiêu Lộc
L04854,R006,2026-06-12,Bún bò gân,42000,41,25000,2,1,1,delivery,17:00,25000,17000,0.5,Trung tâm,Bún bò,Phường Nhiêu Lộc
L04855,R006,2026-06-12,Bún bò Huế đặc biệt,44000,43,25000,2,1,1,delivery,17:45,25000,19000,0.5,Trung tâm,Bún bò,Phường Nhiêu Lộc
L04856,R006,2026-06-12,Bún bò thập cẩm,39000,43,22000,2,1,1,delivery,17:00,22000,17000,0.5,Trung tâm,Bún bò,Phường Nhiêu Lộc
L04857,R007,2026-06-12,Phở bò tái nạm,48000,41,28000,22,12,10,pickup,09:45,336000,240000,0.545,Dân cư đông,Phở,Phường An Hội Đông
L04858,R008,2026-06-12,Hủ tiếu mì,48000,40,29000,4,2,2,pickup,16:15,58000,38000,0.5,Công nhân,Hủ tiếu,Phường Thuận An
L04859,R008,2026-06-12,Hủ tiếu sa tế,53000,41,31000,5,2,3,pickup,16:30,62000,44000,0.4,Công nhân,Hủ tiếu,Phường Thuận An
L04860,R008,2026-06-12,Hủ tiếu bò kho,45000,49,23000,5,3,2,pickup,16:00,69000,66000,0.6,Công nhân,Hủ tiếu,Phường Thuận An
L04861,R009,2026-06-12,Cơm tấm bì,43000,55,19000,5,4,1,pickup,20:00,76000,96000,0.8,Dân cư đông,Cơm tấm,Phường Tân Bình
L04862,R009,2026-06-12,Cơm tấm sườn trứng,32000,53,15000,4,3,1,pickup,20:15,45000,51000,0.75,Dân cư đông,Cơm tấm,Phường Tân Bình
L04863,R009,2026-06-12,Cơm tấm đặc biệt,52000,55,23000,5,3,2,pickup,20:30,69000,87000,0.6,Dân cư đông,Cơm tấm,Phường Tân Bình
L04864,R010,2026-06-12,Cơm tấm sườn nướng,38000,51,19000,1,0,1,delivery,19:30,0,0,0.0,Trung tâm,Cơm tấm,Phường Đức Nhuận
L04865,R010,2026-06-12,Cơm tấm bì,30000,50,15000,1,0,1,pickup,19:30,0,0,0.0,Trung tâm,Cơm tấm,Phường Đức Nhuận
L04866,R010,2026-06-12,Cơm tấm sườn trứng,31000,42,18000,1,0,1,delivery,19:45,0,0,0.0,Trung tâm,Cơm tấm,Phường Đức Nhuận
L04867,R011,2026-06-12,Bánh mì chả lụa,16000,32,11000,6,2,4,delivery,20:15,22000,10000,0.333,Ngoại ô,Bánh mì,Xã Hiệp Phước
L04868,R012,2026-06-12,Phở bò chín,45000,58,19000,2,1,1,delivery,20:30,19000,26000,0.5,Dân cư đông,Phở,Phường Khánh Hội
L04869,R012,2026-06-12,Phở gà,48000,59,20000,2,1,1,delivery,20:15,20000,28000,0.5,Dân cư đông,Phở,Phường Khánh Hội
L04870,R013,2026-06-12,Phở bò tái,41000,49,21000,3,1,2,pickup,12:30,21000,20000,0.333,Sinh viên,Phở,Phường Long Bình
L04871,R013,2026-06-12,Phở bò tái nạm,45000,47,24000,3,2,1,delivery,12:00,48000,42000,0.667,Sinh viên,Phở,Phường Long Bình
L04872,R013,2026-06-12,Phở gà,50000,47,26000,4,2,2,delivery,12:45,52000,48000,0.5,Sinh viên,Phở,Phường Long Bình
L04873,R013,2026-06-12,Phở bò chín,49000,53,23000,3,2,1,pickup,12:30,46000,52000,0.667,Sinh viên,Phở,Phường Long Bình
L04874,R013,2026-06-12,Phở bò viên,49000,47,26000,3,1,2,delivery,12:00,26000,23000,0.333,Sinh viên,Phở,Phường Long Bình
L04875,R014,2026-06-12,Bánh mì xíu mại,33000,50,16000,1,0,1,delivery,12:30,0,0,0.0,Sinh viên,Bánh mì,Phường An Khánh
L04876,R014,2026-06-12,Bánh mì chả lụa,20000,53,9000,1,0,1,delivery,12:30,0,0,0.0,Sinh viên,Bánh mì,Phường An Khánh
L04877,R015,2026-06-12,Hủ tiếu Nam Vang,46000,47,24000,5,2,3,pickup,13:15,48000,44000,0.4,Sinh viên,Hủ tiếu,Phường Hiệp Bình
L04878,R015,2026-06-12,Hủ tiếu thập cẩm,38000,37,24000,6,3,3,delivery,13:30,72000,42000,0.5,Sinh viên,Hủ tiếu,Phường Hiệp Bình
L04879,R015,2026-06-12,Hủ tiếu bò kho,52000,45,29000,6,4,2,delivery,13:00,116000,92000,0.667,Sinh viên,Hủ tiếu,Phường Hiệp Bình
L04880,R016,2026-06-12,Phở bò viên,48000,43,27000,4,2,2,pickup,16:45,54000,42000,0.5,Sinh viên,Phở,Phường Tăng Nhơn Phú
L04881,R016,2026-06-12,Phở bò tái nạm,50000,49,26000,3,1,2,delivery,16:15,26000,24000,0.333,Sinh viên,Phở,Phường Tăng Nhơn Phú
L04882,R016,2026-06-12,Phở bò chín,44000,43,25000,4,3,1,delivery,16:00,75000,57000,0.75,Sinh viên,Phở,Phường Tăng Nhơn Phú
L04883,R017,2026-06-12,Cơm tấm bì,49000,30,34000,17,10,7,delivery,13:00,340000,150000,0.588,Công nhân,Cơm tấm,Phường Dĩ An
L04884,R018,2026-06-12,Cơm tấm đặc biệt,49000,48,25000,2,1,1,pickup,16:00,25000,24000,0.5,Công nhân,Cơm tấm,Phường Lái Thiêu
L04885,R019,2026-06-12,Bún bò viên,45000,43,26000,6,3,3,pickup,18:30,78000,57000,0.5,Sinh viên,Bún bò,Phường Long Bình
L04886,R019,2026-06-12,Bún bò gân,55000,47,29000,6,3,3,delivery,18:30,87000,78000,0.5,Sinh viên,Bún bò,Phường Long Bình
L04887,R020,2026-06-12,Phở bò tái nạm,45000,37,28000,1,0,1,delivery,09:15,0,0,0.0,Công nhân,Phở,Phường Đông Hòa
L04888,R020,2026-06-12,Phở bò viên,54000,38,33000,2,1,1,delivery,09:15,33000,21000,0.5,Công nhân,Phở,Phường Đông Hòa
L04889,R020,2026-06-12,Phở bò chín,54000,44,30000,2,1,1,delivery,09:30,30000,24000,0.5,Công nhân,Phở,Phường Đông Hòa
L04890,R020,2026-06-12,Phở bò tái,52000,35,34000,1,0,1,delivery,09:15,0,0,0.0,Công nhân,Phở,Phường Đông Hòa
L04891,R021,2026-06-12,Hủ tiếu mì,49000,40,29000,2,1,1,pickup,20:45,29000,20000,0.5,Sinh viên,Hủ tiếu,Phường Bình Trưng
L04892,R021,2026-06-12,Hủ tiếu bò kho,37000,36,24000,3,1,2,pickup,20:30,24000,13000,0.333,Sinh viên,Hủ tiếu,Phường Bình Trưng
L04893,R022,2026-06-12,Bánh mì chả lụa,18000,60,7000,2,1,1,pickup,18:15,7000,11000,0.5,Sinh viên,Bánh mì,Phường Long Bình
L04894,R022,2026-06-12,Bánh mì thịt nguội,21000,54,10000,2,1,1,delivery,18:00,10000,11000,0.5,Sinh viên,Bánh mì,Phường Long Bình
L04895,R022,2026-06-12,Bánh mì trứng,28000,60,11000,1,0,1,pickup,18:00,0,0,0.0,Sinh viên,Bánh mì,Phường Long Bình
L04896,R022,2026-06-12,Bánh mì xíu mại,21000,54,10000,1,0,1,pickup,18:30,0,0,0.0,Sinh viên,Bánh mì,Phường Long Bình
L04897,R022,2026-06-12,Bánh mì gà,20000,57,9000,2,1,1,pickup,18:30,9000,11000,0.5,Sinh viên,Bánh mì,Phường Long Bình
L04898,R023,2026-06-12,Bánh mì chả lụa,25000,30,18000,2,0,2,delivery,17:00,0,0,0.0,Công nhân,Bánh mì,Phường Tân Đông Hiệp
L04899,R023,2026-06-12,Bánh mì thịt nguội,26000,35,17000,2,0,2,pickup,17:15,0,0,0.0,Công nhân,Bánh mì,Phường Tân Đông Hiệp
L04900,R024,2026-06-12,Hủ tiếu thập cẩm,46000,49,23000,13,7,6,delivery,14:00,161000,161000,0.538,Công nhân,Hủ tiếu,Phường An Phú
L04901,R025,2026-06-12,Cơm gà luộc,41000,30,29000,1,0,1,delivery,11:30,0,0,0.0,Dân cư đông,Cơm văn phòng,Phường An Hội Đông
L04902,R025,2026-06-12,Cơm thịt kho trứng,31000,35,20000,1,0,1,delivery,11:45,0,0,0.0,Dân cư đông,Cơm văn phòng,Phường An Hội Đông
L04903,R025,2026-06-12,Cơm sườn đậu hũ,31000,30,22000,1,0,1,delivery,11:45,0,0,0.0,Dân cư đông,Cơm văn phòng,Phường An Hội Đông
L04904,R025,2026-06-12,Cơm canh chua,37000,36,24000,2,1,1,delivery,11:00,24000,13000,0.5,Dân cư đông,Cơm văn phòng,Phường An Hội Đông
L04905,R025,2026-06-12,Cơm gà xối mỡ,45000,30,31000,1,0,1,delivery,11:30,0,0,0.0,Dân cư đông,Cơm văn phòng,Phường An Hội Đông
L04906,R026,2026-06-12,Bún riêu thập cẩm,39000,37,25000,3,1,2,delivery,16:30,25000,14000,0.333,Sinh viên,Bún riêu,Phường Tam Bình
L04907,R027,2026-06-12,Bún bò viên,46000,30,32000,3,1,2,pickup,17:00,32000,14000,0.333,Công nhân,Bún bò,Phường Hòa Lợi
L04908,R028,2026-06-12,Bánh mì gà,22000,56,10000,6,4,2,delivery,14:30,40000,48000,0.667,Công nhân,Bánh mì,Phường Tân Đông Hiệp
L04909,R029,2026-06-12,Phở bò tái nạm,49000,60,20000,1,0,1,delivery,19:15,0,0,0.0,Trung tâm,Phở,Phường Bến Thành
L04910,R029,2026-06-12,Phở gà,57000,53,27000,1,0,1,delivery,19:15,0,0,0.0,Trung tâm,Phở,Phường Bến Thành
L04911,R029,2026-06-12,Phở bò viên,55000,54,25000,1,0,1,delivery,19:15,0,0,0.0,Trung tâm,Phở,Phường Bến Thành
L04912,R029,2026-06-12,Phở bò chín,54000,57,23000,1,0,1,delivery,19:15,0,0,0.0,Trung tâm,Phở,Phường Bến Thành
L04913,R030,2026-06-12,Bún bò thập cẩm,50000,55,22000,12,8,4,pickup,15:15,176000,224000,0.667,Công nhân,Bún bò,Phường An Phú
L04914,R030,2026-06-12,Bún bò viên,51000,52,24000,14,13,1,delivery,15:45,312000,351000,0.929,Công nhân,Bún bò,Phường An Phú
L04915,R031,2026-06-12,Phở bò tái nạm,55000,45,30000,5,2,3,pickup,09:30,60000,50000,0.4,Sinh viên,Phở,Phường Phước Long
L04916,R031,2026-06-12,Phở bò tái,49000,39,30000,6,2,4,pickup,09:30,60000,38000,0.333,Sinh viên,Phở,Phường Phước Long
L04917,R032,2026-06-12,Cơm sườn đậu hũ,36000,47,19000,4,2,2,delivery,13:15,38000,34000,0.5,Trung tâm,Cơm văn phòng,Phường Cầu Ông Lãnh
L04918,R033,2026-06-12,Cơm tấm đặc biệt,33000,45,18000,2,1,1,pickup,13:30,18000,15000,0.5,Dân cư đông,Cơm tấm,Phường Tân Hòa
L04919,R033,2026-06-12,Cơm tấm bì,46000,49,23000,2,1,1,pickup,13:30,23000,23000,0.5,Dân cư đông,Cơm tấm,Phường Tân Hòa
L04920,R033,2026-06-12,Cơm tấm sườn nướng,30000,48,16000,1,0,1,pickup,13:15,0,0,0.0,Dân cư đông,Cơm tấm,Phường Tân Hòa
L04921,R033,2026-06-12,Cơm tấm sườn bì chả,36000,43,21000,1,0,1,pickup,13:15,0,0,0.0,Dân cư đông,Cơm tấm,Phường Tân Hòa
L04922,R033,2026-06-12,Cơm tấm sườn trứng,34000,43,19000,2,1,1,pickup,13:45,19000,15000,0.5,Dân cư đông,Cơm tấm,Phường Tân Hòa
L04923,R034,2026-06-12,Bún bò giò heo,52000,31,36000,5,2,3,pickup,18:45,72000,32000,0.4,Ngoại ô,Bún bò,Xã Bình Chánh
L04924,R034,2026-06-12,Bún bò viên,54000,30,38000,6,2,4,pickup,18:30,76000,32000,0.333,Ngoại ô,Bún bò,Xã Bình Chánh
L04925,R035,2026-06-12,Bánh mì trứng,27000,51,13000,1,0,1,delivery,12:45,0,0,0.0,Dân cư đông,Bánh mì,Phường Tân Sơn Nhất
L04926,R035,2026-06-12,Bánh mì thịt nguội,23000,60,9000,1,0,1,delivery,12:30,0,0,0.0,Dân cư đông,Bánh mì,Phường Tân Sơn Nhất
L04927,R035,2026-06-12,Bánh mì chả lụa,17000,56,7000,1,0,1,delivery,12:00,0,0,0.0,Dân cư đông,Bánh mì,Phường Tân Sơn Nhất
L04928,R035,2026-06-12,Bánh mì gà,28000,60,11000,1,0,1,delivery,12:15,0,0,0.0,Dân cư đông,Bánh mì,Phường Tân Sơn Nhất
L04929,R035,2026-06-12,Bánh mì xíu mại,20000,60,8000,1,0,1,delivery,12:15,0,0,0.0,Dân cư đông,Bánh mì,Phường Tân Sơn Nhất
L04930,R036,2026-06-12,Bún bò Huế đặc biệt,51000,38,32000,4,2,2,pickup,14:00,64000,38000,0.5,Sinh viên,Bún bò,Phường Phước Long
L04931,R036,2026-06-12,Bún bò viên,44000,32,30000,4,2,2,delivery,14:30,60000,28000,0.5,Sinh viên,Bún bò,Phường Phước Long
L04932,R036,2026-06-12,Bún bò thập cẩm,43000,35,28000,4,2,2,pickup,14:15,56000,30000,0.5,Sinh viên,Bún bò,Phường Phước Long
L04933,R037,2026-06-12,Bún bò viên,42000,43,24000,9,5,4,delivery,15:30,120000,90000,0.556,Trung tâm,Bún bò,Phường Tân Định
L04934,R038,2026-06-12,Bún bò giò heo,47000,45,26000,1,0,1,pickup,17:00,0,0,0.0,Công nhân,Bún bò,Phường Thuận Giao
L04935,R038,2026-06-12,Bún bò thập cẩm,43000,47,23000,2,1,1,pickup,17:00,23000,20000,0.5,Công nhân,Bún bò,Phường Thuận Giao
L04936,R039,2026-06-12,Bún riêu cua đồng,34000,57,15000,20,15,5,delivery,09:00,225000,285000,0.75,Công nhân,Bún riêu,Phường Đông Hòa
L04937,R040,2026-06-12,Bún bò thập cẩm,44000,60,18000,1,0,1,delivery,14:45,0,0,0.0,Sinh viên,Bún bò,Phường Bình Trưng
L04938,R041,2026-06-12,Phở bò chín,53000,50,26000,3,2,1,pickup,15:45,52000,54000,0.667,Công nhân,Phở,Phường Tân Khánh
L04939,R041,2026-06-12,Phở bò tái,41000,44,23000,3,1,2,delivery,15:00,23000,18000,0.333,Công nhân,Phở,Phường Tân Khánh
L04940,R042,2026-06-12,Cơm tấm sườn bì chả,40000,59,16000,3,2,1,delivery,11:45,32000,48000,0.667,Trung tâm,Cơm tấm,Phường Tân Định
L04941,R042,2026-06-12,Cơm tấm bì,43000,58,18000,3,2,1,delivery,11:00,36000,50000,0.667,Trung tâm,Cơm tấm,Phường Tân Định
L04942,R042,2026-06-12,Cơm tấm đặc biệt,36000,60,14000,3,2,1,delivery,11:00,28000,44000,0.667,Trung tâm,Cơm tấm,Phường Tân Định
L04943,R043,2026-06-12,Cơm gà xối mỡ,37000,55,17000,2,1,1,pickup,16:45,17000,20000,0.5,Dân cư đông,Cơm văn phòng,Phường Bảy Hiền
L04944,R043,2026-06-12,Cơm sườn đậu hũ,35000,58,15000,3,2,1,pickup,16:00,30000,40000,0.667,Dân cư đông,Cơm văn phòng,Phường Bảy Hiền
L04945,R043,2026-06-12,Cơm thịt kho trứng,43000,60,17000,2,1,1,pickup,16:45,17000,26000,0.5,Dân cư đông,Cơm văn phòng,Phường Bảy Hiền
L04946,R043,2026-06-12,Cơm canh chua,42000,59,17000,3,2,1,pickup,16:30,34000,50000,0.667,Dân cư đông,Cơm văn phòng,Phường Bảy Hiền
L04947,R043,2026-06-12,Cơm gà luộc,42000,58,18000,3,2,1,pickup,16:00,36000,48000,0.667,Dân cư đông,Cơm văn phòng,Phường Bảy Hiền
L04948,R044,2026-06-12,Hủ tiếu sa tế,43000,52,21000,3,2,1,pickup,13:00,42000,44000,0.667,Sinh viên,Hủ tiếu,Phường Tam Bình
L04949,R044,2026-06-12,Hủ tiếu mì,46000,52,22000,3,2,1,pickup,13:15,44000,48000,0.667,Sinh viên,Hủ tiếu,Phường Tam Bình
L04950,R044,2026-06-12,Hủ tiếu thập cẩm,38000,55,17000,2,1,1,delivery,13:45,17000,21000,0.5,Sinh viên,Hủ tiếu,Phường Tam Bình
L04951,R045,2026-06-12,Bún bò thập cẩm,54000,45,30000,4,2,2,pickup,17:45,60000,48000,0.5,Công nhân,Bún bò,Phường Thuận An
L04952,R045,2026-06-12,Bún bò giò heo,57000,41,34000,4,3,1,pickup,17:00,102000,69000,0.75,Công nhân,Bún bò,Phường Thuận An
L04953,R045,2026-06-12,Bún bò Huế đặc biệt,46000,45,25000,4,2,2,delivery,17:00,50000,42000,0.5,Công nhân,Bún bò,Phường Thuận An
L04954,R046,2026-06-12,Bánh mì gà,21000,52,10000,3,2,1,pickup,13:30,20000,22000,0.667,Sinh viên,Bánh mì,Phường Cát Lái
L04955,R046,2026-06-12,Bánh mì xíu mại,27000,54,12000,3,2,1,pickup,13:15,24000,30000,0.667,Sinh viên,Bánh mì,Phường Cát Lái
L04956,R046,2026-06-12,Bánh mì thịt nguội,29000,51,14000,3,1,2,pickup,13:45,14000,15000,0.333,Sinh viên,Bánh mì,Phường Cát Lái
L04957,R046,2026-06-12,Bánh mì chả lụa,31000,58,13000,2,1,1,pickup,13:15,13000,18000,0.5,Sinh viên,Bánh mì,Phường Cát Lái
L04958,R046,2026-06-12,Bánh mì trứng,20000,49,10000,2,1,1,pickup,13:00,10000,10000,0.5,Sinh viên,Bánh mì,Phường Cát Lái
L04959,R047,2026-06-12,Bún bò Huế đặc biệt,51000,45,28000,24,18,6,delivery,17:30,504000,414000,0.75,Công nhân,Bún bò,Phường Tân Khánh
L04960,R048,2026-06-12,Bánh mì trứng,30000,51,15000,4,3,1,delivery,18:15,45000,45000,0.75,Công nhân,Bánh mì,Phường An Phú
L04961,R048,2026-06-12,Bánh mì xíu mại,23000,55,10000,3,2,1,delivery,18:00,20000,26000,0.667,Công nhân,Bánh mì,Phường An Phú
L04962,R049,2026-06-12,Phở bò tái,50000,36,32000,1,0,1,delivery,12:00,0,0,0.0,Sinh viên,Phở,Phường Thủ Đức
L04963,R049,2026-06-12,Phở bò viên,50000,45,28000,1,0,1,pickup,12:30,0,0,0.0,Sinh viên,Phở,Phường Thủ Đức
L04964,R049,2026-06-12,Phở bò chín,46000,45,25000,1,0,1,pickup,12:15,0,0,0.0,Sinh viên,Phở,Phường Thủ Đức
L04965,R049,2026-06-12,Phở gà,43000,42,25000,1,0,1,delivery,12:15,0,0,0.0,Sinh viên,Phở,Phường Thủ Đức
L04966,R050,2026-06-12,Bánh mì xíu mại,16000,48,8000,1,0,1,pickup,17:30,0,0,0.0,Ngoại ô,Bánh mì,Xã Hưng Long
L04967,R051,2026-06-12,Hủ tiếu thập cẩm,48000,53,23000,5,3,2,pickup,13:30,69000,75000,0.6,Dân cư đông,Hủ tiếu,Phường Hạnh Thông
L04968,R052,2026-06-12,Cơm tấm đặc biệt,42000,44,24000,4,3,1,delivery,18:30,72000,54000,0.75,Dân cư đông,Cơm tấm,Phường Xóm Chiếu
L04969,R052,2026-06-12,Cơm tấm sườn bì chả,38000,38,24000,5,3,2,delivery,18:45,72000,42000,0.6,Dân cư đông,Cơm tấm,Phường Xóm Chiếu
L04970,R052,2026-06-12,Cơm tấm sườn trứng,35000,43,20000,3,2,1,delivery,18:15,40000,30000,0.667,Dân cư đông,Cơm tấm,Phường Xóm Chiếu
L04971,R053,2026-06-12,Bánh mì chả lụa,29000,57,12000,3,2,1,delivery,17:00,24000,34000,0.667,Dân cư đông,Bánh mì,Phường Gia Định
L04972,R053,2026-06-12,Bánh mì xíu mại,19000,60,8000,4,2,2,delivery,17:15,16000,22000,0.5,Dân cư đông,Bánh mì,Phường Gia Định
L04973,R053,2026-06-12,Bánh mì thịt nguội,23000,55,10000,4,3,1,delivery,17:00,30000,39000,0.75,Dân cư đông,Bánh mì,Phường Gia Định
L04974,R053,2026-06-12,Bánh mì trứng,24000,60,10000,4,2,2,delivery,17:15,20000,28000,0.5,Dân cư đông,Bánh mì,Phường Gia Định
L04975,R053,2026-06-12,Bánh mì gà,25000,58,10000,3,2,1,delivery,17:15,20000,30000,0.667,Dân cư đông,Bánh mì,Phường Gia Định
L04976,R054,2026-06-12,Bánh mì thịt nguội,26000,53,12000,3,2,1,pickup,11:00,24000,28000,0.667,Công nhân,Bánh mì,Phường Bình Hòa
L04977,R054,2026-06-12,Bánh mì chả lụa,31000,57,13000,3,2,1,pickup,11:15,26000,36000,0.667,Công nhân,Bánh mì,Phường Bình Hòa
L04978,R054,2026-06-12,Bánh mì trứng,20000,56,9000,3,2,1,delivery,11:00,18000,22000,0.667,Công nhân,Bánh mì,Phường Bình Hòa
L04979,R054,2026-06-12,Bánh mì gà,20000,55,9000,4,3,1,delivery,11:30,27000,33000,0.75,Công nhân,Bánh mì,Phường Bình Hòa
L04980,R055,2026-06-12,Cơm tấm sườn trứng,44000,58,18000,1,0,1,pickup,12:45,0,0,0.0,Dân cư đông,Cơm tấm,Phường Thông Tây Hội
L04981,R055,2026-06-12,Cơm tấm sườn nướng,35000,60,14000,1,0,1,delivery,12:45,0,0,0.0,Dân cư đông,Cơm tấm,Phường Thông Tây Hội
L04982,R055,2026-06-12,Cơm tấm sườn bì chả,28000,60,11000,2,1,1,pickup,12:45,11000,17000,0.5,Dân cư đông,Cơm tấm,Phường Thông Tây Hội
L04983,R055,2026-06-12,Cơm tấm đặc biệt,34000,59,14000,2,1,1,delivery,12:00,14000,20000,0.5,Dân cư đông,Cơm tấm,Phường Thông Tây Hội
L04984,R055,2026-06-12,Cơm tấm bì,40000,56,18000,1,0,1,delivery,12:30,0,0,0.0,Dân cư đông,Cơm tấm,Phường Thông Tây Hội
L04985,R056,2026-06-12,Hủ tiếu Nam Vang,46000,32,31000,4,1,3,delivery,17:00,31000,15000,0.25,Trung tâm,Hủ tiếu,Phường Nhiêu Lộc
L04986,R056,2026-06-12,Hủ tiếu bò kho,38000,34,25000,3,1,2,pickup,17:30,25000,13000,0.333,Trung tâm,Hủ tiếu,Phường Nhiêu Lộc
L04987,R057,2026-06-12,Bún bò gân,43000,53,20000,1,0,1,pickup,18:45,0,0,0.0,Sinh viên,Bún bò,Phường Bình Trưng
L04988,R057,2026-06-12,Bún bò thập cẩm,43000,50,22000,1,0,1,pickup,18:30,0,0,0.0,Sinh viên,Bún bò,Phường Bình Trưng
L04989,R058,2026-06-12,Bánh mì thịt nguội,25000,30,18000,1,0,1,pickup,19:30,0,0,0.0,Trung tâm,Bánh mì,Phường Cầu Kiệu
L04990,R058,2026-06-12,Bánh mì chả lụa,19000,37,12000,1,0,1,pickup,19:15,0,0,0.0,Trung tâm,Bánh mì,Phường Cầu Kiệu
L04991,R058,2026-06-12,Bánh mì gà,19000,30,13000,1,0,1,pickup,19:00,0,0,0.0,Trung tâm,Bánh mì,Phường Cầu Kiệu
L04992,R058,2026-06-12,Bánh mì trứng,24000,30,17000,1,0,1,pickup,19:45,0,0,0.0,Trung tâm,Bánh mì,Phường Cầu Kiệu
L04993,R059,2026-06-12,Cơm tấm bì,44000,30,31000,1,0,1,delivery,14:15,0,0,0.0,Sinh viên,Cơm tấm,Phường Tam Bình
L04994,R059,2026-06-12,Cơm tấm sườn trứng,43000,30,30000,1,0,1,pickup,14:15,0,0,0.0,Sinh viên,Cơm tấm,Phường Tam Bình
L04995,R060,2026-06-12,Phở bò viên,43000,56,19000,3,2,1,pickup,10:45,38000,48000,0.667,Công nhân,Phở,Phường Tân Đông Hiệp
L04996,R061,2026-06-12,Cơm tấm bì,35000,41,21000,4,2,2,delivery,15:45,42000,28000,0.5,Sinh viên,Cơm tấm,Phường Tam Bình
L04997,R061,2026-06-12,Cơm tấm sườn trứng,32000,42,19000,4,2,2,delivery,15:45,38000,26000,0.5,Sinh viên,Cơm tấm,Phường Tam Bình
L04998,R062,2026-06-12,Phở gà,41000,36,26000,1,0,1,delivery,10:30,0,0,0.0,Dân cư đông,Phở,Phường Hạnh Thông
L04999,R062,2026-06-12,Phở bò tái,40000,32,27000,1,0,1,delivery,10:15,0,0,0.0,Dân cư đông,Phở,Phường Hạnh Thông
L05000,R062,2026-06-12,Phở bò viên,62000,30,43000,1,0,1,delivery,10:30,0,0,0.0,Dân cư đông,Phở,Phường Hạnh Thông
L05001,R062,2026-06-12,Phở bò chín,42000,36,27000,1,0,1,delivery,10:45,0,0,0.0,Dân cư đông,Phở,Phường Hạnh Thông
L05002,R062,2026-06-12,Phở bò tái nạm,43000,31,30000,1,0,1,delivery,10:15,0,0,0.0,Dân cư đông,Phở,Phường Hạnh Thông
L05003,R063,2026-06-12,Hủ tiếu thập cẩm,48000,40,29000,4,2,2,delivery,19:00,58000,38000,0.5,Công nhân,Hủ tiếu,Phường Thuận Giao
L05004,R063,2026-06-12,Hủ tiếu Nam Vang,45000,41,27000,4,2,2,delivery,19:45,54000,36000,0.5,Công nhân,Hủ tiếu,Phường Thuận Giao
L05005,R063,2026-06-12,Hủ tiếu sa tế,55000,41,32000,4,2,2,delivery,19:30,64000,46000,0.5,Công nhân,Hủ tiếu,Phường Thuận Giao
L05006,R064,2026-06-12,Bún bò Huế đặc biệt,40000,43,23000,3,2,1,delivery,10:45,46000,34000,0.667,Sinh viên,Bún bò,Phường Tăng Nhơn Phú
L05007,R064,2026-06-12,Bún bò thập cẩm,47000,44,26000,3,2,1,delivery,10:45,52000,42000,0.667,Sinh viên,Bún bò,Phường Tăng Nhơn Phú
L05008,R064,2026-06-12,Bún bò gân,60000,48,31000,2,1,1,pickup,10:30,31000,29000,0.5,Sinh viên,Bún bò,Phường Tăng Nhơn Phú
L05009,R065,2026-06-12,Cơm tấm sườn trứng,42000,49,21000,2,1,1,pickup,19:15,21000,21000,0.5,Công nhân,Cơm tấm,Phường Đông Hòa
L05010,R065,2026-06-12,Cơm tấm bì,36000,56,16000,2,1,1,pickup,19:00,16000,20000,0.5,Công nhân,Cơm tấm,Phường Đông Hòa
L05011,R065,2026-06-12,Cơm tấm sườn nướng,45000,57,19000,2,1,1,pickup,19:30,19000,26000,0.5,Công nhân,Cơm tấm,Phường Đông Hòa
L05012,R066,2026-06-12,Cơm sườn đậu hũ,41000,60,16000,4,3,1,pickup,09:00,48000,75000,0.75,Sinh viên,Cơm văn phòng,Phường An Khánh
L05013,R066,2026-06-12,Cơm gà luộc,39000,60,16000,5,3,2,pickup,09:30,48000,69000,0.6,Sinh viên,Cơm văn phòng,Phường An Khánh
L05014,R066,2026-06-12,Cơm gà xối mỡ,41000,60,16000,4,3,1,pickup,09:15,48000,75000,0.75,Sinh viên,Cơm văn phòng,Phường An Khánh
L05015,R067,2026-06-12,Cơm gà luộc,33000,52,16000,1,0,1,pickup,19:30,0,0,0.0,Dân cư đông,Cơm văn phòng,Phường An Hội Đông
L05016,R067,2026-06-12,Cơm thịt kho trứng,39000,42,23000,1,0,1,pickup,19:00,0,0,0.0,Dân cư đông,Cơm văn phòng,Phường An Hội Đông
L05017,R067,2026-06-12,Cơm gà xối mỡ,32000,43,18000,1,0,1,delivery,19:30,0,0,0.0,Dân cư đông,Cơm văn phòng,Phường An Hội Đông
L05018,R067,2026-06-12,Cơm canh chua,35000,50,18000,1,0,1,pickup,19:00,0,0,0.0,Dân cư đông,Cơm văn phòng,Phường An Hội Đông
L05019,R067,2026-06-12,Cơm sườn đậu hũ,48000,50,24000,1,0,1,pickup,19:45,0,0,0.0,Dân cư đông,Cơm văn phòng,Phường An Hội Đông
L05020,R068,2026-06-12,Bún riêu cua mọc,43000,31,30000,1,0,1,delivery,19:30,0,0,0.0,Trung tâm,Bún riêu,Phường Xuân Hòa
L05021,R068,2026-06-12,Bún riêu cua đồng,46000,36,29000,1,0,1,delivery,19:30,0,0,0.0,Trung tâm,Bún riêu,Phường Xuân Hòa
L05022,R068,2026-06-12,Bún riêu cua,38000,34,25000,1,0,1,delivery,19:45,0,0,0.0,Trung tâm,Bún riêu,Phường Xuân Hòa
L05023,R069,2026-06-12,Bánh mì xíu mại,25000,48,13000,1,0,1,delivery,20:00,0,0,0.0,Ngoại ô,Bánh mì,Xã Xuân Thới Sơn
L05024,R069,2026-06-12,Bánh mì chả lụa,23000,44,13000,1,0,1,delivery,20:45,0,0,0.0,Ngoại ô,Bánh mì,Xã Xuân Thới Sơn
L05025,R069,2026-06-12,Bánh mì thịt nguội,20000,44,11000,1,0,1,delivery,20:45,0,0,0.0,Ngoại ô,Bánh mì,Xã Xuân Thới Sơn
L05026,R070,2026-06-12,Hủ tiếu mì,58000,57,25000,1,0,1,pickup,19:00,0,0,0.0,Dân cư đông,Hủ tiếu,Phường Gò Vấp
L05027,R070,2026-06-12,Hủ tiếu Nam Vang,45000,60,18000,1,0,1,delivery,19:15,0,0,0.0,Dân cư đông,Hủ tiếu,Phường Gò Vấp
L05028,R070,2026-06-12,Hủ tiếu thập cẩm,54000,56,24000,1,0,1,delivery,19:00,0,0,0.0,Dân cư đông,Hủ tiếu,Phường Gò Vấp
L05029,R070,2026-06-12,Hủ tiếu sa tế,39000,56,17000,1,0,1,delivery,19:00,0,0,0.0,Dân cư đông,Hủ tiếu,Phường Gò Vấp
L05030,R071,2026-06-12,Cơm tấm sườn bì chả,33000,36,21000,4,2,2,pickup,11:45,42000,24000,0.5,Sinh viên,Cơm tấm,Phường Bình Trưng
L05031,R071,2026-06-12,Cơm tấm bì,46000,30,32000,3,1,2,delivery,11:15,32000,14000,0.333,Sinh viên,Cơm tấm,Phường Bình Trưng
L05032,R071,2026-06-12,Cơm tấm sườn nướng,38000,30,27000,3,1,2,pickup,11:00,27000,11000,0.333,Sinh viên,Cơm tấm,Phường Bình Trưng
L05033,R071,2026-06-12,Cơm tấm đặc biệt,35000,35,23000,3,1,2,pickup,11:00,23000,12000,0.333,Sinh viên,Cơm tấm,Phường Bình Trưng
L05034,R071,2026-06-12,Cơm tấm sườn trứng,28000,34,18000,3,1,2,delivery,11:15,18000,10000,0.333,Sinh viên,Cơm tấm,Phường Bình Trưng
L05035,R072,2026-06-12,Cơm gà xối mỡ,46000,54,21000,4,2,2,delivery,14:15,42000,50000,0.5,Trung tâm,Cơm văn phòng,Phường Bến Thành
L05036,R072,2026-06-12,Cơm thịt kho trứng,35000,58,15000,4,2,2,pickup,14:00,30000,40000,0.5,Trung tâm,Cơm văn phòng,Phường Bến Thành
L05037,R073,2026-06-12,Bánh mì chả lụa,25000,43,14000,2,1,1,delivery,16:30,14000,11000,0.5,Dân cư đông,Bánh mì,Phường Vĩnh Hội
L05038,R073,2026-06-12,Bánh mì trứng,26000,49,13000,2,1,1,pickup,16:45,13000,13000,0.5,Dân cư đông,Bánh mì,Phường Vĩnh Hội
L05039,R074,2026-06-12,Cơm canh chua,30000,32,20000,2,0,2,pickup,17:00,0,0,0.0,Dân cư đông,Cơm văn phòng,Phường Bình Lợi Trung
L05040,R074,2026-06-12,Cơm sườn đậu hũ,36000,34,24000,2,1,1,pickup,17:45,24000,12000,0.5,Dân cư đông,Cơm văn phòng,Phường Bình Lợi Trung
L05041,R074,2026-06-12,Cơm gà luộc,30000,30,21000,2,1,1,pickup,17:45,21000,9000,0.5,Dân cư đông,Cơm văn phòng,Phường Bình Lợi Trung
L05042,R074,2026-06-12,Cơm thịt kho trứng,37000,30,26000,2,1,1,pickup,17:15,26000,11000,0.5,Dân cư đông,Cơm văn phòng,Phường Bình Lợi Trung
L05043,R074,2026-06-12,Cơm gà xối mỡ,45000,33,30000,2,1,1,pickup,17:45,30000,15000,0.5,Dân cư đông,Cơm văn phòng,Phường Bình Lợi Trung
L05044,R075,2026-06-12,Cơm tấm đặc biệt,35000,55,16000,3,2,1,delivery,15:15,32000,38000,0.667,Dân cư đông,Cơm tấm,Phường Vĩnh Hội
L05045,R075,2026-06-12,Cơm tấm sườn trứng,39000,48,20000,3,1,2,delivery,15:45,20000,19000,0.333,Dân cư đông,Cơm tấm,Phường Vĩnh Hội
L05046,R075,2026-06-12,Cơm tấm sườn nướng,52000,49,27000,3,1,2,delivery,15:45,27000,25000,0.333,Dân cư đông,Cơm tấm,Phường Vĩnh Hội
L05047,R076,2026-06-12,Phở bò viên,42000,43,24000,6,4,2,pickup,12:15,96000,72000,0.667,Dân cư đông,Phở,Phường An Nhơn
L05048,R076,2026-06-12,Phở bò tái nạm,54000,44,30000,5,2,3,pickup,12:00,60000,48000,0.4,Dân cư đông,Phở,Phường An Nhơn
L05049,R076,2026-06-12,Phở bò chín,46000,38,29000,7,2,5,pickup,12:30,58000,34000,0.286,Dân cư đông,Phở,Phường An Nhơn
L05050,R077,2026-06-12,Cơm tấm đặc biệt,46000,40,28000,2,1,1,delivery,14:30,28000,18000,0.5,Trung tâm,Cơm tấm,Phường Xuân Hòa
L05051,R077,2026-06-12,Cơm tấm sườn nướng,48000,44,27000,3,1,2,delivery,14:15,27000,21000,0.333,Trung tâm,Cơm tấm,Phường Xuân Hòa
L05052,R077,2026-06-12,Cơm tấm bì,35000,47,19000,2,1,1,delivery,14:30,19000,16000,0.5,Trung tâm,Cơm tấm,Phường Xuân Hòa
L05053,R078,2026-06-12,Bún riêu thập cẩm,35000,42,20000,2,1,1,delivery,13:30,20000,15000,0.5,Công nhân,Bún riêu,Phường Tân Đông Hiệp
L05054,R078,2026-06-12,Bún riêu cua,40000,39,24000,2,1,1,delivery,13:45,24000,16000,0.5,Công nhân,Bún riêu,Phường Tân Đông Hiệp
L05055,R078,2026-06-12,Bún riêu cua mọc,47000,37,30000,2,0,2,pickup,13:30,0,0,0.0,Công nhân,Bún riêu,Phường Tân Đông Hiệp
L05056,R078,2026-06-12,Bún riêu cua đồng,42000,34,28000,2,0,2,delivery,13:45,0,0,0.0,Công nhân,Bún riêu,Phường Tân Đông Hiệp
L05057,R079,2026-06-12,Cơm tấm bì,36000,49,18000,8,5,3,delivery,16:00,90000,90000,0.625,Sinh viên,Cơm tấm,Phường Bình Trưng
L05058,R080,2026-06-12,Cơm tấm bì,31000,46,17000,1,0,1,delivery,09:00,0,0,0.0,Dân cư đông,Cơm tấm,Phường An Hội Đông
L05059,R080,2026-06-12,Cơm tấm sườn nướng,32000,51,16000,1,0,1,delivery,09:45,0,0,0.0,Dân cư đông,Cơm tấm,Phường An Hội Đông
L05060,R080,2026-06-12,Cơm tấm đặc biệt,36000,46,19000,1,0,1,pickup,09:00,0,0,0.0,Dân cư đông,Cơm tấm,Phường An Hội Đông
L05061,R080,2026-06-12,Cơm tấm sườn bì chả,39000,46,21000,2,1,1,delivery,09:45,21000,18000,0.5,Dân cư đông,Cơm tấm,Phường An Hội Đông
L05062,R080,2026-06-12,Cơm tấm sườn trứng,45000,45,25000,2,1,1,delivery,09:45,25000,20000,0.5,Dân cư đông,Cơm tấm,Phường An Hội Đông
L05063,R081,2026-06-12,Bún riêu cua mọc,34000,53,16000,3,2,1,pickup,09:00,32000,36000,0.667,Công nhân,Bún riêu,Phường Đông Hòa
L05064,R081,2026-06-12,Bún riêu thập cẩm,44000,51,22000,4,3,1,pickup,09:00,66000,66000,0.75,Công nhân,Bún riêu,Phường Đông Hòa
L05065,R081,2026-06-12,Bún riêu cua,48000,57,21000,3,2,1,pickup,09:30,42000,54000,0.667,Công nhân,Bún riêu,Phường Đông Hòa
L05066,R081,2026-06-12,Bún riêu cua đồng,41000,54,19000,3,2,1,pickup,09:45,38000,44000,0.667,Công nhân,Bún riêu,Phường Đông Hòa
L05067,R082,2026-06-12,Hủ tiếu Nam Vang,41000,57,18000,8,7,1,delivery,19:30,126000,161000,0.875,Sinh viên,Hủ tiếu,Phường Tăng Nhơn Phú
L05068,R082,2026-06-12,Hủ tiếu sa tế,47000,58,20000,11,10,1,delivery,19:45,200000,270000,0.909,Sinh viên,Hủ tiếu,Phường Tăng Nhơn Phú
L05069,R083,2026-06-12,Cơm tấm bì,33000,35,21000,2,0,2,pickup,14:00,0,0,0.0,Trung tâm,Cơm tấm,Phường Sài Gòn
L05070,R083,2026-06-12,Cơm tấm đặc biệt,31000,34,20000,1,0,1,delivery,14:00,0,0,0.0,Trung tâm,Cơm tấm,Phường Sài Gòn
L05071,R083,2026-06-12,Cơm tấm sườn bì chả,30000,30,21000,2,1,1,pickup,14:45,21000,9000,0.5,Trung tâm,Cơm tấm,Phường Sài Gòn
L05072,R084,2026-06-12,Bún riêu cua,43000,46,23000,1,0,1,delivery,18:30,0,0,0.0,Sinh viên,Bún riêu,Phường Hiệp Bình
L05073,R085,2026-06-12,Bánh mì trứng,19000,57,8000,17,15,2,pickup,20:00,120000,165000,0.882,Sinh viên,Bánh mì,Phường Tăng Nhơn Phú
L05074,R086,2026-06-12,Phở bò chín,48000,52,23000,1,0,1,delivery,10:30,0,0,0.0,Dân cư đông,Phở,Phường Tân Sơn Nhất
L05075,R086,2026-06-12,Phở bò tái,47000,51,23000,1,0,1,delivery,10:15,0,0,0.0,Dân cư đông,Phở,Phường Tân Sơn Nhất
L05076,R086,2026-06-12,Phở gà,52000,55,23000,1,0,1,delivery,10:30,0,0,0.0,Dân cư đông,Phở,Phường Tân Sơn Nhất
L05077,R086,2026-06-12,Phở bò tái nạm,45000,60,18000,1,0,1,delivery,10:45,0,0,0.0,Dân cư đông,Phở,Phường Tân Sơn Nhất
L05078,R086,2026-06-12,Phở bò viên,51000,57,22000,1,0,1,delivery,10:15,0,0,0.0,Dân cư đông,Phở,Phường Tân Sơn Nhất
L05079,R087,2026-06-12,Phở bò tái,52000,37,33000,12,5,7,pickup,13:45,165000,95000,0.417,Công nhân,Phở,Phường Thuận An
L05080,R087,2026-06-12,Phở gà,47000,37,30000,15,6,9,pickup,13:30,180000,102000,0.4,Công nhân,Phở,Phường Thuận An
L05081,R088,2026-06-12,Cơm tấm sườn nướng,30000,55,13000,3,2,1,pickup,09:45,26000,34000,0.667,Dân cư đông,Cơm tấm,Phường Gò Vấp
L05082,R088,2026-06-12,Cơm tấm sườn bì chả,28000,53,13000,2,1,1,pickup,09:45,13000,15000,0.5,Dân cư đông,Cơm tấm,Phường Gò Vấp
L05083,R088,2026-06-12,Cơm tấm bì,45000,59,18000,2,1,1,pickup,09:00,18000,27000,0.5,Dân cư đông,Cơm tấm,Phường Gò Vấp
L05084,R088,2026-06-12,Cơm tấm đặc biệt,42000,60,17000,2,1,1,delivery,09:15,17000,25000,0.5,Dân cư đông,Cơm tấm,Phường Gò Vấp
L05085,R088,2026-06-12,Cơm tấm sườn trứng,51000,57,22000,3,2,1,pickup,09:15,44000,58000,0.667,Dân cư đông,Cơm tấm,Phường Gò Vấp
L05086,R089,2026-06-12,Hủ tiếu mì,47000,30,33000,1,0,1,pickup,15:45,0,0,0.0,Công nhân,Hủ tiếu,Phường Đông Hòa
L05087,R089,2026-06-12,Hủ tiếu bò kho,53000,32,36000,1,0,1,delivery,15:45,0,0,0.0,Công nhân,Hủ tiếu,Phường Đông Hòa
L05088,R089,2026-06-12,Hủ tiếu thập cẩm,45000,35,29000,1,0,1,delivery,15:00,0,0,0.0,Công nhân,Hủ tiếu,Phường Đông Hòa
L05089,R089,2026-06-12,Hủ tiếu Nam Vang,49000,35,32000,1,0,1,delivery,15:45,0,0,0.0,Công nhân,Hủ tiếu,Phường Đông Hòa
L05090,R090,2026-06-12,Hủ tiếu Nam Vang,46000,41,27000,16,8,8,delivery,09:45,216000,152000,0.5,Sinh viên,Hủ tiếu,Phường Thủ Đức
L05091,R091,2026-06-12,Bánh mì trứng,22000,57,9000,3,2,1,delivery,12:15,18000,26000,0.667,Dân cư đông,Bánh mì,Phường Xóm Chiếu
L05092,R092,2026-06-12,Cơm tấm bì,47000,37,30000,3,1,2,delivery,17:15,30000,17000,0.333,Dân cư đông,Cơm tấm,Phường Gia Định
L05093,R092,2026-06-12,Cơm tấm sườn nướng,35000,31,24000,3,0,3,pickup,17:45,0,0,0.0,Dân cư đông,Cơm tấm,Phường Gia Định
L05094,R092,2026-06-12,Cơm tấm sườn trứng,37000,30,26000,2,1,1,pickup,17:45,26000,11000,0.5,Dân cư đông,Cơm tấm,Phường Gia Định
L05095,R092,2026-06-12,Cơm tấm sườn bì chả,46000,31,32000,2,1,1,pickup,17:00,32000,14000,0.5,Dân cư đông,Cơm tấm,Phường Gia Định
L05096,R092,2026-06-12,Cơm tấm đặc biệt,33000,30,23000,2,0,2,delivery,17:00,0,0,0.0,Dân cư đông,Cơm tấm,Phường Gia Định
L05097,R093,2026-06-12,Phở bò chín,45000,41,27000,5,3,2,pickup,09:45,81000,54000,0.6,Công nhân,Phở,Phường Tân Đông Hiệp
L05098,R093,2026-06-12,Phở gà,41000,39,25000,6,1,5,delivery,09:30,25000,16000,0.167,Công nhân,Phở,Phường Tân Đông Hiệp
L05099,R093,2026-06-12,Phở bò tái,50000,31,34000,5,2,3,pickup,09:30,68000,32000,0.4,Công nhân,Phở,Phường Tân Đông Hiệp
L05100,R093,2026-06-12,Phở bò viên,46000,36,29000,5,3,2,delivery,09:15,87000,51000,0.6,Công nhân,Phở,Phường Tân Đông Hiệp
L05101,R094,2026-06-12,Hủ tiếu thập cẩm,58000,51,28000,10,7,3,delivery,12:00,196000,210000,0.7,Dân cư đông,Hủ tiếu,Phường Bình Lợi Trung
L05102,R095,2026-06-12,Cơm tấm sườn trứng,48000,60,19000,2,1,1,pickup,14:30,19000,29000,0.5,Công nhân,Cơm tấm,Phường Lái Thiêu
L05103,R095,2026-06-12,Cơm tấm đặc biệt,31000,60,12000,2,1,1,delivery,14:30,12000,19000,0.5,Công nhân,Cơm tấm,Phường Lái Thiêu
L05104,R095,2026-06-12,Cơm tấm bì,29000,56,13000,2,1,1,pickup,14:15,13000,16000,0.5,Công nhân,Cơm tấm,Phường Lái Thiêu
L05105,R095,2026-06-12,Cơm tấm sườn bì chả,40000,60,16000,2,1,1,pickup,14:15,16000,24000,0.5,Công nhân,Cơm tấm,Phường Lái Thiêu
L05106,R096,2026-06-12,Cơm sườn đậu hũ,30000,40,18000,9,5,4,pickup,14:00,90000,60000,0.556,Công nhân,Cơm văn phòng,Phường Lái Thiêu
L05107,R096,2026-06-12,Cơm gà xối mỡ,47000,47,25000,10,7,3,pickup,14:00,175000,154000,0.7,Công nhân,Cơm văn phòng,Phường Lái Thiêu
L05108,R097,2026-06-12,Hủ tiếu Nam Vang,44000,58,18000,2,1,1,delivery,20:45,18000,26000,0.5,Công nhân,Hủ tiếu,Phường Tân Đông Hiệp
L05109,R097,2026-06-12,Hủ tiếu sa tế,53000,55,24000,3,2,1,delivery,20:15,48000,58000,0.667,Công nhân,Hủ tiếu,Phường Tân Đông Hiệp
L05110,R097,2026-06-12,Hủ tiếu thập cẩm,56000,49,29000,3,2,1,delivery,20:45,58000,54000,0.667,Công nhân,Hủ tiếu,Phường Tân Đông Hiệp
L05111,R098,2026-06-12,Bún riêu thập cẩm,36000,38,22000,3,1,2,pickup,16:00,22000,14000,0.333,Trung tâm,Bún riêu,Phường Xuân Hòa
L05112,R099,2026-06-12,Cơm gà luộc,32000,60,13000,1,0,1,pickup,09:30,0,0,0.0,Sinh viên,Cơm văn phòng,Phường An Khánh
L05113,R099,2026-06-12,Cơm canh chua,34000,60,14000,1,0,1,pickup,09:30,0,0,0.0,Sinh viên,Cơm văn phòng,Phường An Khánh
L05114,R099,2026-06-12,Cơm gà xối mỡ,39000,60,16000,1,0,1,pickup,09:30,0,0,0.0,Sinh viên,Cơm văn phòng,Phường An Khánh
L05115,R099,2026-06-12,Cơm sườn đậu hũ,42000,58,18000,1,0,1,pickup,09:00,0,0,0.0,Sinh viên,Cơm văn phòng,Phường An Khánh
L05116,R099,2026-06-12,Cơm thịt kho trứng,52000,60,21000,1,0,1,pickup,09:30,0,0,0.0,Sinh viên,Cơm văn phòng,Phường An Khánh
L05117,R100,2026-06-12,Hủ tiếu sa tế,52000,47,28000,3,2,1,pickup,15:45,56000,48000,0.667,Trung tâm,Hủ tiếu,Phường Tân Định
L05118,R100,2026-06-12,Hủ tiếu bò kho,55000,41,32000,2,1,1,pickup,15:30,32000,23000,0.5,Trung tâm,Hủ tiếu,Phường Tân Định
L05119,R101,2026-06-12,Phở bò tái nạm,55000,31,38000,1,0,1,pickup,09:00,0,0,0.0,Công nhân,Phở,Phường Bình Hòa
L05120,R101,2026-06-12,Phở gà,46000,30,32000,1,0,1,pickup,09:15,0,0,0.0,Công nhân,Phở,Phường Bình Hòa
L05121,R101,2026-06-12,Phở bò viên,52000,30,36000,1,0,1,pickup,09:30,0,0,0.0,Công nhân,Phở,Phường Bình Hòa
L05122,R102,2026-06-12,Bún bò Huế đặc biệt,47000,56,21000,2,1,1,delivery,15:15,21000,26000,0.5,Sinh viên,Bún bò,Phường Thủ Đức
L05123,R102,2026-06-12,Bún bò gân,44000,58,18000,1,0,1,delivery,15:00,0,0,0.0,Sinh viên,Bún bò,Phường Thủ Đức
L05124,R102,2026-06-12,Bún bò viên,56000,57,24000,2,1,1,delivery,15:15,24000,32000,0.5,Sinh viên,Bún bò,Phường Thủ Đức
L05125,R102,2026-06-12,Bún bò giò heo,44000,52,21000,1,0,1,delivery,15:15,0,0,0.0,Sinh viên,Bún bò,Phường Thủ Đức
L05126,R103,2026-06-12,Cơm gà luộc,42000,39,26000,5,2,3,pickup,11:15,52000,32000,0.4,Công nhân,Cơm văn phòng,Phường Đông Hòa
L05127,R103,2026-06-12,Cơm sườn đậu hũ,39000,36,25000,6,3,3,delivery,11:15,75000,42000,0.5,Công nhân,Cơm văn phòng,Phường Đông Hòa
L05128,R103,2026-06-12,Cơm gà xối mỡ,34000,33,23000,8,4,4,delivery,11:15,92000,44000,0.5,Công nhân,Cơm văn phòng,Phường Đông Hòa
L05129,R104,2026-06-12,Bánh mì chả lụa,30000,52,14000,1,0,1,pickup,19:00,0,0,0.0,Dân cư đông,Bánh mì,Phường Thông Tây Hội
L05130,R104,2026-06-12,Bánh mì xíu mại,23000,54,11000,1,0,1,pickup,19:30,0,0,0.0,Dân cư đông,Bánh mì,Phường Thông Tây Hội
L05131,R104,2026-06-12,Bánh mì gà,21000,53,10000,1,0,1,pickup,19:30,0,0,0.0,Dân cư đông,Bánh mì,Phường Thông Tây Hội
L05132,R104,2026-06-12,Bánh mì trứng,19000,49,10000,1,0,1,pickup,19:30,0,0,0.0,Dân cư đông,Bánh mì,Phường Thông Tây Hội
L05133,R104,2026-06-12,Bánh mì thịt nguội,28000,45,15000,1,0,1,pickup,19:30,0,0,0.0,Dân cư đông,Bánh mì,Phường Thông Tây Hội
L05134,R105,2026-06-12,Bánh mì trứng,16000,30,11000,6,2,4,pickup,16:45,22000,10000,0.333,Sinh viên,Bánh mì,Phường Tam Bình
L05135,R105,2026-06-12,Bánh mì chả lụa,22000,30,15000,4,2,2,pickup,16:15,30000,14000,0.5,Sinh viên,Bánh mì,Phường Tam Bình
L05136,R106,2026-06-12,Phở bò tái,60000,58,25000,8,5,3,pickup,11:15,125000,175000,0.625,Công nhân,Phở,Phường An Phú
L05137,R106,2026-06-12,Phở bò chín,53000,59,22000,6,5,1,pickup,11:45,110000,155000,0.833,Công nhân,Phở,Phường An Phú
L05138,R106,2026-06-12,Phở bò viên,52000,59,21000,8,6,2,pickup,11:15,126000,186000,0.75,Công nhân,Phở,Phường An Phú
L05139,R107,2026-06-12,Hủ tiếu mì,43000,39,26000,17,8,9,pickup,09:45,208000,136000,0.471,Dân cư đông,Hủ tiếu,Phường Gò Vấp
L05140,R108,2026-06-12,Cơm tấm sườn trứng,36000,46,19000,4,2,2,pickup,16:15,38000,34000,0.5,Sinh viên,Cơm tấm,Phường Thủ Đức
L05141,R108,2026-06-12,Cơm tấm sườn nướng,40000,45,22000,3,1,2,delivery,16:00,22000,18000,0.333,Sinh viên,Cơm tấm,Phường Thủ Đức
L05142,R108,2026-06-12,Cơm tấm sườn bì chả,28000,51,14000,4,2,2,pickup,16:15,28000,28000,0.5,Sinh viên,Cơm tấm,Phường Thủ Đức
L05143,R108,2026-06-12,Cơm tấm bì,34000,49,17000,4,2,2,delivery,16:00,34000,34000,0.5,Sinh viên,Cơm tấm,Phường Thủ Đức
L05144,R109,2026-06-12,Hủ tiếu thập cẩm,47000,57,20000,1,0,1,delivery,11:30,0,0,0.0,Trung tâm,Hủ tiếu,Phường Sài Gòn
L05145,R109,2026-06-12,Hủ tiếu bò kho,59000,59,24000,1,0,1,pickup,11:30,0,0,0.0,Trung tâm,Hủ tiếu,Phường Sài Gòn
L05146,R109,2026-06-12,Hủ tiếu sa tế,48000,55,22000,1,0,1,delivery,11:15,0,0,0.0,Trung tâm,Hủ tiếu,Phường Sài Gòn
L05147,R110,2026-06-12,Phở bò viên,60000,59,25000,4,3,1,delivery,10:00,75000,105000,0.75,Sinh viên,Phở,Phường Hiệp Bình
L05148,R110,2026-06-12,Phở bò tái,42000,59,17000,3,2,1,delivery,10:30,34000,50000,0.667,Sinh viên,Phở,Phường Hiệp Bình
L05149,R111,2026-06-12,Bánh mì trứng,23000,51,11000,5,4,1,delivery,09:00,44000,48000,0.8,Sinh viên,Bánh mì,Phường Long Bình
L05150,R112,2026-06-12,Hủ tiếu Nam Vang,42000,47,22000,1,0,1,pickup,11:45,0,0,0.0,Dân cư đông,Hủ tiếu,Phường Gò Vấp
L05151,R112,2026-06-12,Hủ tiếu sa tế,49000,53,23000,1,0,1,pickup,11:30,0,0,0.0,Dân cư đông,Hủ tiếu,Phường Gò Vấp
L05152,R112,2026-06-12,Hủ tiếu bò kho,46000,55,21000,1,0,1,pickup,11:30,0,0,0.0,Dân cư đông,Hủ tiếu,Phường Gò Vấp
L05153,R112,2026-06-12,Hủ tiếu thập cẩm,42000,51,21000,1,0,1,delivery,11:30,0,0,0.0,Dân cư đông,Hủ tiếu,Phường Gò Vấp
L05154,R112,2026-06-12,Hủ tiếu mì,41000,53,19000,1,0,1,pickup,11:00,0,0,0.0,Dân cư đông,Hủ tiếu,Phường Gò Vấp
L05155,R113,2026-06-12,Bánh mì xíu mại,21000,52,10000,1,0,1,delivery,10:00,0,0,0.0,Dân cư đông,Bánh mì,Phường Tân Hòa
L05156,R113,2026-06-12,Bánh mì thịt nguội,33000,45,18000,1,0,1,delivery,10:30,0,0,0.0,Dân cư đông,Bánh mì,Phường Tân Hòa
L05157,R113,2026-06-12,Bánh mì gà,26000,48,14000,1,0,1,delivery,10:00,0,0,0.0,Dân cư đông,Bánh mì,Phường Tân Hòa
L05158,R113,2026-06-12,Bánh mì chả lụa,25000,50,12000,1,0,1,delivery,10:45,0,0,0.0,Dân cư đông,Bánh mì,Phường Tân Hòa
L05159,R113,2026-06-12,Bánh mì trứng,23000,45,13000,1,0,1,delivery,10:45,0,0,0.0,Dân cư đông,Bánh mì,Phường Tân Hòa
L05160,R114,2026-06-12,Cơm canh chua,46000,47,24000,1,0,1,delivery,10:15,0,0,0.0,Công nhân,Cơm văn phòng,Phường Bình Hòa
L05161,R114,2026-06-12,Cơm gà luộc,38000,44,21000,1,0,1,delivery,10:30,0,0,0.0,Công nhân,Cơm văn phòng,Phường Bình Hòa
L05162,R114,2026-06-12,Cơm thịt kho trứng,49000,47,26000,1,0,1,delivery,10:45,0,0,0.0,Công nhân,Cơm văn phòng,Phường Bình Hòa
L05163,R114,2026-06-12,Cơm sườn đậu hũ,36000,46,19000,1,0,1,pickup,10:30,0,0,0.0,Công nhân,Cơm văn phòng,Phường Bình Hòa
L05164,R115,2026-06-12,Cơm tấm sườn bì chả,46000,46,25000,1,0,1,delivery,14:00,0,0,0.0,Dân cư đông,Cơm tấm,Phường Khánh Hội
L05165,R115,2026-06-12,Cơm tấm sườn nướng,45000,41,27000,1,0,1,delivery,14:30,0,0,0.0,Dân cư đông,Cơm tấm,Phường Khánh Hội
L05166,R116,2026-06-12,Cơm gà xối mỡ,37000,44,21000,2,1,1,pickup,20:00,21000,16000,0.5,Dân cư đông,Cơm văn phòng,Phường Bình Lợi Trung
L05167,R116,2026-06-12,Cơm sườn đậu hũ,45000,40,27000,2,1,1,delivery,20:45,27000,18000,0.5,Dân cư đông,Cơm văn phòng,Phường Bình Lợi Trung
L05168,R117,2026-06-12,Bánh mì trứng,21000,45,12000,1,0,1,delivery,09:00,0,0,0.0,Sinh viên,Bánh mì,Phường Hiệp Bình
L05169,R117,2026-06-12,Bánh mì chả lụa,20000,41,12000,1,0,1,delivery,09:15,0,0,0.0,Sinh viên,Bánh mì,Phường Hiệp Bình
L05170,R117,2026-06-12,Bánh mì gà,23000,36,15000,1,0,1,delivery,09:00,0,0,0.0,Sinh viên,Bánh mì,Phường Hiệp Bình
L05171,R118,2026-06-12,Bánh mì thịt nguội,23000,33,15000,4,1,3,pickup,10:15,15000,8000,0.25,Dân cư đông,Bánh mì,Phường Gò Vấp
L05172,R118,2026-06-12,Bánh mì chả lụa,19000,31,13000,3,1,2,pickup,10:15,13000,6000,0.333,Dân cư đông,Bánh mì,Phường Gò Vấp
L05173,R118,2026-06-12,Bánh mì xíu mại,20000,34,13000,3,1,2,pickup,10:30,13000,7000,0.333,Dân cư đông,Bánh mì,Phường Gò Vấp
L05174,R119,2026-06-12,Bún bò thập cẩm,41000,54,19000,7,5,2,pickup,14:30,95000,110000,0.714,Công nhân,Bún bò,Phường Đông Hòa
L05175,R120,2026-06-12,Bún bò thập cẩm,52000,50,26000,1,0,1,pickup,11:15,0,0,0.0,Dân cư đông,Bún bò,Phường Hạnh Thông
L05176,R120,2026-06-12,Bún bò giò heo,42000,58,18000,1,0,1,pickup,11:45,0,0,0.0,Dân cư đông,Bún bò,Phường Hạnh Thông
L05177,R120,2026-06-12,Bún bò Huế đặc biệt,49000,57,21000,2,1,1,pickup,11:15,21000,28000,0.5,Dân cư đông,Bún bò,Phường Hạnh Thông
L05178,R120,2026-06-12,Bún bò gân,45000,58,19000,1,0,1,pickup,11:45,0,0,0.0,Dân cư đông,Bún bò,Phường Hạnh Thông
L05179,R120,2026-06-12,Bún bò viên,58000,55,26000,1,0,1,pickup,11:30,0,0,0.0,Dân cư đông,Bún bò,Phường Hạnh Thông
L05180,R121,2026-06-12,Cơm sườn đậu hũ,42000,33,28000,1,0,1,pickup,12:45,0,0,0.0,Dân cư đông,Cơm văn phòng,Phường Gò Vấp
L05181,R121,2026-06-12,Cơm gà luộc,30000,34,20000,1,0,1,pickup,12:15,0,0,0.0,Dân cư đông,Cơm văn phòng,Phường Gò Vấp
L05182,R121,2026-06-12,Cơm thịt kho trứng,28000,39,17000,1,0,1,pickup,12:00,0,0,0.0,Dân cư đông,Cơm văn phòng,Phường Gò Vấp
L05183,R121,2026-06-12,Cơm canh chua,44000,39,27000,1,0,1,pickup,12:45,0,0,0.0,Dân cư đông,Cơm văn phòng,Phường Gò Vấp
L05184,R121,2026-06-12,Cơm gà xối mỡ,39000,36,25000,1,0,1,pickup,12:15,0,0,0.0,Dân cư đông,Cơm văn phòng,Phường Gò Vấp
L05185,R122,2026-06-12,Bún riêu cua đồng,39000,47,21000,7,4,3,pickup,09:00,84000,72000,0.571,Sinh viên,Bún riêu,Phường Linh Xuân
L05186,R123,2026-06-12,Cơm gà xối mỡ,34000,50,17000,13,9,4,pickup,16:45,153000,153000,0.692,Sinh viên,Cơm văn phòng,Phường Bình Trưng
L05187,R124,2026-06-12,Bún bò giò heo,56000,32,38000,3,0,3,pickup,15:15,0,0,0.0,Sinh viên,Bún bò,Phường Cát Lái
L05188,R124,2026-06-12,Bún bò thập cẩm,42000,30,29000,2,1,1,delivery,15:00,29000,13000,0.5,Sinh viên,Bún bò,Phường Cát Lái
L05189,R124,2026-06-12,Bún bò Huế đặc biệt,48000,34,32000,3,1,2,pickup,15:45,32000,16000,0.333,Sinh viên,Bún bò,Phường Cát Lái
L05190,R124,2026-06-12,Bún bò gân,56000,30,39000,3,1,2,delivery,15:45,39000,17000,0.333,Sinh viên,Bún bò,Phường Cát Lái
L05191,R124,2026-06-12,Bún bò viên,45000,35,29000,3,1,2,pickup,15:45,29000,16000,0.333,Sinh viên,Bún bò,Phường Cát Lái
L05192,R125,2026-06-12,Bánh mì thịt nguội,27000,50,14000,3,2,1,pickup,15:45,28000,26000,0.667,Công nhân,Bánh mì,Phường Lái Thiêu
L05193,R125,2026-06-12,Bánh mì trứng,21000,49,11000,2,1,1,delivery,15:00,11000,10000,0.5,Công nhân,Bánh mì,Phường Lái Thiêu
L05194,R126,2026-06-12,Phở bò viên,52000,33,35000,2,0,2,delivery,11:00,0,0,0.0,Dân cư đông,Phở,Phường Gò Vấp
L05195,R126,2026-06-12,Phở bò tái,56000,33,38000,2,1,1,delivery,11:00,38000,18000,0.5,Dân cư đông,Phở,Phường Gò Vấp
L05196,R126,2026-06-12,Phở bò tái nạm,55000,37,35000,2,1,1,delivery,11:15,35000,20000,0.5,Dân cư đông,Phở,Phường Gò Vấp
L05197,R126,2026-06-12,Phở gà,50000,39,30000,2,0,2,delivery,11:15,0,0,0.0,Dân cư đông,Phở,Phường Gò Vấp
L05198,R126,2026-06-12,Phở bò chín,43000,33,29000,3,1,2,delivery,11:15,29000,14000,0.333,Dân cư đông,Phở,Phường Gò Vấp
L05199,R127,2026-06-12,Cơm thịt kho trứng,43000,39,26000,2,0,2,delivery,18:00,0,0,0.0,Dân cư đông,Cơm văn phòng,Phường Tân Sơn Nhất
L05200,R127,2026-06-12,Cơm gà xối mỡ,31000,39,19000,3,1,2,delivery,18:00,19000,12000,0.333,Dân cư đông,Cơm văn phòng,Phường Tân Sơn Nhất
L05201,R127,2026-06-12,Cơm canh chua,30000,37,19000,2,0,2,delivery,18:15,0,0,0.0,Dân cư đông,Cơm văn phòng,Phường Tân Sơn Nhất
L05202,R127,2026-06-12,Cơm sườn đậu hũ,40000,39,24000,2,0,2,delivery,18:45,0,0,0.0,Dân cư đông,Cơm văn phòng,Phường Tân Sơn Nhất
L05203,R127,2026-06-12,Cơm gà luộc,33000,37,21000,2,1,1,delivery,18:00,21000,12000,0.5,Dân cư đông,Cơm văn phòng,Phường Tân Sơn Nhất
L05204,R128,2026-06-12,Bánh mì chả lụa,31000,34,20000,4,1,3,delivery,18:15,20000,11000,0.25,Trung tâm,Bánh mì,Phường Đức Nhuận
L05205,R128,2026-06-12,Bánh mì trứng,35000,36,22000,4,1,3,delivery,18:00,22000,13000,0.25,Trung tâm,Bánh mì,Phường Đức Nhuận
L05206,R129,2026-06-12,Phở bò viên,54000,53,25000,2,1,1,pickup,11:30,25000,29000,0.5,Công nhân,Phở,Phường Dĩ An
L05207,R129,2026-06-12,Phở bò tái,48000,47,25000,2,1,1,pickup,11:30,25000,23000,0.5,Công nhân,Phở,Phường Dĩ An
L05208,R129,2026-06-12,Phở bò tái nạm,48000,55,22000,2,1,1,pickup,11:00,22000,26000,0.5,Công nhân,Phở,Phường Dĩ An
L05209,R130,2026-06-12,Phở bò viên,45000,49,23000,3,2,1,delivery,10:00,46000,44000,0.667,Công nhân,Phở,Phường Lái Thiêu
L05210,R130,2026-06-12,Phở gà,49000,49,25000,4,3,1,delivery,10:30,75000,72000,0.75,Công nhân,Phở,Phường Lái Thiêu
L05211,R130,2026-06-12,Phở bò tái nạm,45000,46,24000,3,2,1,delivery,10:00,48000,42000,0.667,Công nhân,Phở,Phường Lái Thiêu
L05212,R130,2026-06-12,Phở bò chín,48000,39,29000,3,1,2,delivery,10:45,29000,19000,0.333,Công nhân,Phở,Phường Lái Thiêu
L05213,R131,2026-06-12,Bún bò Huế đặc biệt,54000,57,23000,1,0,1,delivery,20:15,0,0,0.0,Sinh viên,Bún bò,Phường Phước Long
L05214,R131,2026-06-12,Bún bò gân,50000,53,24000,1,0,1,delivery,20:15,0,0,0.0,Sinh viên,Bún bò,Phường Phước Long
L05215,R131,2026-06-12,Bún bò thập cẩm,57000,54,26000,1,0,1,pickup,20:30,0,0,0.0,Sinh viên,Bún bò,Phường Phước Long
L05216,R131,2026-06-12,Bún bò viên,54000,53,25000,1,0,1,delivery,20:15,0,0,0.0,Sinh viên,Bún bò,Phường Phước Long
L05217,R132,2026-06-12,Cơm canh chua,41000,45,23000,3,1,2,pickup,09:30,23000,18000,0.333,Sinh viên,Cơm văn phòng,Phường Linh Xuân
L05218,R132,2026-06-12,Cơm gà xối mỡ,35000,49,18000,4,2,2,delivery,09:15,36000,34000,0.5,Sinh viên,Cơm văn phòng,Phường Linh Xuân
L05219,R132,2026-06-12,Cơm sườn đậu hũ,29000,48,15000,3,1,2,delivery,09:45,15000,14000,0.333,Sinh viên,Cơm văn phòng,Phường Linh Xuân
L05220,R133,2026-06-12,Hủ tiếu Nam Vang,54000,37,34000,11,5,6,delivery,15:30,170000,100000,0.455,Sinh viên,Hủ tiếu,Phường Cát Lái
L05221,R134,2026-06-12,Cơm tấm sườn nướng,42000,32,29000,1,0,1,delivery,15:45,0,0,0.0,Dân cư đông,Cơm tấm,Phường An Nhơn
L05222,R134,2026-06-12,Cơm tấm sườn bì chả,49000,33,33000,1,0,1,delivery,15:15,0,0,0.0,Dân cư đông,Cơm tấm,Phường An Nhơn
L05223,R134,2026-06-12,Cơm tấm đặc biệt,40000,30,28000,1,0,1,delivery,15:00,0,0,0.0,Dân cư đông,Cơm tấm,Phường An Nhơn
L05224,R135,2026-06-12,Bún bò Huế đặc biệt,44000,49,22000,6,4,2,pickup,20:30,88000,88000,0.667,Sinh viên,Bún bò,Phường Cát Lái
L05225,R135,2026-06-12,Bún bò thập cẩm,54000,49,28000,5,3,2,pickup,20:45,84000,78000,0.6,Sinh viên,Bún bò,Phường Cát Lái
L05226,R135,2026-06-12,Bún bò gân,47000,44,26000,7,3,4,pickup,20:45,78000,63000,0.429,Sinh viên,Bún bò,Phường Cát Lái
L05227,R136,2026-06-12,Bún bò gân,54000,58,23000,7,5,2,pickup,10:15,115000,155000,0.714,Công nhân,Bún bò,Phường Đông Hòa
L05228,R136,2026-06-12,Bún bò giò heo,53000,60,21000,7,5,2,pickup,10:30,105000,160000,0.714,Công nhân,Bún bò,Phường Đông Hòa
L05229,R136,2026-06-12,Bún bò Huế đặc biệt,49000,57,21000,7,6,1,pickup,10:00,126000,168000,0.857,Công nhân,Bún bò,Phường Đông Hòa
L05230,R137,2026-06-12,Hủ tiếu bò kho,59000,50,30000,1,0,1,delivery,15:30,0,0,0.0,Dân cư đông,Hủ tiếu,Phường Tân Sơn Nhất
L05231,R137,2026-06-12,Hủ tiếu thập cẩm,46000,50,23000,1,0,1,delivery,15:45,0,0,0.0,Dân cư đông,Hủ tiếu,Phường Tân Sơn Nhất
L05232,R137,2026-06-12,Hủ tiếu mì,55000,47,29000,1,0,1,delivery,15:15,0,0,0.0,Dân cư đông,Hủ tiếu,Phường Tân Sơn Nhất
L05233,R137,2026-06-12,Hủ tiếu Nam Vang,44000,41,26000,1,0,1,delivery,15:15,0,0,0.0,Dân cư đông,Hủ tiếu,Phường Tân Sơn Nhất
L05234,R137,2026-06-12,Hủ tiếu sa tế,45000,45,25000,1,0,1,delivery,15:30,0,0,0.0,Dân cư đông,Hủ tiếu,Phường Tân Sơn Nhất
L05235,R138,2026-06-12,Cơm tấm sườn nướng,27000,57,12000,1,0,1,delivery,16:30,0,0,0.0,Công nhân,Cơm tấm,Phường Đông Hòa
L05236,R138,2026-06-12,Cơm tấm sườn bì chả,43000,53,20000,1,0,1,delivery,16:45,0,0,0.0,Công nhân,Cơm tấm,Phường Đông Hòa
L05237,R138,2026-06-12,Cơm tấm sườn trứng,41000,53,19000,1,0,1,delivery,16:30,0,0,0.0,Công nhân,Cơm tấm,Phường Đông Hòa
L05238,R138,2026-06-12,Cơm tấm đặc biệt,31000,59,13000,1,0,1,delivery,16:30,0,0,0.0,Công nhân,Cơm tấm,Phường Đông Hòa
L05239,R139,2026-06-12,Bánh mì trứng,24000,57,10000,3,2,1,delivery,09:45,20000,28000,0.667,Ngoại ô,Bánh mì,Xã Bà Điểm
L05240,R139,2026-06-12,Bánh mì chả lụa,32000,54,15000,3,2,1,delivery,09:15,30000,34000,0.667,Ngoại ô,Bánh mì,Xã Bà Điểm
L05241,R139,2026-06-12,Bánh mì xíu mại,34000,53,16000,3,2,1,delivery,09:30,32000,36000,0.667,Ngoại ô,Bánh mì,Xã Bà Điểm
L05242,R140,2026-06-12,Bún riêu thập cẩm,40000,38,25000,6,2,4,delivery,17:45,50000,30000,0.333,Ngoại ô,Bún riêu,Xã Hiệp Phước
L05243,R140,2026-06-12,Bún riêu cua đồng,43000,41,25000,5,3,2,pickup,17:45,75000,54000,0.6,Ngoại ô,Bún riêu,Xã Hiệp Phước
L05244,R141,2026-06-12,Cơm sườn đậu hũ,38000,35,25000,2,0,2,delivery,15:30,0,0,0.0,Sinh viên,Cơm văn phòng,Phường Long Bình
L05245,R141,2026-06-12,Cơm gà luộc,30000,30,21000,2,1,1,delivery,15:45,21000,9000,0.5,Sinh viên,Cơm văn phòng,Phường Long Bình
L05246,R142,2026-06-12,Bún riêu cua đồng,45000,43,26000,5,3,2,pickup,11:00,78000,57000,0.6,Công nhân,Bún riêu,Phường Thuận An
L05247,R142,2026-06-12,Bún riêu cua mọc,44000,44,25000,5,2,3,pickup,11:45,50000,38000,0.4,Công nhân,Bún riêu,Phường Thuận An
L05248,R142,2026-06-12,Bún riêu cua,44000,49,22000,5,3,2,pickup,11:00,66000,66000,0.6,Công nhân,Bún riêu,Phường Thuận An
L05249,R142,2026-06-12,Bún riêu thập cẩm,50000,46,27000,6,4,2,pickup,11:00,108000,92000,0.667,Công nhân,Bún riêu,Phường Thuận An
L05250,R143,2026-06-12,Bánh mì thịt nguội,29000,43,17000,2,1,1,pickup,16:30,17000,12000,0.5,Sinh viên,Bánh mì,Phường Cát Lái
L05251,R143,2026-06-12,Bánh mì trứng,24000,46,13000,3,1,2,delivery,16:15,13000,11000,0.333,Sinh viên,Bánh mì,Phường Cát Lái
L05252,R143,2026-06-12,Bánh mì gà,27000,49,14000,2,1,1,delivery,16:30,14000,13000,0.5,Sinh viên,Bánh mì,Phường Cát Lái
L05253,R143,2026-06-12,Bánh mì xíu mại,27000,42,16000,2,1,1,delivery,16:30,16000,11000,0.5,Sinh viên,Bánh mì,Phường Cát Lái
L05254,R144,2026-06-12,Bún bò Huế đặc biệt,39000,60,16000,3,2,1,pickup,15:15,32000,46000,0.667,Sinh viên,Bún bò,Phường Phước Long
L05255,R144,2026-06-12,Bún bò viên,50000,59,20000,3,2,1,pickup,15:30,40000,60000,0.667,Sinh viên,Bún bò,Phường Phước Long
L05256,R144,2026-06-12,Bún bò giò heo,55000,60,22000,4,3,1,pickup,15:15,66000,99000,0.75,Sinh viên,Bún bò,Phường Phước Long
L05257,R145,2026-06-12,Cơm tấm sườn nướng,36000,45,20000,1,0,1,delivery,19:30,0,0,0.0,Trung tâm,Cơm tấm,Phường Phú Nhuận
L05258,R145,2026-06-12,Cơm tấm sườn bì chả,38000,49,19000,1,0,1,delivery,19:30,0,0,0.0,Trung tâm,Cơm tấm,Phường Phú Nhuận
L05259,R145,2026-06-12,Cơm tấm đặc biệt,26000,46,14000,2,1,1,pickup,19:30,14000,12000,0.5,Trung tâm,Cơm tấm,Phường Phú Nhuận
L05260,R145,2026-06-12,Cơm tấm sườn trứng,38000,50,19000,2,1,1,pickup,19:15,19000,19000,0.5,Trung tâm,Cơm tấm,Phường Phú Nhuận
L05261,R146,2026-06-12,Bún bò giò heo,47000,49,24000,2,1,1,pickup,16:15,24000,23000,0.5,Công nhân,Bún bò,Phường Tân Đông Hiệp
L05262,R146,2026-06-12,Bún bò thập cẩm,43000,53,20000,2,1,1,delivery,16:30,20000,23000,0.5,Công nhân,Bún bò,Phường Tân Đông Hiệp
L05263,R146,2026-06-12,Bún bò viên,45000,56,20000,2,1,1,pickup,16:30,20000,25000,0.5,Công nhân,Bún bò,Phường Tân Đông Hiệp
L05264,R147,2026-06-12,Phở gà,52000,32,35000,4,1,3,delivery,14:15,35000,17000,0.25,Công nhân,Phở,Phường Dĩ An
L05265,R147,2026-06-12,Phở bò chín,45000,30,31000,3,1,2,delivery,14:00,31000,14000,0.333,Công nhân,Phở,Phường Dĩ An
L05266,R148,2026-06-12,Bún bò gân,52000,30,36000,3,1,2,pickup,17:30,36000,16000,0.333,Trung tâm,Bún bò,Phường Cầu Kiệu
L05267,R148,2026-06-12,Bún bò thập cẩm,47000,36,30000,4,1,3,pickup,17:45,30000,17000,0.25,Trung tâm,Bún bò,Phường Cầu Kiệu
L05268,R149,2026-06-12,Bún bò Huế đặc biệt,51000,37,32000,15,8,7,pickup,13:15,256000,152000,0.533,Sinh viên,Bún bò,Phường An Khánh
L05269,R000,2026-06-13,Bún bò viên,45000,36,29000,7,3,4,delivery,18:45,87000,48000,0.429,Công nhân,Bún bò,Phường Đông Hòa
L05270,R000,2026-06-13,Bún bò giò heo,49000,37,31000,10,5,5,pickup,18:00,155000,90000,0.5,Công nhân,Bún bò,Phường Đông Hòa
L05271,R000,2026-06-13,Bún bò thập cẩm,44000,33,29000,7,4,3,delivery,18:15,116000,60000,0.571,Công nhân,Bún bò,Phường Đông Hòa
L05272,R001,2026-06-13,Cơm tấm sườn trứng,41000,45,23000,2,1,1,pickup,19:30,23000,18000,0.5,Ngoại ô,Cơm tấm,Xã Bình Chánh
L05273,R001,2026-06-13,Cơm tấm sườn bì chả,31000,36,20000,1,0,1,pickup,19:15,0,0,0.0,Ngoại ô,Cơm tấm,Xã Bình Chánh
L05274,R001,2026-06-13,Cơm tấm sườn nướng,40000,39,24000,1,0,1,pickup,19:45,0,0,0.0,Ngoại ô,Cơm tấm,Xã Bình Chánh
L05275,R002,2026-06-13,Hủ tiếu thập cẩm,50000,33,34000,2,0,2,delivery,20:15,0,0,0.0,Dân cư đông,Hủ tiếu,Phường An Nhơn
L05276,R002,2026-06-13,Hủ tiếu Nam Vang,55000,34,36000,2,1,1,pickup,20:00,36000,19000,0.5,Dân cư đông,Hủ tiếu,Phường An Nhơn
L05277,R002,2026-06-13,Hủ tiếu bò kho,52000,39,32000,2,1,1,delivery,20:30,32000,20000,0.5,Dân cư đông,Hủ tiếu,Phường An Nhơn
L05278,R002,2026-06-13,Hủ tiếu mì,49000,41,29000,3,1,2,pickup,20:00,29000,20000,0.333,Dân cư đông,Hủ tiếu,Phường An Nhơn
L05279,R002,2026-06-13,Hủ tiếu sa tế,58000,42,34000,3,1,2,delivery,20:30,34000,24000,0.333,Dân cư đông,Hủ tiếu,Phường An Nhơn
L05280,R003,2026-06-13,Phở bò chín,60000,52,29000,5,3,2,delivery,18:15,87000,93000,0.6,Công nhân,Phở,Phường Bình Hòa
L05281,R003,2026-06-13,Phở bò tái nạm,40000,56,18000,6,5,1,delivery,18:15,90000,110000,0.833,Công nhân,Phở,Phường Bình Hòa
L05282,R003,2026-06-13,Phở bò tái,52000,56,23000,5,4,1,pickup,18:00,92000,116000,0.8,Công nhân,Phở,Phường Bình Hòa
L05283,R003,2026-06-13,Phở bò viên,46000,50,23000,6,4,2,delivery,18:15,92000,92000,0.667,Công nhân,Phở,Phường Bình Hòa
L05284,R004,2026-06-13,Hủ tiếu bò kho,44000,54,20000,1,0,1,delivery,16:30,0,0,0.0,Sinh viên,Hủ tiếu,Phường Cát Lái
L05285,R004,2026-06-13,Hủ tiếu mì,45000,55,20000,1,0,1,delivery,16:15,0,0,0.0,Sinh viên,Hủ tiếu,Phường Cát Lái
L05286,R004,2026-06-13,Hủ tiếu sa tế,48000,50,24000,1,0,1,delivery,16:30,0,0,0.0,Sinh viên,Hủ tiếu,Phường Cát Lái
L05287,R004,2026-06-13,Hủ tiếu Nam Vang,39000,52,19000,1,0,1,delivery,16:30,0,0,0.0,Sinh viên,Hủ tiếu,Phường Cát Lái
L05288,R005,2026-06-13,Hủ tiếu sa tế,40000,48,21000,3,2,1,pickup,10:00,42000,38000,0.667,Sinh viên,Hủ tiếu,Phường Long Bình
L05289,R005,2026-06-13,Hủ tiếu bò kho,46000,47,24000,4,2,2,pickup,10:15,48000,44000,0.5,Sinh viên,Hủ tiếu,Phường Long Bình
L05290,R005,2026-06-13,Hủ tiếu mì,62000,50,31000,3,1,2,pickup,10:15,31000,31000,0.333,Sinh viên,Hủ tiếu,Phường Long Bình
L05291,R005,2026-06-13,Hủ tiếu thập cẩm,52000,47,28000,4,2,2,pickup,10:45,56000,48000,0.5,Sinh viên,Hủ tiếu,Phường Long Bình
L05292,R006,2026-06-13,Bún bò giò heo,54000,46,29000,2,1,1,delivery,17:45,29000,25000,0.5,Trung tâm,Bún bò,Phường Nhiêu Lộc
L05293,R006,2026-06-13,Bún bò viên,52000,36,33000,1,0,1,delivery,17:00,0,0,0.0,Trung tâm,Bún bò,Phường Nhiêu Lộc
L05294,R006,2026-06-13,Bún bò Huế đặc biệt,44000,41,26000,1,0,1,delivery,17:00,0,0,0.0,Trung tâm,Bún bò,Phường Nhiêu Lộc
L05295,R006,2026-06-13,Bún bò gân,45000,43,26000,2,1,1,delivery,17:00,26000,19000,0.5,Trung tâm,Bún bò,Phường Nhiêu Lộc
L05296,R007,2026-06-13,Phở gà,52000,41,31000,21,12,9,pickup,09:00,372000,252000,0.571,Dân cư đông,Phở,Phường An Hội Đông
L05297,R008,2026-06-13,Hủ tiếu mì,44000,41,26000,5,2,3,pickup,16:15,52000,36000,0.4,Công nhân,Hủ tiếu,Phường Thuận An
L05298,R008,2026-06-13,Hủ tiếu Nam Vang,44000,42,26000,4,2,2,delivery,16:15,52000,36000,0.5,Công nhân,Hủ tiếu,Phường Thuận An
L05299,R008,2026-06-13,Hủ tiếu thập cẩm,49000,41,29000,5,3,2,pickup,16:45,87000,60000,0.6,Công nhân,Hủ tiếu,Phường Thuận An
L05300,R009,2026-06-13,Cơm tấm sườn trứng,32000,55,14000,3,2,1,pickup,20:30,28000,36000,0.667,Dân cư đông,Cơm tấm,Phường Tân Bình
L05301,R009,2026-06-13,Cơm tấm bì,32000,49,16000,4,2,2,pickup,20:15,32000,32000,0.5,Dân cư đông,Cơm tấm,Phường Tân Bình
L05302,R009,2026-06-13,Cơm tấm sườn nướng,49000,52,24000,4,2,2,pickup,20:00,48000,50000,0.5,Dân cư đông,Cơm tấm,Phường Tân Bình
L05303,R010,2026-06-13,Cơm tấm sườn bì chả,37000,45,20000,1,0,1,pickup,19:15,0,0,0.0,Trung tâm,Cơm tấm,Phường Đức Nhuận
L05304,R010,2026-06-13,Cơm tấm bì,45000,46,24000,1,0,1,delivery,19:30,0,0,0.0,Trung tâm,Cơm tấm,Phường Đức Nhuận
L05305,R010,2026-06-13,Cơm tấm sườn trứng,30000,43,17000,1,0,1,pickup,19:15,0,0,0.0,Trung tâm,Cơm tấm,Phường Đức Nhuận
L05306,R011,2026-06-13,Bánh mì gà,27000,30,19000,6,1,5,pickup,20:30,19000,8000,0.167,Ngoại ô,Bánh mì,Xã Hiệp Phước
L05307,R012,2026-06-13,Phở bò chín,55000,55,25000,2,1,1,delivery,20:00,25000,30000,0.5,Dân cư đông,Phở,Phường Khánh Hội
L05308,R012,2026-06-13,Phở bò tái nạm,51000,57,22000,2,1,1,delivery,20:15,22000,29000,0.5,Dân cư đông,Phở,Phường Khánh Hội
L05309,R013,2026-06-13,Phở bò tái,64000,52,31000,3,2,1,delivery,12:15,62000,66000,0.667,Sinh viên,Phở,Phường Long Bình
L05310,R013,2026-06-13,Phở gà,50000,56,22000,3,2,1,delivery,12:30,44000,56000,0.667,Sinh viên,Phở,Phường Long Bình
L05311,R013,2026-06-13,Phở bò chín,42000,50,21000,4,3,1,pickup,12:45,63000,63000,0.75,Sinh viên,Phở,Phường Long Bình
L05312,R013,2026-06-13,Phở bò viên,44000,46,24000,3,1,2,pickup,12:15,24000,20000,0.333,Sinh viên,Phở,Phường Long Bình
L05313,R013,2026-06-13,Phở bò tái nạm,44000,52,21000,3,2,1,delivery,12:00,42000,46000,0.667,Sinh viên,Phở,Phường Long Bình
L05314,R014,2026-06-13,Bánh mì trứng,25000,52,12000,1,0,1,delivery,12:00,0,0,0.0,Sinh viên,Bánh mì,Phường An Khánh
L05315,R014,2026-06-13,Bánh mì thịt nguội,26000,50,13000,1,0,1,pickup,12:00,0,0,0.0,Sinh viên,Bánh mì,Phường An Khánh
L05316,R015,2026-06-13,Hủ tiếu mì,46000,42,27000,5,2,3,pickup,13:00,54000,38000,0.4,Sinh viên,Hủ tiếu,Phường Hiệp Bình
L05317,R015,2026-06-13,Hủ tiếu thập cẩm,51000,45,28000,4,2,2,delivery,13:15,56000,46000,0.5,Sinh viên,Hủ tiếu,Phường Hiệp Bình
L05318,R015,2026-06-13,Hủ tiếu sa tế,43000,37,27000,5,1,4,delivery,13:15,27000,16000,0.2,Sinh viên,Hủ tiếu,Phường Hiệp Bình
L05319,R016,2026-06-13,Phở bò tái,38000,43,22000,3,1,2,pickup,16:15,22000,16000,0.333,Sinh viên,Phở,Phường Tăng Nhơn Phú
L05320,R016,2026-06-13,Phở bò chín,57000,51,28000,3,2,1,delivery,16:15,56000,58000,0.667,Sinh viên,Phở,Phường Tăng Nhơn Phú
L05321,R016,2026-06-13,Phở bò viên,48000,46,26000,4,2,2,delivery,16:45,52000,44000,0.5,Sinh viên,Phở,Phường Tăng Nhơn Phú
L05322,R017,2026-06-13,Cơm tấm sườn nướng,52000,35,34000,16,7,9,pickup,13:00,238000,126000,0.438,Công nhân,Cơm tấm,Phường Dĩ An
L05323,R018,2026-06-13,Cơm tấm sườn bì chả,44000,46,24000,3,1,2,delivery,16:45,24000,20000,0.333,Công nhân,Cơm tấm,Phường Lái Thiêu
L05324,R019,2026-06-13,Bún bò Huế đặc biệt,46000,43,26000,8,4,4,delivery,18:15,104000,80000,0.5,Sinh viên,Bún bò,Phường Long Bình
L05325,R019,2026-06-13,Bún bò giò heo,54000,46,29000,7,4,3,delivery,18:00,116000,100000,0.571,Sinh viên,Bún bò,Phường Long Bình
L05326,R020,2026-06-13,Phở bò tái nạm,37000,35,24000,1,0,1,delivery,09:15,0,0,0.0,Công nhân,Phở,Phường Đông Hòa
L05327,R020,2026-06-13,Phở bò chín,41000,34,27000,2,1,1,delivery,09:15,27000,14000,0.5,Công nhân,Phở,Phường Đông Hòa
L05328,R020,2026-06-13,Phở bò viên,57000,43,32000,2,1,1,delivery,09:00,32000,25000,0.5,Công nhân,Phở,Phường Đông Hòa
L05329,R020,2026-06-13,Phở gà,58000,41,34000,2,1,1,delivery,09:00,34000,24000,0.5,Công nhân,Phở,Phường Đông Hòa
L05330,R021,2026-06-13,Hủ tiếu thập cẩm,39000,43,22000,2,1,1,pickup,20:45,22000,17000,0.5,Sinh viên,Hủ tiếu,Phường Bình Trưng
L05331,R021,2026-06-13,Hủ tiếu bò kho,46000,46,25000,2,1,1,pickup,20:15,25000,21000,0.5,Sinh viên,Hủ tiếu,Phường Bình Trưng
L05332,R022,2026-06-13,Bánh mì gà,18000,60,7000,2,1,1,delivery,18:30,7000,11000,0.5,Sinh viên,Bánh mì,Phường Long Bình
L05333,R022,2026-06-13,Bánh mì chả lụa,19000,54,9000,2,1,1,pickup,18:00,9000,10000,0.5,Sinh viên,Bánh mì,Phường Long Bình
L05334,R022,2026-06-13,Bánh mì thịt nguội,18000,60,7000,2,1,1,delivery,18:30,7000,11000,0.5,Sinh viên,Bánh mì,Phường Long Bình
L05335,R022,2026-06-13,Bánh mì trứng,28000,57,12000,2,1,1,delivery,18:00,12000,16000,0.5,Sinh viên,Bánh mì,Phường Long Bình
L05336,R022,2026-06-13,Bánh mì xíu mại,30000,56,13000,2,1,1,pickup,18:45,13000,17000,0.5,Sinh viên,Bánh mì,Phường Long Bình
L05337,R023,2026-06-13,Bánh mì gà,23000,30,16000,2,0,2,pickup,17:30,0,0,0.0,Công nhân,Bánh mì,Phường Tân Đông Hiệp
L05338,R023,2026-06-13,Bánh mì trứng,28000,35,18000,3,1,2,delivery,17:15,18000,10000,0.333,Công nhân,Bánh mì,Phường Tân Đông Hiệp
L05339,R024,2026-06-13,Hủ tiếu thập cẩm,54000,52,26000,16,11,5,delivery,14:15,286000,308000,0.688,Công nhân,Hủ tiếu,Phường An Phú
L05340,R025,2026-06-13,Cơm gà xối mỡ,33000,30,23000,1,0,1,pickup,11:15,0,0,0.0,Dân cư đông,Cơm văn phòng,Phường An Hội Đông
L05341,R025,2026-06-13,Cơm thịt kho trứng,32000,30,22000,1,0,1,pickup,11:00,0,0,0.0,Dân cư đông,Cơm văn phòng,Phường An Hội Đông
L05342,R025,2026-06-13,Cơm canh chua,36000,30,25000,2,0,2,delivery,11:15,0,0,0.0,Dân cư đông,Cơm văn phòng,Phường An Hội Đông
L05343,R025,2026-06-13,Cơm sườn đậu hũ,46000,30,32000,2,0,2,delivery,11:00,0,0,0.0,Dân cư đông,Cơm văn phòng,Phường An Hội Đông
L05344,R025,2026-06-13,Cơm gà luộc,40000,33,27000,1,0,1,pickup,11:30,0,0,0.0,Dân cư đông,Cơm văn phòng,Phường An Hội Đông
L05345,R026,2026-06-13,Bún riêu cua,39000,34,26000,4,2,2,pickup,16:00,52000,26000,0.5,Sinh viên,Bún riêu,Phường Tam Bình
L05346,R027,2026-06-13,Bún bò gân,53000,35,34000,3,1,2,pickup,17:45,34000,19000,0.333,Công nhân,Bún bò,Phường Hòa Lợi
L05347,R028,2026-06-13,Bánh mì trứng,29000,57,12000,8,5,3,pickup,14:45,60000,85000,0.625,Công nhân,Bánh mì,Phường Tân Đông Hiệp
L05348,R029,2026-06-13,Phở bò tái,38000,59,16000,1,0,1,delivery,19:15,0,0,0.0,Trung tâm,Phở,Phường Bến Thành
L05349,R029,2026-06-13,Phở gà,53000,57,23000,1,0,1,delivery,19:30,0,0,0.0,Trung tâm,Phở,Phường Bến Thành
L05350,R029,2026-06-13,Phở bò tái nạm,45000,51,22000,1,0,1,delivery,19:15,0,0,0.0,Trung tâm,Phở,Phường Bến Thành
L05351,R029,2026-06-13,Phở bò viên,52000,58,22000,1,0,1,delivery,19:15,0,0,0.0,Trung tâm,Phở,Phường Bến Thành
L05352,R030,2026-06-13,Bún bò viên,44000,48,23000,13,8,5,delivery,15:30,184000,168000,0.615,Công nhân,Bún bò,Phường An Phú
L05353,R030,2026-06-13,Bún bò giò heo,56000,47,30000,12,9,3,pickup,15:30,270000,234000,0.75,Công nhân,Bún bò,Phường An Phú
L05354,R031,2026-06-13,Phở bò chín,50000,45,28000,4,2,2,delivery,09:15,56000,44000,0.5,Sinh viên,Phở,Phường Phước Long
L05355,R031,2026-06-13,Phở bò viên,50000,43,28000,6,3,3,pickup,09:30,84000,66000,0.5,Sinh viên,Phở,Phường Phước Long
L05356,R032,2026-06-13,Cơm canh chua,34000,46,18000,4,2,2,delivery,13:15,36000,32000,0.5,Trung tâm,Cơm văn phòng,Phường Cầu Ông Lãnh
L05357,R033,2026-06-13,Cơm tấm đặc biệt,38000,44,21000,2,1,1,pickup,13:00,21000,17000,0.5,Dân cư đông,Cơm tấm,Phường Tân Hòa
L05358,R033,2026-06-13,Cơm tấm sườn nướng,27000,52,13000,1,0,1,pickup,13:30,0,0,0.0,Dân cư đông,Cơm tấm,Phường Tân Hòa
L05359,R033,2026-06-13,Cơm tấm bì,34000,49,17000,2,1,1,pickup,13:45,17000,17000,0.5,Dân cư đông,Cơm tấm,Phường Tân Hòa
L05360,R033,2026-06-13,Cơm tấm sườn trứng,35000,48,18000,1,0,1,pickup,13:00,0,0,0.0,Dân cư đông,Cơm tấm,Phường Tân Hòa
L05361,R033,2026-06-13,Cơm tấm sườn bì chả,35000,51,17000,1,0,1,pickup,13:45,0,0,0.0,Dân cư đông,Cơm tấm,Phường Tân Hòa
L05362,R034,2026-06-13,Bún bò thập cẩm,42000,30,29000,6,3,3,pickup,18:45,87000,39000,0.5,Ngoại ô,Bún bò,Xã Bình Chánh
L05363,R034,2026-06-13,Bún bò gân,49000,35,32000,4,1,3,pickup,18:45,32000,17000,0.25,Ngoại ô,Bún bò,Xã Bình Chánh
L05364,R035,2026-06-13,Bánh mì xíu mại,35000,52,17000,1,0,1,delivery,12:45,0,0,0.0,Dân cư đông,Bánh mì,Phường Tân Sơn Nhất
L05365,R035,2026-06-13,Bánh mì trứng,24000,58,10000,1,0,1,delivery,12:45,0,0,0.0,Dân cư đông,Bánh mì,Phường Tân Sơn Nhất
L05366,R035,2026-06-13,Bánh mì gà,21000,51,10000,1,0,1,delivery,12:15,0,0,0.0,Dân cư đông,Bánh mì,Phường Tân Sơn Nhất
L05367,R035,2026-06-13,Bánh mì thịt nguội,28000,56,12000,1,0,1,delivery,12:15,0,0,0.0,Dân cư đông,Bánh mì,Phường Tân Sơn Nhất
L05368,R035,2026-06-13,Bánh mì chả lụa,21000,55,9000,1,0,1,delivery,12:45,0,0,0.0,Dân cư đông,Bánh mì,Phường Tân Sơn Nhất
L05369,R036,2026-06-13,Bún bò giò heo,54000,38,33000,5,2,3,delivery,14:45,66000,42000,0.4,Sinh viên,Bún bò,Phường Phước Long
L05370,R036,2026-06-13,Bún bò gân,51000,38,32000,4,2,2,delivery,14:15,64000,38000,0.5,Sinh viên,Bún bò,Phường Phước Long
L05371,R036,2026-06-13,Bún bò thập cẩm,47000,33,31000,5,2,3,delivery,14:00,62000,32000,0.4,Sinh viên,Bún bò,Phường Phước Long
L05372,R037,2026-06-13,Bún bò thập cẩm,46000,38,29000,7,3,4,delivery,15:00,87000,51000,0.429,Trung tâm,Bún bò,Phường Tân Định
L05373,R038,2026-06-13,Bún bò gân,53000,50,26000,2,1,1,pickup,17:45,26000,27000,0.5,Công nhân,Bún bò,Phường Thuận Giao
L05374,R038,2026-06-13,Bún bò viên,47000,49,24000,2,1,1,pickup,17:15,24000,23000,0.5,Công nhân,Bún bò,Phường Thuận Giao
L05375,R039,2026-06-13,Bún riêu cua đồng,34000,60,14000,17,12,5,delivery,09:45,168000,240000,0.706,Công nhân,Bún riêu,Phường Đông Hòa
L05376,R040,2026-06-13,Bún bò viên,48000,59,20000,2,1,1,delivery,14:15,20000,28000,0.5,Sinh viên,Bún bò,Phường Bình Trưng
L05377,R041,2026-06-13,Phở gà,42000,42,24000,3,1,2,delivery,15:45,24000,18000,0.333,Công nhân,Phở,Phường Tân Khánh
L05378,R041,2026-06-13,Phở bò tái nạm,37000,51,18000,3,2,1,delivery,15:15,36000,38000,0.667,Công nhân,Phở,Phường Tân Khánh
L05379,R042,2026-06-13,Cơm tấm sườn trứng,42000,54,19000,3,2,1,delivery,11:45,38000,46000,0.667,Trung tâm,Cơm tấm,Phường Tân Định
L05380,R042,2026-06-13,Cơm tấm bì,46000,60,18000,3,2,1,delivery,11:45,36000,56000,0.667,Trung tâm,Cơm tấm,Phường Tân Định
L05381,R042,2026-06-13,Cơm tấm sườn nướng,39000,59,16000,3,2,1,delivery,11:15,32000,46000,0.667,Trung tâm,Cơm tấm,Phường Tân Định
L05382,R043,2026-06-13,Cơm sườn đậu hũ,35000,54,16000,2,1,1,pickup,16:00,16000,19000,0.5,Dân cư đông,Cơm văn phòng,Phường Bảy Hiền
L05383,R043,2026-06-13,Cơm gà xối mỡ,37000,54,17000,2,1,1,pickup,16:45,17000,20000,0.5,Dân cư đông,Cơm văn phòng,Phường Bảy Hiền
L05384,R043,2026-06-13,Cơm thịt kho trứng,36000,58,15000,3,2,1,pickup,16:00,30000,42000,0.667,Dân cư đông,Cơm văn phòng,Phường Bảy Hiền
L05385,R043,2026-06-13,Cơm canh chua,42000,56,18000,3,2,1,pickup,16:30,36000,48000,0.667,Dân cư đông,Cơm văn phòng,Phường Bảy Hiền
L05386,R043,2026-06-13,Cơm gà luộc,45000,55,20000,3,2,1,pickup,16:00,40000,50000,0.667,Dân cư đông,Cơm văn phòng,Phường Bảy Hiền
L05387,R044,2026-06-13,Hủ tiếu thập cẩm,48000,49,24000,3,1,2,delivery,13:00,24000,24000,0.333,Sinh viên,Hủ tiếu,Phường Tam Bình
L05388,R044,2026-06-13,Hủ tiếu sa tế,45000,54,21000,3,2,1,pickup,13:45,42000,48000,0.667,Sinh viên,Hủ tiếu,Phường Tam Bình
L05389,R044,2026-06-13,Hủ tiếu mì,37000,53,17000,3,2,1,delivery,13:45,34000,40000,0.667,Sinh viên,Hủ tiếu,Phường Tam Bình
L05390,R045,2026-06-13,Bún bò thập cẩm,55000,37,35000,4,1,3,delivery,17:30,35000,20000,0.25,Công nhân,Bún bò,Phường Thuận An
L05391,R045,2026-06-13,Bún bò viên,45000,43,26000,3,2,1,pickup,17:00,52000,38000,0.667,Công nhân,Bún bò,Phường Thuận An
L05392,R045,2026-06-13,Bún bò giò heo,46000,40,28000,5,3,2,pickup,17:15,84000,54000,0.6,Công nhân,Bún bò,Phường Thuận An
L05393,R046,2026-06-13,Bánh mì trứng,24000,55,11000,3,2,1,pickup,13:45,22000,26000,0.667,Sinh viên,Bánh mì,Phường Cát Lái
L05394,R046,2026-06-13,Bánh mì gà,23000,58,10000,2,1,1,pickup,13:15,10000,13000,0.5,Sinh viên,Bánh mì,Phường Cát Lái
L05395,R046,2026-06-13,Bánh mì chả lụa,20000,57,9000,3,2,1,pickup,13:15,18000,22000,0.667,Sinh viên,Bánh mì,Phường Cát Lái
L05396,R046,2026-06-13,Bánh mì xíu mại,23000,55,10000,3,2,1,pickup,13:45,20000,26000,0.667,Sinh viên,Bánh mì,Phường Cát Lái
L05397,R046,2026-06-13,Bánh mì thịt nguội,26000,56,11000,3,2,1,pickup,13:15,22000,30000,0.667,Sinh viên,Bánh mì,Phường Cát Lái
L05398,R047,2026-06-13,Bún bò Huế đặc biệt,41000,46,22000,30,18,12,delivery,17:00,396000,342000,0.6,Công nhân,Bún bò,Phường Tân Khánh
L05399,R048,2026-06-13,Bánh mì thịt nguội,30000,51,15000,4,2,2,pickup,18:15,30000,30000,0.5,Công nhân,Bánh mì,Phường An Phú
L05400,R048,2026-06-13,Bánh mì xíu mại,21000,51,10000,3,2,1,pickup,18:45,20000,22000,0.667,Công nhân,Bánh mì,Phường An Phú
L05401,R049,2026-06-13,Phở bò viên,39000,40,23000,1,0,1,pickup,12:30,0,0,0.0,Sinh viên,Phở,Phường Thủ Đức
L05402,R049,2026-06-13,Phở bò tái,42000,43,24000,1,0,1,delivery,12:15,0,0,0.0,Sinh viên,Phở,Phường Thủ Đức
L05403,R049,2026-06-13,Phở gà,49000,37,31000,1,0,1,delivery,12:30,0,0,0.0,Sinh viên,Phở,Phường Thủ Đức
L05404,R049,2026-06-13,Phở bò chín,53000,38,33000,1,0,1,delivery,12:00,0,0,0.0,Sinh viên,Phở,Phường Thủ Đức
L05405,R050,2026-06-13,Bánh mì thịt nguội,31000,43,18000,1,0,1,delivery,17:15,0,0,0.0,Ngoại ô,Bánh mì,Xã Hưng Long
L05406,R051,2026-06-13,Hủ tiếu Nam Vang,50000,51,24000,7,4,3,pickup,13:45,96000,104000,0.571,Dân cư đông,Hủ tiếu,Phường Hạnh Thông
L05407,R052,2026-06-13,Cơm tấm bì,26000,41,15000,4,2,2,delivery,18:15,30000,22000,0.5,Dân cư đông,Cơm tấm,Phường Xóm Chiếu
L05408,R052,2026-06-13,Cơm tấm sườn nướng,32000,44,18000,4,2,2,delivery,18:45,36000,28000,0.5,Dân cư đông,Cơm tấm,Phường Xóm Chiếu
L05409,R052,2026-06-13,Cơm tấm đặc biệt,37000,39,23000,3,1,2,delivery,18:15,23000,14000,0.333,Dân cư đông,Cơm tấm,Phường Xóm Chiếu
L05410,R053,2026-06-13,Bánh mì gà,27000,60,11000,3,2,1,delivery,17:15,22000,32000,0.667,Dân cư đông,Bánh mì,Phường Gia Định
L05411,R053,2026-06-13,Bánh mì thịt nguội,24000,60,10000,3,2,1,delivery,17:15,20000,28000,0.667,Dân cư đông,Bánh mì,Phường Gia Định
L05412,R053,2026-06-13,Bánh mì chả lụa,22000,60,9000,3,2,1,pickup,17:30,18000,26000,0.667,Dân cư đông,Bánh mì,Phường Gia Định
L05413,R053,2026-06-13,Bánh mì xíu mại,30000,60,12000,4,3,1,pickup,17:45,36000,54000,0.75,Dân cư đông,Bánh mì,Phường Gia Định
L05414,R053,2026-06-13,Bánh mì trứng,29000,54,13000,4,2,2,pickup,17:15,26000,32000,0.5,Dân cư đông,Bánh mì,Phường Gia Định
L05415,R054,2026-06-13,Bánh mì trứng,25000,55,11000,3,1,2,delivery,11:30,11000,14000,0.333,Công nhân,Bánh mì,Phường Bình Hòa
L05416,R054,2026-06-13,Bánh mì xíu mại,17000,54,8000,3,2,1,pickup,11:45,16000,18000,0.667,Công nhân,Bánh mì,Phường Bình Hòa
L05417,R054,2026-06-13,Bánh mì thịt nguội,28000,50,14000,4,2,2,pickup,11:30,28000,28000,0.5,Công nhân,Bánh mì,Phường Bình Hòa
L05418,R054,2026-06-13,Bánh mì chả lụa,23000,51,11000,4,3,1,pickup,11:30,33000,36000,0.75,Công nhân,Bánh mì,Phường Bình Hòa
L05419,R055,2026-06-13,Cơm tấm đặc biệt,44000,56,19000,2,1,1,pickup,12:45,19000,25000,0.5,Dân cư đông,Cơm tấm,Phường Thông Tây Hội
L05420,R055,2026-06-13,Cơm tấm sườn nướng,37000,55,17000,2,1,1,delivery,12:15,17000,20000,0.5,Dân cư đông,Cơm tấm,Phường Thông Tây Hội
L05421,R055,2026-06-13,Cơm tấm sườn trứng,42000,60,17000,2,1,1,delivery,12:30,17000,25000,0.5,Dân cư đông,Cơm tấm,Phường Thông Tây Hội
L05422,R055,2026-06-13,Cơm tấm bì,34000,60,14000,1,0,1,delivery,12:00,0,0,0.0,Dân cư đông,Cơm tấm,Phường Thông Tây Hội
L05423,R055,2026-06-13,Cơm tấm sườn bì chả,35000,60,14000,2,1,1,pickup,12:45,14000,21000,0.5,Dân cư đông,Cơm tấm,Phường Thông Tây Hội
L05424,R056,2026-06-13,Hủ tiếu Nam Vang,40000,39,24000,3,0,3,delivery,17:30,0,0,0.0,Trung tâm,Hủ tiếu,Phường Nhiêu Lộc
L05425,R056,2026-06-13,Hủ tiếu sa tế,45000,40,27000,4,2,2,delivery,17:00,54000,36000,0.5,Trung tâm,Hủ tiếu,Phường Nhiêu Lộc
L05426,R057,2026-06-13,Bún bò thập cẩm,40000,50,20000,1,0,1,pickup,18:00,0,0,0.0,Sinh viên,Bún bò,Phường Bình Trưng
L05427,R057,2026-06-13,Bún bò gân,58000,53,27000,1,0,1,pickup,18:15,0,0,0.0,Sinh viên,Bún bò,Phường Bình Trưng
L05428,R058,2026-06-13,Bánh mì thịt nguội,22000,30,15000,1,0,1,pickup,19:45,0,0,0.0,Trung tâm,Bánh mì,Phường Cầu Kiệu
L05429,R058,2026-06-13,Bánh mì trứng,31000,34,20000,1,0,1,pickup,19:15,0,0,0.0,Trung tâm,Bánh mì,Phường Cầu Kiệu
L05430,R058,2026-06-13,Bánh mì gà,33000,35,21000,1,0,1,pickup,19:30,0,0,0.0,Trung tâm,Bánh mì,Phường Cầu Kiệu
L05431,R058,2026-06-13,Bánh mì xíu mại,20000,30,14000,1,0,1,pickup,19:15,0,0,0.0,Trung tâm,Bánh mì,Phường Cầu Kiệu
L05432,R059,2026-06-13,Cơm tấm đặc biệt,35000,35,23000,2,0,2,pickup,14:00,0,0,0.0,Sinh viên,Cơm tấm,Phường Tam Bình
L05433,R059,2026-06-13,Cơm tấm sườn bì chả,34000,34,22000,2,0,2,delivery,14:00,0,0,0.0,Sinh viên,Cơm tấm,Phường Tam Bình
L05434,R060,2026-06-13,Phở bò tái,37000,60,15000,3,2,1,pickup,10:15,30000,44000,0.667,Công nhân,Phở,Phường Tân Đông Hiệp
L05435,R061,2026-06-13,Cơm tấm đặc biệt,29000,48,15000,5,3,2,pickup,15:15,45000,42000,0.6,Sinh viên,Cơm tấm,Phường Tam Bình
L05436,R061,2026-06-13,Cơm tấm sườn nướng,40000,42,23000,5,3,2,delivery,15:45,69000,51000,0.6,Sinh viên,Cơm tấm,Phường Tam Bình
L05437,R062,2026-06-13,Phở bò tái,51000,30,36000,1,0,1,delivery,10:15,0,0,0.0,Dân cư đông,Phở,Phường Hạnh Thông
L05438,R062,2026-06-13,Phở bò viên,42000,30,29000,1,0,1,delivery,10:45,0,0,0.0,Dân cư đông,Phở,Phường Hạnh Thông
L05439,R062,2026-06-13,Phở gà,62000,33,42000,1,0,1,delivery,10:30,0,0,0.0,Dân cư đông,Phở,Phường Hạnh Thông
L05440,R062,2026-06-13,Phở bò chín,57000,30,40000,1,0,1,delivery,10:30,0,0,0.0,Dân cư đông,Phở,Phường Hạnh Thông
L05441,R062,2026-06-13,Phở bò tái nạm,48000,34,32000,1,0,1,delivery,10:45,0,0,0.0,Dân cư đông,Phở,Phường Hạnh Thông
L05442,R063,2026-06-13,Hủ tiếu thập cẩm,40000,42,23000,3,1,2,delivery,19:00,23000,17000,0.333,Công nhân,Hủ tiếu,Phường Thuận Giao
L05443,R063,2026-06-13,Hủ tiếu bò kho,48000,44,27000,3,1,2,delivery,19:00,27000,21000,0.333,Công nhân,Hủ tiếu,Phường Thuận Giao
L05444,R063,2026-06-13,Hủ tiếu sa tế,37000,47,20000,3,1,2,delivery,19:30,20000,17000,0.333,Công nhân,Hủ tiếu,Phường Thuận Giao
L05445,R064,2026-06-13,Bún bò thập cẩm,53000,48,28000,2,1,1,delivery,10:45,28000,25000,0.5,Sinh viên,Bún bò,Phường Tăng Nhơn Phú
L05446,R064,2026-06-13,Bún bò Huế đặc biệt,37000,47,20000,3,2,1,delivery,10:30,40000,34000,0.667,Sinh viên,Bún bò,Phường Tăng Nhơn Phú
L05447,R064,2026-06-13,Bún bò gân,48000,46,26000,3,1,2,pickup,10:00,26000,22000,0.333,Sinh viên,Bún bò,Phường Tăng Nhơn Phú
L05448,R065,2026-06-13,Cơm tấm sườn nướng,32000,51,16000,1,0,1,pickup,19:45,0,0,0.0,Công nhân,Cơm tấm,Phường Đông Hòa
L05449,R065,2026-06-13,Cơm tấm bì,42000,48,22000,2,1,1,pickup,19:00,22000,20000,0.5,Công nhân,Cơm tấm,Phường Đông Hòa
L05450,R065,2026-06-13,Cơm tấm sườn trứng,45000,51,22000,2,1,1,pickup,19:00,22000,23000,0.5,Công nhân,Cơm tấm,Phường Đông Hòa
L05451,R066,2026-06-13,Cơm thịt kho trứng,50000,54,23000,5,4,1,pickup,09:00,92000,108000,0.8,Sinh viên,Cơm văn phòng,Phường An Khánh
L05452,R066,2026-06-13,Cơm gà xối mỡ,36000,58,15000,4,3,1,pickup,09:00,45000,63000,0.75,Sinh viên,Cơm văn phòng,Phường An Khánh
L05453,R066,2026-06-13,Cơm gà luộc,36000,60,14000,4,3,1,pickup,09:45,42000,66000,0.75,Sinh viên,Cơm văn phòng,Phường An Khánh
L05454,R067,2026-06-13,Cơm sườn đậu hũ,50000,44,28000,1,0,1,delivery,19:30,0,0,0.0,Dân cư đông,Cơm văn phòng,Phường An Hội Đông
L05455,R067,2026-06-13,Cơm canh chua,35000,50,18000,1,0,1,delivery,19:15,0,0,0.0,Dân cư đông,Cơm văn phòng,Phường An Hội Đông
L05456,R067,2026-06-13,Cơm thịt kho trứng,41000,44,23000,1,0,1,delivery,19:00,0,0,0.0,Dân cư đông,Cơm văn phòng,Phường An Hội Đông
L05457,R067,2026-06-13,Cơm gà xối mỡ,35000,52,17000,1,0,1,delivery,19:30,0,0,0.0,Dân cư đông,Cơm văn phòng,Phường An Hội Đông
L05458,R067,2026-06-13,Cơm gà luộc,45000,44,25000,1,0,1,delivery,19:15,0,0,0.0,Dân cư đông,Cơm văn phòng,Phường An Hội Đông
L05459,R068,2026-06-13,Bún riêu cua,36000,35,23000,1,0,1,delivery,19:15,0,0,0.0,Trung tâm,Bún riêu,Phường Xuân Hòa
L05460,R068,2026-06-13,Bún riêu cua mọc,45000,38,28000,1,0,1,delivery,19:00,0,0,0.0,Trung tâm,Bún riêu,Phường Xuân Hòa
L05461,R068,2026-06-13,Bún riêu cua đồng,50000,36,32000,1,0,1,delivery,19:30,0,0,0.0,Trung tâm,Bún riêu,Phường Xuân Hòa
L05462,R069,2026-06-13,Bánh mì thịt nguội,23000,49,12000,1,0,1,pickup,20:00,0,0,0.0,Ngoại ô,Bánh mì,Xã Xuân Thới Sơn
L05463,R069,2026-06-13,Bánh mì gà,22000,44,12000,1,0,1,delivery,20:30,0,0,0.0,Ngoại ô,Bánh mì,Xã Xuân Thới Sơn
L05464,R069,2026-06-13,Bánh mì chả lụa,18000,52,9000,1,0,1,delivery,20:30,0,0,0.0,Ngoại ô,Bánh mì,Xã Xuân Thới Sơn
L05465,R070,2026-06-13,Hủ tiếu bò kho,49000,57,21000,1,0,1,delivery,19:00,0,0,0.0,Dân cư đông,Hủ tiếu,Phường Gò Vấp
L05466,R070,2026-06-13,Hủ tiếu mì,53000,60,21000,1,0,1,delivery,19:30,0,0,0.0,Dân cư đông,Hủ tiếu,Phường Gò Vấp
L05467,R070,2026-06-13,Hủ tiếu sa tế,43000,60,17000,1,0,1,pickup,19:15,0,0,0.0,Dân cư đông,Hủ tiếu,Phường Gò Vấp
L05468,R070,2026-06-13,Hủ tiếu Nam Vang,64000,59,26000,1,0,1,delivery,19:30,0,0,0.0,Dân cư đông,Hủ tiếu,Phường Gò Vấp
L05469,R071,2026-06-13,Cơm tấm sườn trứng,42000,30,29000,4,2,2,pickup,11:45,58000,26000,0.5,Sinh viên,Cơm tấm,Phường Bình Trưng
L05470,R071,2026-06-13,Cơm tấm bì,34000,36,22000,3,1,2,pickup,11:15,22000,12000,0.333,Sinh viên,Cơm tấm,Phường Bình Trưng
L05471,R071,2026-06-13,Cơm tấm sườn nướng,33000,30,23000,3,1,2,delivery,11:45,23000,10000,0.333,Sinh viên,Cơm tấm,Phường Bình Trưng
L05472,R071,2026-06-13,Cơm tấm sườn bì chả,44000,38,27000,4,1,3,delivery,11:45,27000,17000,0.25,Sinh viên,Cơm tấm,Phường Bình Trưng
L05473,R071,2026-06-13,Cơm tấm đặc biệt,35000,30,24000,4,2,2,delivery,11:45,48000,22000,0.5,Sinh viên,Cơm tấm,Phường Bình Trưng
L05474,R072,2026-06-13,Cơm gà xối mỡ,45000,49,23000,4,3,1,delivery,14:45,69000,66000,0.75,Trung tâm,Cơm văn phòng,Phường Bến Thành
L05475,R072,2026-06-13,Cơm sườn đậu hũ,40000,57,17000,5,3,2,pickup,14:30,51000,69000,0.6,Trung tâm,Cơm văn phòng,Phường Bến Thành
L05476,R073,2026-06-13,Bánh mì gà,30000,44,17000,2,1,1,delivery,16:15,17000,13000,0.5,Dân cư đông,Bánh mì,Phường Vĩnh Hội
L05477,R073,2026-06-13,Bánh mì trứng,26000,50,13000,2,1,1,pickup,16:45,13000,13000,0.5,Dân cư đông,Bánh mì,Phường Vĩnh Hội
L05478,R074,2026-06-13,Cơm thịt kho trứng,38000,30,27000,1,0,1,pickup,17:45,0,0,0.0,Dân cư đông,Cơm văn phòng,Phường Bình Lợi Trung
L05479,R074,2026-06-13,Cơm gà luộc,40000,30,28000,2,0,2,pickup,17:30,0,0,0.0,Dân cư đông,Cơm văn phòng,Phường Bình Lợi Trung
L05480,R074,2026-06-13,Cơm sườn đậu hũ,41000,34,27000,2,1,1,pickup,17:00,27000,14000,0.5,Dân cư đông,Cơm văn phòng,Phường Bình Lợi Trung
L05481,R074,2026-06-13,Cơm gà xối mỡ,29000,30,20000,2,0,2,pickup,17:45,0,0,0.0,Dân cư đông,Cơm văn phòng,Phường Bình Lợi Trung
L05482,R074,2026-06-13,Cơm canh chua,35000,30,24000,2,1,1,pickup,17:15,24000,11000,0.5,Dân cư đông,Cơm văn phòng,Phường Bình Lợi Trung
L05483,R075,2026-06-13,Cơm tấm sườn bì chả,41000,46,22000,3,1,2,delivery,15:45,22000,19000,0.333,Dân cư đông,Cơm tấm,Phường Vĩnh Hội
L05484,R075,2026-06-13,Cơm tấm bì,41000,47,22000,3,2,1,delivery,15:00,44000,38000,0.667,Dân cư đông,Cơm tấm,Phường Vĩnh Hội
L05485,R075,2026-06-13,Cơm tấm đặc biệt,34000,52,16000,3,2,1,delivery,15:15,32000,36000,0.667,Dân cư đông,Cơm tấm,Phường Vĩnh Hội
L05486,R076,2026-06-13,Phở gà,42000,43,24000,7,5,2,pickup,12:15,120000,90000,0.714,Dân cư đông,Phở,Phường An Nhơn
L05487,R076,2026-06-13,Phở bò tái nạm,57000,42,33000,5,3,2,pickup,12:30,99000,72000,0.6,Dân cư đông,Phở,Phường An Nhơn
L05488,R076,2026-06-13,Phở bò tái,39000,41,23000,6,4,2,pickup,12:15,92000,64000,0.667,Dân cư đông,Phở,Phường An Nhơn
L05489,R077,2026-06-13,Cơm tấm đặc biệt,38000,47,20000,2,1,1,delivery,14:45,20000,18000,0.5,Trung tâm,Cơm tấm,Phường Xuân Hòa
L05490,R077,2026-06-13,Cơm tấm sườn nướng,40000,46,22000,2,1,1,delivery,14:00,22000,18000,0.5,Trung tâm,Cơm tấm,Phường Xuân Hòa
L05491,R077,2026-06-13,Cơm tấm sườn trứng,39000,48,20000,2,1,1,delivery,14:00,20000,19000,0.5,Trung tâm,Cơm tấm,Phường Xuân Hòa
L05492,R078,2026-06-13,Bún riêu cua mọc,49000,38,30000,2,0,2,delivery,13:00,0,0,0.0,Công nhân,Bún riêu,Phường Tân Đông Hiệp
L05493,R078,2026-06-13,Bún riêu cua,39000,34,26000,2,0,2,pickup,13:45,0,0,0.0,Công nhân,Bún riêu,Phường Tân Đông Hiệp
L05494,R078,2026-06-13,Bún riêu cua đồng,40000,40,24000,2,1,1,delivery,13:45,24000,16000,0.5,Công nhân,Bún riêu,Phường Tân Đông Hiệp
L05495,R078,2026-06-13,Bún riêu thập cẩm,44000,43,25000,2,1,1,pickup,13:30,25000,19000,0.5,Công nhân,Bún riêu,Phường Tân Đông Hiệp
L05496,R079,2026-06-13,Cơm tấm sườn bì chả,43000,41,25000,7,4,3,delivery,16:00,100000,72000,0.571,Sinh viên,Cơm tấm,Phường Bình Trưng
L05497,R080,2026-06-13,Cơm tấm sườn trứng,41000,51,20000,1,0,1,pickup,09:15,0,0,0.0,Dân cư đông,Cơm tấm,Phường An Hội Đông
L05498,R080,2026-06-13,Cơm tấm đặc biệt,32000,45,18000,1,0,1,delivery,09:45,0,0,0.0,Dân cư đông,Cơm tấm,Phường An Hội Đông
L05499,R080,2026-06-13,Cơm tấm sườn nướng,52000,44,29000,2,1,1,delivery,09:00,29000,23000,0.5,Dân cư đông,Cơm tấm,Phường An Hội Đông
L05500,R080,2026-06-13,Cơm tấm bì,36000,43,21000,1,0,1,delivery,09:30,0,0,0.0,Dân cư đông,Cơm tấm,Phường An Hội Đông
L05501,R080,2026-06-13,Cơm tấm sườn bì chả,33000,46,18000,1,0,1,pickup,09:00,0,0,0.0,Dân cư đông,Cơm tấm,Phường An Hội Đông
L05502,R081,2026-06-13,Bún riêu cua đồng,36000,59,15000,4,2,2,pickup,09:30,30000,42000,0.5,Công nhân,Bún riêu,Phường Đông Hòa
L05503,R081,2026-06-13,Bún riêu thập cẩm,43000,59,18000,4,3,1,pickup,09:00,54000,75000,0.75,Công nhân,Bún riêu,Phường Đông Hòa
L05504,R081,2026-06-13,Bún riêu cua mọc,42000,59,17000,3,2,1,pickup,09:15,34000,50000,0.667,Công nhân,Bún riêu,Phường Đông Hòa
L05505,R081,2026-06-13,Bún riêu cua,42000,58,18000,3,2,1,pickup,09:45,36000,48000,0.667,Công nhân,Bún riêu,Phường Đông Hòa
L05506,R082,2026-06-13,Hủ tiếu mì,54000,57,23000,9,8,1,delivery,19:15,184000,248000,0.889,Sinh viên,Hủ tiếu,Phường Tăng Nhơn Phú
L05507,R082,2026-06-13,Hủ tiếu sa tế,43000,57,18000,9,7,2,pickup,19:45,126000,175000,0.778,Sinh viên,Hủ tiếu,Phường Tăng Nhơn Phú
L05508,R083,2026-06-13,Cơm tấm sườn nướng,43000,33,29000,1,0,1,pickup,14:15,0,0,0.0,Trung tâm,Cơm tấm,Phường Sài Gòn
L05509,R083,2026-06-13,Cơm tấm đặc biệt,50000,32,34000,1,0,1,delivery,14:30,0,0,0.0,Trung tâm,Cơm tấm,Phường Sài Gòn
L05510,R083,2026-06-13,Cơm tấm sườn bì chả,44000,30,31000,1,0,1,delivery,14:30,0,0,0.0,Trung tâm,Cơm tấm,Phường Sài Gòn
L05511,R084,2026-06-13,Bún riêu cua đồng,54000,44,30000,1,0,1,delivery,18:30,0,0,0.0,Sinh viên,Bún riêu,Phường Hiệp Bình
L05512,R085,2026-06-13,Bánh mì gà,24000,60,10000,17,15,2,pickup,20:00,150000,210000,0.882,Sinh viên,Bánh mì,Phường Tăng Nhơn Phú
L05513,R086,2026-06-13,Phở bò viên,45000,53,21000,1,0,1,delivery,10:30,0,0,0.0,Dân cư đông,Phở,Phường Tân Sơn Nhất
L05514,R086,2026-06-13,Phở bò tái nạm,47000,60,19000,1,0,1,delivery,10:30,0,0,0.0,Dân cư đông,Phở,Phường Tân Sơn Nhất
L05515,R086,2026-06-13,Phở bò chín,59000,52,28000,1,0,1,delivery,10:30,0,0,0.0,Dân cư đông,Phở,Phường Tân Sơn Nhất
L05516,R086,2026-06-13,Phở gà,50000,59,20000,1,0,1,delivery,10:30,0,0,0.0,Dân cư đông,Phở,Phường Tân Sơn Nhất
L05517,R086,2026-06-13,Phở bò tái,51000,54,23000,1,0,1,delivery,10:45,0,0,0.0,Dân cư đông,Phở,Phường Tân Sơn Nhất
L05518,R087,2026-06-13,Phở bò tái,51000,36,33000,16,8,8,pickup,13:45,264000,144000,0.5,Công nhân,Phở,Phường Thuận An
L05519,R087,2026-06-13,Phở bò viên,47000,36,30000,11,5,6,pickup,13:00,150000,85000,0.455,Công nhân,Phở,Phường Thuận An
L05520,R088,2026-06-13,Cơm tấm sườn trứng,34000,53,16000,3,2,1,delivery,09:00,32000,36000,0.667,Dân cư đông,Cơm tấm,Phường Gò Vấp
L05521,R088,2026-06-13,Cơm tấm bì,33000,59,14000,3,2,1,delivery,09:45,28000,38000,0.667,Dân cư đông,Cơm tấm,Phường Gò Vấp
L05522,R088,2026-06-13,Cơm tấm đặc biệt,31000,60,12000,2,1,1,pickup,09:45,12000,19000,0.5,Dân cư đông,Cơm tấm,Phường Gò Vấp
L05523,R088,2026-06-13,Cơm tấm sườn bì chả,34000,60,14000,3,2,1,delivery,09:45,28000,40000,0.667,Dân cư đông,Cơm tấm,Phường Gò Vấp
L05524,R088,2026-06-13,Cơm tấm sườn nướng,30000,60,12000,3,2,1,delivery,09:15,24000,36000,0.667,Dân cư đông,Cơm tấm,Phường Gò Vấp
L05525,R089,2026-06-13,Hủ tiếu thập cẩm,43000,30,30000,1,0,1,pickup,15:00,0,0,0.0,Công nhân,Hủ tiếu,Phường Đông Hòa
L05526,R089,2026-06-13,Hủ tiếu Nam Vang,46000,37,29000,1,0,1,delivery,15:30,0,0,0.0,Công nhân,Hủ tiếu,Phường Đông Hòa
L05527,R089,2026-06-13,Hủ tiếu bò kho,53000,32,36000,1,0,1,pickup,15:00,0,0,0.0,Công nhân,Hủ tiếu,Phường Đông Hòa
L05528,R089,2026-06-13,Hủ tiếu mì,64000,30,45000,1,0,1,delivery,15:00,0,0,0.0,Công nhân,Hủ tiếu,Phường Đông Hòa
L05529,R090,2026-06-13,Hủ tiếu thập cẩm,45000,41,27000,18,13,5,pickup,09:15,351000,234000,0.722,Sinh viên,Hủ tiếu,Phường Thủ Đức
L05530,R091,2026-06-13,Bánh mì xíu mại,16000,53,8000,3,2,1,delivery,12:00,16000,16000,0.667,Dân cư đông,Bánh mì,Phường Xóm Chiếu
L05531,R092,2026-06-13,Cơm tấm đặc biệt,38000,31,26000,2,1,1,delivery,17:45,26000,12000,0.5,Dân cư đông,Cơm tấm,Phường Gia Định
L05532,R092,2026-06-13,Cơm tấm sườn bì chả,34000,34,22000,3,1,2,pickup,17:30,22000,12000,0.333,Dân cư đông,Cơm tấm,Phường Gia Định
L05533,R092,2026-06-13,Cơm tấm sườn trứng,41000,39,25000,2,1,1,delivery,17:45,25000,16000,0.5,Dân cư đông,Cơm tấm,Phường Gia Định
L05534,R092,2026-06-13,Cơm tấm bì,38000,37,24000,3,1,2,delivery,17:30,24000,14000,0.333,Dân cư đông,Cơm tấm,Phường Gia Định
L05535,R092,2026-06-13,Cơm tấm sườn nướng,36000,33,24000,2,0,2,pickup,17:15,0,0,0.0,Dân cư đông,Cơm tấm,Phường Gia Định
L05536,R093,2026-06-13,Phở bò tái,55000,40,33000,6,4,2,pickup,09:15,132000,88000,0.667,Công nhân,Phở,Phường Tân Đông Hiệp
L05537,R093,2026-06-13,Phở bò viên,43000,32,29000,6,3,3,delivery,09:15,87000,42000,0.5,Công nhân,Phở,Phường Tân Đông Hiệp
L05538,R093,2026-06-13,Phở gà,61000,41,36000,6,3,3,delivery,09:30,108000,75000,0.5,Công nhân,Phở,Phường Tân Đông Hiệp
L05539,R093,2026-06-13,Phở bò chín,50000,33,34000,4,1,3,delivery,09:00,34000,16000,0.25,Công nhân,Phở,Phường Tân Đông Hiệp
L05540,R094,2026-06-13,Hủ tiếu thập cẩm,54000,50,27000,9,6,3,delivery,12:15,162000,162000,0.667,Dân cư đông,Hủ tiếu,Phường Bình Lợi Trung
L05541,R095,2026-06-13,Cơm tấm sườn bì chả,37000,60,15000,2,1,1,delivery,14:30,15000,22000,0.5,Công nhân,Cơm tấm,Phường Lái Thiêu
L05542,R095,2026-06-13,Cơm tấm sườn trứng,43000,59,18000,2,1,1,delivery,14:30,18000,25000,0.5,Công nhân,Cơm tấm,Phường Lái Thiêu
L05543,R095,2026-06-13,Cơm tấm sườn nướng,35000,60,14000,2,1,1,delivery,14:00,14000,21000,0.5,Công nhân,Cơm tấm,Phường Lái Thiêu
L05544,R095,2026-06-13,Cơm tấm bì,36000,56,16000,2,1,1,delivery,14:15,16000,20000,0.5,Công nhân,Cơm tấm,Phường Lái Thiêu
L05545,R096,2026-06-13,Cơm thịt kho trứng,34000,44,19000,12,6,6,pickup,14:15,114000,90000,0.5,Công nhân,Cơm văn phòng,Phường Lái Thiêu
L05546,R096,2026-06-13,Cơm canh chua,33000,40,20000,11,7,4,pickup,14:30,140000,91000,0.636,Công nhân,Cơm văn phòng,Phường Lái Thiêu
L05547,R097,2026-06-13,Hủ tiếu bò kho,38000,56,17000,2,1,1,pickup,20:00,17000,21000,0.5,Công nhân,Hủ tiếu,Phường Tân Đông Hiệp
L05548,R097,2026-06-13,Hủ tiếu thập cẩm,43000,56,19000,3,2,1,delivery,20:15,38000,48000,0.667,Công nhân,Hủ tiếu,Phường Tân Đông Hiệp
L05549,R097,2026-06-13,Hủ tiếu mì,41000,54,19000,3,2,1,delivery,20:30,38000,44000,0.667,Công nhân,Hủ tiếu,Phường Tân Đông Hiệp
L05550,R098,2026-06-13,Bún riêu thập cẩm,38000,40,23000,2,1,1,delivery,16:15,23000,15000,0.5,Trung tâm,Bún riêu,Phường Xuân Hòa
L05551,R099,2026-06-13,Cơm gà luộc,47000,60,19000,1,0,1,pickup,09:00,0,0,0.0,Sinh viên,Cơm văn phòng,Phường An Khánh
L05552,R099,2026-06-13,Cơm sườn đậu hũ,45000,56,20000,1,0,1,pickup,09:30,0,0,0.0,Sinh viên,Cơm văn phòng,Phường An Khánh
L05553,R099,2026-06-13,Cơm gà xối mỡ,36000,59,15000,1,0,1,pickup,09:15,0,0,0.0,Sinh viên,Cơm văn phòng,Phường An Khánh
L05554,R099,2026-06-13,Cơm thịt kho trứng,42000,54,19000,1,0,1,pickup,09:30,0,0,0.0,Sinh viên,Cơm văn phòng,Phường An Khánh
L05555,R099,2026-06-13,Cơm canh chua,41000,60,16000,1,0,1,pickup,09:00,0,0,0.0,Sinh viên,Cơm văn phòng,Phường An Khánh
L05556,R100,2026-06-13,Hủ tiếu Nam Vang,60000,45,33000,2,1,1,delivery,15:30,33000,27000,0.5,Trung tâm,Hủ tiếu,Phường Tân Định
L05557,R100,2026-06-13,Hủ tiếu mì,55000,38,34000,2,0,2,pickup,15:30,0,0,0.0,Trung tâm,Hủ tiếu,Phường Tân Định
L05558,R101,2026-06-13,Phở bò viên,46000,30,32000,1,0,1,pickup,09:00,0,0,0.0,Công nhân,Phở,Phường Bình Hòa
L05559,R101,2026-06-13,Phở bò chín,49000,30,34000,1,0,1,pickup,09:15,0,0,0.0,Công nhân,Phở,Phường Bình Hòa
L05560,R101,2026-06-13,Phở bò tái nạm,44000,35,29000,1,0,1,pickup,09:00,0,0,0.0,Công nhân,Phở,Phường Bình Hòa
L05561,R102,2026-06-13,Bún bò viên,37000,54,17000,1,0,1,delivery,15:45,0,0,0.0,Sinh viên,Bún bò,Phường Thủ Đức
L05562,R102,2026-06-13,Bún bò Huế đặc biệt,45000,59,18000,1,0,1,delivery,15:00,0,0,0.0,Sinh viên,Bún bò,Phường Thủ Đức
L05563,R102,2026-06-13,Bún bò gân,37000,58,16000,2,1,1,delivery,15:30,16000,21000,0.5,Sinh viên,Bún bò,Phường Thủ Đức
L05564,R102,2026-06-13,Bún bò giò heo,43000,49,22000,1,0,1,delivery,15:15,0,0,0.0,Sinh viên,Bún bò,Phường Thủ Đức
L05565,R103,2026-06-13,Cơm canh chua,30000,39,18000,6,3,3,pickup,11:30,54000,36000,0.5,Công nhân,Cơm văn phòng,Phường Đông Hòa
L05566,R103,2026-06-13,Cơm thịt kho trứng,47000,40,28000,6,3,3,delivery,11:45,84000,57000,0.5,Công nhân,Cơm văn phòng,Phường Đông Hòa
L05567,R103,2026-06-13,Cơm gà xối mỡ,28000,31,19000,6,2,4,delivery,11:00,38000,18000,0.333,Công nhân,Cơm văn phòng,Phường Đông Hòa
L05568,R104,2026-06-13,Bánh mì xíu mại,29000,52,14000,1,0,1,pickup,19:15,0,0,0.0,Dân cư đông,Bánh mì,Phường Thông Tây Hội
L05569,R104,2026-06-13,Bánh mì thịt nguội,21000,47,11000,1,0,1,pickup,19:00,0,0,0.0,Dân cư đông,Bánh mì,Phường Thông Tây Hội
L05570,R104,2026-06-13,Bánh mì trứng,21000,50,10000,1,0,1,pickup,19:45,0,0,0.0,Dân cư đông,Bánh mì,Phường Thông Tây Hội
L05571,R104,2026-06-13,Bánh mì gà,18000,54,8000,1,0,1,pickup,19:15,0,0,0.0,Dân cư đông,Bánh mì,Phường Thông Tây Hội
L05572,R104,2026-06-13,Bánh mì chả lụa,20000,49,10000,1,0,1,pickup,19:00,0,0,0.0,Dân cư đông,Bánh mì,Phường Thông Tây Hội
L05573,R105,2026-06-13,Bánh mì xíu mại,25000,31,17000,6,1,5,pickup,16:00,17000,8000,0.167,Sinh viên,Bánh mì,Phường Tam Bình
L05574,R105,2026-06-13,Bánh mì trứng,32000,30,22000,6,2,4,pickup,16:00,44000,20000,0.333,Sinh viên,Bánh mì,Phường Tam Bình
L05575,R106,2026-06-13,Phở bò tái nạm,51000,60,20000,8,5,3,pickup,11:15,100000,155000,0.625,Công nhân,Phở,Phường An Phú
L05576,R106,2026-06-13,Phở gà,56000,60,22000,7,5,2,pickup,11:15,110000,170000,0.714,Công nhân,Phở,Phường An Phú
L05577,R106,2026-06-13,Phở bò chín,48000,60,19000,7,5,2,pickup,11:30,95000,145000,0.714,Công nhân,Phở,Phường An Phú
L05578,R107,2026-06-13,Hủ tiếu Nam Vang,45000,37,28000,15,5,10,delivery,09:15,140000,85000,0.333,Dân cư đông,Hủ tiếu,Phường Gò Vấp
L05579,R108,2026-06-13,Cơm tấm sườn bì chả,43000,53,20000,4,3,1,pickup,16:00,60000,69000,0.75,Sinh viên,Cơm tấm,Phường Thủ Đức
L05580,R108,2026-06-13,Cơm tấm bì,35000,54,16000,3,2,1,delivery,16:15,32000,38000,0.667,Sinh viên,Cơm tấm,Phường Thủ Đức
L05581,R108,2026-06-13,Cơm tấm đặc biệt,40000,50,20000,4,3,1,delivery,16:00,60000,60000,0.75,Sinh viên,Cơm tấm,Phường Thủ Đức
L05582,R108,2026-06-13,Cơm tấm sườn nướng,38000,54,17000,4,3,1,delivery,16:30,51000,63000,0.75,Sinh viên,Cơm tấm,Phường Thủ Đức
L05583,R109,2026-06-13,Hủ tiếu Nam Vang,47000,60,19000,1,0,1,delivery,11:45,0,0,0.0,Trung tâm,Hủ tiếu,Phường Sài Gòn
L05584,R109,2026-06-13,Hủ tiếu bò kho,61000,53,29000,1,0,1,delivery,11:00,0,0,0.0,Trung tâm,Hủ tiếu,Phường Sài Gòn
L05585,R109,2026-06-13,Hủ tiếu sa tế,52000,57,22000,1,0,1,delivery,11:15,0,0,0.0,Trung tâm,Hủ tiếu,Phường Sài Gòn
L05586,R110,2026-06-13,Phở bò chín,46000,58,19000,4,3,1,delivery,10:45,57000,81000,0.75,Sinh viên,Phở,Phường Hiệp Bình
L05587,R110,2026-06-13,Phở bò viên,44000,60,18000,4,3,1,delivery,10:45,54000,78000,0.75,Sinh viên,Phở,Phường Hiệp Bình
L05588,R111,2026-06-13,Bánh mì chả lụa,32000,54,15000,4,3,1,delivery,09:15,45000,51000,0.75,Sinh viên,Bánh mì,Phường Long Bình
L05589,R112,2026-06-13,Hủ tiếu mì,59000,50,30000,1,0,1,delivery,11:45,0,0,0.0,Dân cư đông,Hủ tiếu,Phường Gò Vấp
L05590,R112,2026-06-13,Hủ tiếu sa tế,54000,54,25000,1,0,1,delivery,11:00,0,0,0.0,Dân cư đông,Hủ tiếu,Phường Gò Vấp
L05591,R112,2026-06-13,Hủ tiếu Nam Vang,56000,51,27000,1,0,1,pickup,11:00,0,0,0.0,Dân cư đông,Hủ tiếu,Phường Gò Vấp
L05592,R112,2026-06-13,Hủ tiếu thập cẩm,52000,50,26000,1,0,1,pickup,11:00,0,0,0.0,Dân cư đông,Hủ tiếu,Phường Gò Vấp
L05593,R112,2026-06-13,Hủ tiếu bò kho,49000,55,22000,1,0,1,delivery,11:15,0,0,0.0,Dân cư đông,Hủ tiếu,Phường Gò Vấp
L05594,R113,2026-06-13,Bánh mì gà,23000,43,13000,1,0,1,delivery,10:15,0,0,0.0,Dân cư đông,Bánh mì,Phường Tân Hòa
L05595,R113,2026-06-13,Bánh mì xíu mại,16000,45,9000,1,0,1,delivery,10:00,0,0,0.0,Dân cư đông,Bánh mì,Phường Tân Hòa
L05596,R113,2026-06-13,Bánh mì chả lụa,25000,53,12000,1,0,1,delivery,10:00,0,0,0.0,Dân cư đông,Bánh mì,Phường Tân Hòa
L05597,R113,2026-06-13,Bánh mì thịt nguội,20000,51,10000,1,0,1,delivery,10:45,0,0,0.0,Dân cư đông,Bánh mì,Phường Tân Hòa
L05598,R113,2026-06-13,Bánh mì trứng,30000,47,16000,1,0,1,delivery,10:00,0,0,0.0,Dân cư đông,Bánh mì,Phường Tân Hòa
L05599,R114,2026-06-13,Cơm canh chua,43000,42,25000,1,0,1,delivery,10:15,0,0,0.0,Công nhân,Cơm văn phòng,Phường Bình Hòa
L05600,R114,2026-06-13,Cơm gà xối mỡ,27000,37,17000,1,0,1,delivery,10:45,0,0,0.0,Công nhân,Cơm văn phòng,Phường Bình Hòa
L05601,R114,2026-06-13,Cơm sườn đậu hũ,42000,41,25000,1,0,1,pickup,10:45,0,0,0.0,Công nhân,Cơm văn phòng,Phường Bình Hòa
L05602,R114,2026-06-13,Cơm thịt kho trứng,38000,42,22000,2,1,1,delivery,10:30,22000,16000,0.5,Công nhân,Cơm văn phòng,Phường Bình Hòa
L05603,R115,2026-06-13,Cơm tấm sườn bì chả,32000,41,19000,1,0,1,delivery,14:15,0,0,0.0,Dân cư đông,Cơm tấm,Phường Khánh Hội
L05604,R115,2026-06-13,Cơm tấm sườn trứng,47000,43,27000,1,0,1,pickup,14:00,0,0,0.0,Dân cư đông,Cơm tấm,Phường Khánh Hội
L05605,R116,2026-06-13,Cơm sườn đậu hũ,33000,37,21000,2,0,2,pickup,20:15,0,0,0.0,Dân cư đông,Cơm văn phòng,Phường Bình Lợi Trung
L05606,R116,2026-06-13,Cơm gà xối mỡ,36000,41,21000,2,1,1,pickup,20:45,21000,15000,0.5,Dân cư đông,Cơm văn phòng,Phường Bình Lợi Trung
L05607,R117,2026-06-13,Bánh mì thịt nguội,16000,39,10000,1,0,1,delivery,09:45,0,0,0.0,Sinh viên,Bánh mì,Phường Hiệp Bình
L05608,R117,2026-06-13,Bánh mì chả lụa,20000,39,12000,1,0,1,delivery,09:45,0,0,0.0,Sinh viên,Bánh mì,Phường Hiệp Bình
L05609,R117,2026-06-13,Bánh mì xíu mại,21000,36,13000,1,0,1,delivery,09:15,0,0,0.0,Sinh viên,Bánh mì,Phường Hiệp Bình
L05610,R118,2026-06-13,Bánh mì thịt nguội,24000,30,17000,3,0,3,pickup,10:00,0,0,0.0,Dân cư đông,Bánh mì,Phường Gò Vấp
L05611,R118,2026-06-13,Bánh mì gà,17000,30,12000,3,1,2,pickup,10:15,12000,5000,0.333,Dân cư đông,Bánh mì,Phường Gò Vấp
L05612,R118,2026-06-13,Bánh mì xíu mại,22000,30,15000,3,1,2,pickup,10:45,15000,7000,0.333,Dân cư đông,Bánh mì,Phường Gò Vấp
L05613,R119,2026-06-13,Bún bò gân,57000,51,28000,7,5,2,pickup,14:15,140000,145000,0.714,Công nhân,Bún bò,Phường Đông Hòa
L05614,R120,2026-06-13,Bún bò viên,41000,52,20000,2,1,1,pickup,11:00,20000,21000,0.5,Dân cư đông,Bún bò,Phường Hạnh Thông
L05615,R120,2026-06-13,Bún bò giò heo,60000,50,30000,2,1,1,pickup,11:00,30000,30000,0.5,Dân cư đông,Bún bò,Phường Hạnh Thông
L05616,R120,2026-06-13,Bún bò thập cẩm,51000,54,23000,2,1,1,pickup,11:30,23000,28000,0.5,Dân cư đông,Bún bò,Phường Hạnh Thông
L05617,R120,2026-06-13,Bún bò gân,61000,54,28000,2,1,1,pickup,11:15,28000,33000,0.5,Dân cư đông,Bún bò,Phường Hạnh Thông
L05618,R120,2026-06-13,Bún bò Huế đặc biệt,43000,52,21000,1,0,1,pickup,11:15,0,0,0.0,Dân cư đông,Bún bò,Phường Hạnh Thông
L05619,R121,2026-06-13,Cơm thịt kho trứng,31000,35,20000,1,0,1,pickup,12:15,0,0,0.0,Dân cư đông,Cơm văn phòng,Phường Gò Vấp
L05620,R121,2026-06-13,Cơm canh chua,35000,37,22000,1,0,1,pickup,12:15,0,0,0.0,Dân cư đông,Cơm văn phòng,Phường Gò Vấp
L05621,R121,2026-06-13,Cơm gà luộc,33000,36,21000,1,0,1,pickup,12:30,0,0,0.0,Dân cư đông,Cơm văn phòng,Phường Gò Vấp
L05622,R121,2026-06-13,Cơm sườn đậu hũ,39000,43,22000,1,0,1,pickup,12:45,0,0,0.0,Dân cư đông,Cơm văn phòng,Phường Gò Vấp
L05623,R121,2026-06-13,Cơm gà xối mỡ,36000,36,23000,1,0,1,pickup,12:15,0,0,0.0,Dân cư đông,Cơm văn phòng,Phường Gò Vấp
L05624,R122,2026-06-13,Bún riêu cua mọc,37000,46,20000,7,4,3,pickup,09:30,80000,68000,0.571,Sinh viên,Bún riêu,Phường Linh Xuân
L05625,R123,2026-06-13,Cơm gà luộc,32000,54,15000,11,8,3,pickup,16:00,120000,136000,0.727,Sinh viên,Cơm văn phòng,Phường Bình Trưng
L05626,R124,2026-06-13,Bún bò gân,43000,35,28000,3,1,2,delivery,15:00,28000,15000,0.333,Sinh viên,Bún bò,Phường Cát Lái
L05627,R124,2026-06-13,Bún bò thập cẩm,45000,35,29000,3,1,2,delivery,15:00,29000,16000,0.333,Sinh viên,Bún bò,Phường Cát Lái
L05628,R124,2026-06-13,Bún bò giò heo,58000,31,40000,3,1,2,delivery,15:45,40000,18000,0.333,Sinh viên,Bún bò,Phường Cát Lái
L05629,R124,2026-06-13,Bún bò viên,44000,30,31000,3,1,2,delivery,15:00,31000,13000,0.333,Sinh viên,Bún bò,Phường Cát Lái
L05630,R124,2026-06-13,Bún bò Huế đặc biệt,58000,33,39000,2,1,1,delivery,15:00,39000,19000,0.5,Sinh viên,Bún bò,Phường Cát Lái
L05631,R125,2026-06-13,Bánh mì gà,31000,53,15000,3,2,1,delivery,15:15,30000,32000,0.667,Công nhân,Bánh mì,Phường Lái Thiêu
L05632,R125,2026-06-13,Bánh mì chả lụa,26000,50,13000,3,2,1,delivery,15:45,26000,26000,0.667,Công nhân,Bánh mì,Phường Lái Thiêu
L05633,R126,2026-06-13,Phở bò viên,45000,31,31000,3,1,2,delivery,11:30,31000,14000,0.333,Dân cư đông,Phở,Phường Gò Vấp
L05634,R126,2026-06-13,Phở bò tái,51000,38,32000,2,1,1,delivery,11:00,32000,19000,0.5,Dân cư đông,Phở,Phường Gò Vấp
L05635,R126,2026-06-13,Phở gà,51000,31,35000,2,0,2,delivery,11:30,0,0,0.0,Dân cư đông,Phở,Phường Gò Vấp
L05636,R126,2026-06-13,Phở bò tái nạm,52000,38,32000,3,1,2,delivery,11:30,32000,20000,0.333,Dân cư đông,Phở,Phường Gò Vấp
L05637,R126,2026-06-13,Phở bò chín,45000,38,28000,3,1,2,delivery,11:45,28000,17000,0.333,Dân cư đông,Phở,Phường Gò Vấp
L05638,R127,2026-06-13,Cơm canh chua,41000,33,27000,2,0,2,delivery,18:00,0,0,0.0,Dân cư đông,Cơm văn phòng,Phường Tân Sơn Nhất
L05639,R127,2026-06-13,Cơm sườn đậu hũ,43000,35,28000,2,1,1,delivery,18:45,28000,15000,0.5,Dân cư đông,Cơm văn phòng,Phường Tân Sơn Nhất
L05640,R127,2026-06-13,Cơm thịt kho trứng,48000,34,32000,2,1,1,delivery,18:15,32000,16000,0.5,Dân cư đông,Cơm văn phòng,Phường Tân Sơn Nhất
L05641,R127,2026-06-13,Cơm gà luộc,39000,37,25000,2,0,2,delivery,18:00,0,0,0.0,Dân cư đông,Cơm văn phòng,Phường Tân Sơn Nhất
L05642,R127,2026-06-13,Cơm gà xối mỡ,37000,30,26000,2,1,1,delivery,18:45,26000,11000,0.5,Dân cư đông,Cơm văn phòng,Phường Tân Sơn Nhất
L05643,R128,2026-06-13,Bánh mì chả lụa,22000,34,15000,4,1,3,delivery,18:15,15000,7000,0.25,Trung tâm,Bánh mì,Phường Đức Nhuận
L05644,R128,2026-06-13,Bánh mì xíu mại,26000,34,17000,3,1,2,delivery,18:45,17000,9000,0.333,Trung tâm,Bánh mì,Phường Đức Nhuận
L05645,R129,2026-06-13,Phở bò tái,45000,48,23000,1,0,1,pickup,11:30,0,0,0.0,Công nhân,Phở,Phường Dĩ An
L05646,R129,2026-06-13,Phở gà,44000,56,19000,2,1,1,pickup,11:15,19000,25000,0.5,Công nhân,Phở,Phường Dĩ An
L05647,R129,2026-06-13,Phở bò tái nạm,58000,51,28000,2,1,1,pickup,11:45,28000,30000,0.5,Công nhân,Phở,Phường Dĩ An
L05648,R130,2026-06-13,Phở bò tái,50000,49,26000,3,1,2,delivery,10:15,26000,24000,0.333,Công nhân,Phở,Phường Lái Thiêu
L05649,R130,2026-06-13,Phở gà,50000,41,30000,3,1,2,delivery,10:45,30000,20000,0.333,Công nhân,Phở,Phường Lái Thiêu
L05650,R130,2026-06-13,Phở bò chín,43000,40,26000,4,2,2,delivery,10:15,52000,34000,0.5,Công nhân,Phở,Phường Lái Thiêu
L05651,R130,2026-06-13,Phở bò viên,46000,49,23000,4,2,2,delivery,10:00,46000,46000,0.5,Công nhân,Phở,Phường Lái Thiêu
L05652,R131,2026-06-13,Bún bò gân,48000,47,25000,1,0,1,pickup,20:00,0,0,0.0,Sinh viên,Bún bò,Phường Phước Long
L05653,R131,2026-06-13,Bún bò giò heo,56000,52,27000,1,0,1,pickup,20:45,0,0,0.0,Sinh viên,Bún bò,Phường Phước Long
L05654,R131,2026-06-13,Bún bò thập cẩm,39000,57,17000,1,0,1,delivery,20:00,0,0,0.0,Sinh viên,Bún bò,Phường Phước Long
L05655,R131,2026-06-13,Bún bò viên,50000,52,24000,1,0,1,delivery,20:30,0,0,0.0,Sinh viên,Bún bò,Phường Phước Long
L05656,R132,2026-06-13,Cơm canh chua,37000,45,20000,3,2,1,delivery,09:15,40000,34000,0.667,Sinh viên,Cơm văn phòng,Phường Linh Xuân
L05657,R132,2026-06-13,Cơm sườn đậu hũ,29000,51,14000,3,2,1,delivery,09:15,28000,30000,0.667,Sinh viên,Cơm văn phòng,Phường Linh Xuân
L05658,R132,2026-06-13,Cơm gà xối mỡ,43000,46,23000,3,1,2,pickup,09:45,23000,20000,0.333,Sinh viên,Cơm văn phòng,Phường Linh Xuân
L05659,R133,2026-06-13,Hủ tiếu bò kho,47000,37,30000,16,10,6,delivery,15:30,300000,170000,0.625,Sinh viên,Hủ tiếu,Phường Cát Lái
L05660,R134,2026-06-13,Cơm tấm sườn bì chả,32000,30,22000,1,0,1,pickup,15:45,0,0,0.0,Dân cư đông,Cơm tấm,Phường An Nhơn
L05661,R134,2026-06-13,Cơm tấm sườn nướng,42000,33,28000,1,0,1,delivery,15:30,0,0,0.0,Dân cư đông,Cơm tấm,Phường An Nhơn
L05662,R134,2026-06-13,Cơm tấm đặc biệt,41000,30,29000,1,0,1,delivery,15:00,0,0,0.0,Dân cư đông,Cơm tấm,Phường An Nhơn
L05663,R135,2026-06-13,Bún bò viên,47000,51,23000,5,3,2,pickup,20:30,69000,72000,0.6,Sinh viên,Bún bò,Phường Cát Lái
L05664,R135,2026-06-13,Bún bò Huế đặc biệt,45000,54,21000,6,4,2,pickup,20:00,84000,96000,0.667,Sinh viên,Bún bò,Phường Cát Lái
L05665,R135,2026-06-13,Bún bò thập cẩm,44000,47,23000,6,4,2,pickup,20:45,92000,84000,0.667,Sinh viên,Bún bò,Phường Cát Lái
L05666,R136,2026-06-13,Bún bò thập cẩm,60000,51,29000,7,6,1,delivery,10:45,174000,186000,0.857,Công nhân,Bún bò,Phường Đông Hòa
L05667,R136,2026-06-13,Bún bò Huế đặc biệt,50000,52,24000,5,4,1,delivery,10:30,96000,104000,0.8,Công nhân,Bún bò,Phường Đông Hòa
L05668,R136,2026-06-13,Bún bò gân,64000,54,29000,6,4,2,delivery,10:15,116000,140000,0.667,Công nhân,Bún bò,Phường Đông Hòa
L05669,R137,2026-06-13,Hủ tiếu Nam Vang,44000,45,24000,1,0,1,delivery,15:15,0,0,0.0,Dân cư đông,Hủ tiếu,Phường Tân Sơn Nhất
L05670,R137,2026-06-13,Hủ tiếu thập cẩm,61000,41,36000,1,0,1,delivery,15:15,0,0,0.0,Dân cư đông,Hủ tiếu,Phường Tân Sơn Nhất
L05671,R137,2026-06-13,Hủ tiếu sa tế,44000,50,22000,1,0,1,delivery,15:30,0,0,0.0,Dân cư đông,Hủ tiếu,Phường Tân Sơn Nhất
L05672,R137,2026-06-13,Hủ tiếu bò kho,39000,44,22000,1,0,1,delivery,15:00,0,0,0.0,Dân cư đông,Hủ tiếu,Phường Tân Sơn Nhất
L05673,R137,2026-06-13,Hủ tiếu mì,60000,46,32000,1,0,1,delivery,15:00,0,0,0.0,Dân cư đông,Hủ tiếu,Phường Tân Sơn Nhất
L05674,R138,2026-06-13,Cơm tấm đặc biệt,42000,57,18000,1,0,1,delivery,16:00,0,0,0.0,Công nhân,Cơm tấm,Phường Đông Hòa
L05675,R138,2026-06-13,Cơm tấm bì,44000,59,18000,1,0,1,delivery,16:15,0,0,0.0,Công nhân,Cơm tấm,Phường Đông Hòa
L05676,R138,2026-06-13,Cơm tấm sườn nướng,47000,60,19000,1,0,1,delivery,16:15,0,0,0.0,Công nhân,Cơm tấm,Phường Đông Hòa
L05677,R138,2026-06-13,Cơm tấm sườn trứng,35000,59,14000,1,0,1,delivery,16:45,0,0,0.0,Công nhân,Cơm tấm,Phường Đông Hòa
L05678,R139,2026-06-13,Bánh mì thịt nguội,16000,56,7000,3,2,1,delivery,09:15,14000,18000,0.667,Ngoại ô,Bánh mì,Xã Bà Điểm
L05679,R139,2026-06-13,Bánh mì trứng,28000,53,13000,3,2,1,delivery,09:00,26000,30000,0.667,Ngoại ô,Bánh mì,Xã Bà Điểm
L05680,R139,2026-06-13,Bánh mì chả lụa,23000,60,9000,2,1,1,delivery,09:15,9000,14000,0.5,Ngoại ô,Bánh mì,Xã Bà Điểm
L05681,R140,2026-06-13,Bún riêu cua đồng,39000,42,23000,5,3,2,pickup,17:00,69000,48000,0.6,Ngoại ô,Bún riêu,Xã Hiệp Phước
L05682,R140,2026-06-13,Bún riêu cua,45000,41,27000,5,3,2,pickup,17:45,81000,54000,0.6,Ngoại ô,Bún riêu,Xã Hiệp Phước
L05683,R141,2026-06-13,Cơm canh chua,37000,30,26000,2,0,2,delivery,15:15,0,0,0.0,Sinh viên,Cơm văn phòng,Phường Long Bình
L05684,R141,2026-06-13,Cơm thịt kho trứng,38000,35,25000,3,1,2,delivery,15:30,25000,13000,0.333,Sinh viên,Cơm văn phòng,Phường Long Bình
L05685,R142,2026-06-13,Bún riêu cua đồng,39000,46,21000,6,4,2,pickup,11:15,84000,72000,0.667,Công nhân,Bún riêu,Phường Thuận An
L05686,R142,2026-06-13,Bún riêu cua mọc,41000,47,22000,5,3,2,pickup,11:15,66000,57000,0.6,Công nhân,Bún riêu,Phường Thuận An
L05687,R142,2026-06-13,Bún riêu thập cẩm,33000,49,17000,5,3,2,pickup,11:15,51000,48000,0.6,Công nhân,Bún riêu,Phường Thuận An
L05688,R142,2026-06-13,Bún riêu cua,32000,50,16000,5,3,2,pickup,11:15,48000,48000,0.6,Công nhân,Bún riêu,Phường Thuận An
L05689,R143,2026-06-13,Bánh mì xíu mại,25000,49,13000,2,1,1,delivery,16:15,13000,12000,0.5,Sinh viên,Bánh mì,Phường Cát Lái
L05690,R143,2026-06-13,Bánh mì thịt nguội,30000,48,16000,3,2,1,delivery,16:30,32000,28000,0.667,Sinh viên,Bánh mì,Phường Cát Lái
L05691,R143,2026-06-13,Bánh mì chả lụa,22000,42,13000,3,2,1,delivery,16:30,26000,18000,0.667,Sinh viên,Bánh mì,Phường Cát Lái
L05692,R143,2026-06-13,Bánh mì trứng,32000,50,16000,2,1,1,delivery,16:45,16000,16000,0.5,Sinh viên,Bánh mì,Phường Cát Lái
L05693,R144,2026-06-13,Bún bò giò heo,56000,60,22000,3,2,1,pickup,15:00,44000,68000,0.667,Sinh viên,Bún bò,Phường Phước Long
L05694,R144,2026-06-13,Bún bò viên,46000,60,18000,4,3,1,pickup,15:45,54000,84000,0.75,Sinh viên,Bún bò,Phường Phước Long
L05695,R144,2026-06-13,Bún bò thập cẩm,54000,54,25000,3,2,1,pickup,15:45,50000,58000,0.667,Sinh viên,Bún bò,Phường Phước Long
L05696,R145,2026-06-13,Cơm tấm sườn bì chả,43000,42,25000,1,0,1,delivery,19:00,0,0,0.0,Trung tâm,Cơm tấm,Phường Phú Nhuận
L05697,R145,2026-06-13,Cơm tấm bì,38000,45,21000,1,0,1,delivery,19:30,0,0,0.0,Trung tâm,Cơm tấm,Phường Phú Nhuận
L05698,R145,2026-06-13,Cơm tấm sườn trứng,35000,44,20000,2,1,1,pickup,19:15,20000,15000,0.5,Trung tâm,Cơm tấm,Phường Phú Nhuận
L05699,R145,2026-06-13,Cơm tấm đặc biệt,33000,44,18000,1,0,1,delivery,19:45,0,0,0.0,Trung tâm,Cơm tấm,Phường Phú Nhuận
L05700,R146,2026-06-13,Bún bò gân,46000,51,23000,2,1,1,pickup,16:30,23000,23000,0.5,Công nhân,Bún bò,Phường Tân Đông Hiệp
L05701,R146,2026-06-13,Bún bò thập cẩm,55000,56,24000,2,1,1,pickup,16:00,24000,31000,0.5,Công nhân,Bún bò,Phường Tân Đông Hiệp
L05702,R146,2026-06-13,Bún bò viên,51000,50,26000,2,1,1,delivery,16:00,26000,25000,0.5,Công nhân,Bún bò,Phường Tân Đông Hiệp
L05703,R147,2026-06-13,Phở bò chín,47000,32,32000,4,2,2,delivery,14:15,64000,30000,0.5,Công nhân,Phở,Phường Dĩ An
L05704,R147,2026-06-13,Phở bò tái nạm,46000,34,30000,3,0,3,pickup,14:30,0,0,0.0,Công nhân,Phở,Phường Dĩ An
L05705,R148,2026-06-13,Bún bò thập cẩm,53000,30,37000,4,1,3,pickup,17:00,37000,16000,0.25,Trung tâm,Bún bò,Phường Cầu Kiệu
L05706,R148,2026-06-13,Bún bò Huế đặc biệt,45000,30,31000,3,1,2,delivery,17:00,31000,14000,0.333,Trung tâm,Bún bò,Phường Cầu Kiệu
L05707,R149,2026-06-13,Bún bò Huế đặc biệt,44000,38,27000,18,6,12,pickup,13:30,162000,102000,0.333,Sinh viên,Bún bò,Phường An Khánh
L05708,R000,2026-06-14,Bún bò gân,60000,30,42000,7,3,4,pickup,18:45,126000,54000,0.429,Công nhân,Bún bò,Phường Đông Hòa
L05709,R000,2026-06-14,Bún bò giò heo,44000,35,29000,8,2,6,pickup,18:00,58000,30000,0.25,Công nhân,Bún bò,Phường Đông Hòa
L05710,R000,2026-06-14,Bún bò viên,51000,34,34000,7,3,4,delivery,18:45,102000,51000,0.429,Công nhân,Bún bò,Phường Đông Hòa
L05711,R001,2026-06-14,Cơm tấm đặc biệt,31000,38,19000,1,0,1,pickup,19:45,0,0,0.0,Ngoại ô,Cơm tấm,Xã Bình Chánh
L05712,R001,2026-06-14,Cơm tấm sườn bì chả,42000,43,24000,1,0,1,pickup,19:30,0,0,0.0,Ngoại ô,Cơm tấm,Xã Bình Chánh
L05713,R001,2026-06-14,Cơm tấm bì,35000,43,20000,1,0,1,pickup,19:00,0,0,0.0,Ngoại ô,Cơm tấm,Xã Bình Chánh
L05714,R002,2026-06-14,Hủ tiếu mì,46000,34,30000,3,1,2,delivery,20:30,30000,16000,0.333,Dân cư đông,Hủ tiếu,Phường An Nhơn
L05715,R002,2026-06-14,Hủ tiếu sa tế,48000,39,29000,3,1,2,pickup,20:15,29000,19000,0.333,Dân cư đông,Hủ tiếu,Phường An Nhơn
L05716,R002,2026-06-14,Hủ tiếu bò kho,60000,36,38000,3,1,2,delivery,20:30,38000,22000,0.333,Dân cư đông,Hủ tiếu,Phường An Nhơn
L05717,R002,2026-06-14,Hủ tiếu Nam Vang,49000,35,32000,3,1,2,pickup,20:00,32000,17000,0.333,Dân cư đông,Hủ tiếu,Phường An Nhơn
L05718,R002,2026-06-14,Hủ tiếu thập cẩm,57000,32,39000,3,1,2,pickup,20:00,39000,18000,0.333,Dân cư đông,Hủ tiếu,Phường An Nhơn
L05719,R003,2026-06-14,Phở bò chín,51000,52,24000,7,5,2,delivery,18:30,120000,135000,0.714,Công nhân,Phở,Phường Bình Hòa
L05720,R003,2026-06-14,Phở bò tái,52000,56,23000,6,4,2,pickup,18:30,92000,116000,0.667,Công nhân,Phở,Phường Bình Hòa
L05721,R003,2026-06-14,Phở bò tái nạm,36000,50,18000,7,4,3,delivery,18:30,72000,72000,0.571,Công nhân,Phở,Phường Bình Hòa
L05722,R003,2026-06-14,Phở gà,52000,56,23000,6,5,1,delivery,18:15,115000,145000,0.833,Công nhân,Phở,Phường Bình Hòa
L05723,R004,2026-06-14,Hủ tiếu thập cẩm,41000,48,21000,1,0,1,pickup,16:00,0,0,0.0,Sinh viên,Hủ tiếu,Phường Cát Lái
L05724,R004,2026-06-14,Hủ tiếu bò kho,44000,48,23000,1,0,1,pickup,16:45,0,0,0.0,Sinh viên,Hủ tiếu,Phường Cát Lái
L05725,R004,2026-06-14,Hủ tiếu mì,41000,53,19000,1,0,1,pickup,16:45,0,0,0.0,Sinh viên,Hủ tiếu,Phường Cát Lái
L05726,R004,2026-06-14,Hủ tiếu sa tế,43000,54,20000,1,0,1,delivery,16:15,0,0,0.0,Sinh viên,Hủ tiếu,Phường Cát Lái
L05727,R005,2026-06-14,Hủ tiếu thập cẩm,48000,52,23000,3,2,1,pickup,10:00,46000,50000,0.667,Sinh viên,Hủ tiếu,Phường Long Bình
L05728,R005,2026-06-14,Hủ tiếu Nam Vang,58000,48,30000,3,2,1,pickup,10:30,60000,56000,0.667,Sinh viên,Hủ tiếu,Phường Long Bình
L05729,R005,2026-06-14,Hủ tiếu mì,49000,51,24000,4,3,1,pickup,10:00,72000,75000,0.75,Sinh viên,Hủ tiếu,Phường Long Bình
L05730,R005,2026-06-14,Hủ tiếu bò kho,44000,54,20000,3,2,1,pickup,10:30,40000,48000,0.667,Sinh viên,Hủ tiếu,Phường Long Bình
L05731,R006,2026-06-14,Bún bò thập cẩm,50000,39,30000,2,0,2,delivery,17:45,0,0,0.0,Trung tâm,Bún bò,Phường Nhiêu Lộc
L05732,R006,2026-06-14,Bún bò giò heo,58000,44,32000,2,1,1,delivery,17:30,32000,26000,0.5,Trung tâm,Bún bò,Phường Nhiêu Lộc
L05733,R006,2026-06-14,Bún bò gân,48000,46,26000,2,1,1,delivery,17:00,26000,22000,0.5,Trung tâm,Bún bò,Phường Nhiêu Lộc
L05734,R006,2026-06-14,Bún bò viên,58000,44,32000,2,1,1,delivery,17:45,32000,26000,0.5,Trung tâm,Bún bò,Phường Nhiêu Lộc
L05735,R007,2026-06-14,Phở bò tái,43000,41,25000,21,14,7,pickup,09:00,350000,252000,0.667,Dân cư đông,Phở,Phường An Hội Đông
L05736,R008,2026-06-14,Hủ tiếu sa tế,55000,44,31000,4,2,2,pickup,16:15,62000,48000,0.5,Công nhân,Hủ tiếu,Phường Thuận An
L05737,R008,2026-06-14,Hủ tiếu Nam Vang,53000,43,30000,4,2,2,pickup,16:15,60000,46000,0.5,Công nhân,Hủ tiếu,Phường Thuận An
L05738,R008,2026-06-14,Hủ tiếu thập cẩm,53000,48,28000,4,2,2,pickup,16:30,56000,50000,0.5,Công nhân,Hủ tiếu,Phường Thuận An
L05739,R009,2026-06-14,Cơm tấm bì,51000,48,27000,4,2,2,pickup,20:45,54000,48000,0.5,Dân cư đông,Cơm tấm,Phường Tân Bình
L05740,R009,2026-06-14,Cơm tấm sườn trứng,42000,51,21000,4,3,1,pickup,20:00,63000,63000,0.75,Dân cư đông,Cơm tấm,Phường Tân Bình
L05741,R009,2026-06-14,Cơm tấm sườn nướng,35000,54,16000,3,2,1,pickup,20:00,32000,38000,0.667,Dân cư đông,Cơm tấm,Phường Tân Bình
L05742,R010,2026-06-14,Cơm tấm sườn nướng,34000,48,18000,1,0,1,delivery,19:15,0,0,0.0,Trung tâm,Cơm tấm,Phường Đức Nhuận
L05743,R010,2026-06-14,Cơm tấm đặc biệt,34000,48,18000,1,0,1,delivery,19:45,0,0,0.0,Trung tâm,Cơm tấm,Phường Đức Nhuận
L05744,R010,2026-06-14,Cơm tấm sườn bì chả,33000,48,17000,1,0,1,delivery,19:30,0,0,0.0,Trung tâm,Cơm tấm,Phường Đức Nhuận
L05745,R011,2026-06-14,Bánh mì xíu mại,21000,38,13000,5,1,4,pickup,20:30,13000,8000,0.2,Ngoại ô,Bánh mì,Xã Hiệp Phước
L05746,R012,2026-06-14,Phở gà,44000,59,18000,2,1,1,delivery,20:15,18000,26000,0.5,Dân cư đông,Phở,Phường Khánh Hội
L05747,R012,2026-06-14,Phở bò chín,38000,58,16000,2,1,1,delivery,20:45,16000,22000,0.5,Dân cư đông,Phở,Phường Khánh Hội
L05748,R013,2026-06-14,Phở gà,49000,50,24000,3,2,1,delivery,12:15,48000,50000,0.667,Sinh viên,Phở,Phường Long Bình
L05749,R013,2026-06-14,Phở bò tái,41000,53,19000,3,2,1,pickup,12:30,38000,44000,0.667,Sinh viên,Phở,Phường Long Bình
L05750,R013,2026-06-14,Phở bò viên,42000,47,22000,3,2,1,delivery,12:15,44000,40000,0.667,Sinh viên,Phở,Phường Long Bình
L05751,R013,2026-06-14,Phở bò tái nạm,42000,50,21000,4,3,1,delivery,12:45,63000,63000,0.75,Sinh viên,Phở,Phường Long Bình
L05752,R013,2026-06-14,Phở bò chín,49000,46,26000,4,2,2,delivery,12:15,52000,46000,0.5,Sinh viên,Phở,Phường Long Bình
L05753,R014,2026-06-14,Bánh mì thịt nguội,29000,50,14000,1,0,1,pickup,12:30,0,0,0.0,Sinh viên,Bánh mì,Phường An Khánh
L05754,R014,2026-06-14,Bánh mì xíu mại,16000,52,8000,1,0,1,delivery,12:45,0,0,0.0,Sinh viên,Bánh mì,Phường An Khánh
L05755,R015,2026-06-14,Hủ tiếu thập cẩm,53000,38,33000,5,3,2,delivery,13:00,99000,60000,0.6,Sinh viên,Hủ tiếu,Phường Hiệp Bình
L05756,R015,2026-06-14,Hủ tiếu bò kho,51000,40,31000,4,2,2,delivery,13:00,62000,40000,0.5,Sinh viên,Hủ tiếu,Phường Hiệp Bình
L05757,R015,2026-06-14,Hủ tiếu Nam Vang,54000,47,29000,6,3,3,pickup,13:15,87000,75000,0.5,Sinh viên,Hủ tiếu,Phường Hiệp Bình
L05758,R016,2026-06-14,Phở bò tái,43000,45,24000,4,2,2,delivery,16:45,48000,38000,0.5,Sinh viên,Phở,Phường Tăng Nhơn Phú
L05759,R016,2026-06-14,Phở gà,50000,45,28000,4,3,1,delivery,16:00,84000,66000,0.75,Sinh viên,Phở,Phường Tăng Nhơn Phú
L05760,R016,2026-06-14,Phở bò chín,49000,45,27000,4,2,2,pickup,16:30,54000,44000,0.5,Sinh viên,Phở,Phường Tăng Nhơn Phú
L05761,R017,2026-06-14,Cơm tấm sườn trứng,33000,35,21000,14,8,6,pickup,13:00,168000,96000,0.571,Công nhân,Cơm tấm,Phường Dĩ An
L05762,R018,2026-06-14,Cơm tấm đặc biệt,33000,44,18000,3,2,1,pickup,16:15,36000,30000,0.667,Công nhân,Cơm tấm,Phường Lái Thiêu
L05763,R019,2026-06-14,Bún bò Huế đặc biệt,52000,38,32000,6,2,4,delivery,18:30,64000,40000,0.333,Sinh viên,Bún bò,Phường Long Bình
L05764,R019,2026-06-14,Bún bò giò heo,61000,46,33000,8,4,4,pickup,18:15,132000,112000,0.5,Sinh viên,Bún bò,Phường Long Bình
L05765,R020,2026-06-14,Phở gà,56000,41,33000,1,0,1,delivery,09:15,0,0,0.0,Công nhân,Phở,Phường Đông Hòa
L05766,R020,2026-06-14,Phở bò viên,36000,43,21000,1,0,1,delivery,09:45,0,0,0.0,Công nhân,Phở,Phường Đông Hòa
L05767,R020,2026-06-14,Phở bò tái,53000,37,33000,2,0,2,delivery,09:15,0,0,0.0,Công nhân,Phở,Phường Đông Hòa
L05768,R020,2026-06-14,Phở bò chín,45000,35,29000,2,1,1,delivery,09:00,29000,16000,0.5,Công nhân,Phở,Phường Đông Hòa
L05769,R021,2026-06-14,Hủ tiếu mì,40000,40,24000,3,2,1,pickup,20:15,48000,32000,0.667,Sinh viên,Hủ tiếu,Phường Bình Trưng
L05770,R021,2026-06-14,Hủ tiếu bò kho,57000,41,34000,2,1,1,pickup,20:30,34000,23000,0.5,Sinh viên,Hủ tiếu,Phường Bình Trưng
L05771,R022,2026-06-14,Bánh mì xíu mại,24000,58,10000,2,1,1,delivery,18:45,10000,14000,0.5,Sinh viên,Bánh mì,Phường Long Bình
L05772,R022,2026-06-14,Bánh mì thịt nguội,26000,60,10000,2,1,1,delivery,18:30,10000,16000,0.5,Sinh viên,Bánh mì,Phường Long Bình
L05773,R022,2026-06-14,Bánh mì chả lụa,20000,60,8000,2,1,1,delivery,18:45,8000,12000,0.5,Sinh viên,Bánh mì,Phường Long Bình
L05774,R022,2026-06-14,Bánh mì gà,20000,57,9000,2,1,1,delivery,18:15,9000,11000,0.5,Sinh viên,Bánh mì,Phường Long Bình
L05775,R022,2026-06-14,Bánh mì trứng,21000,58,9000,2,1,1,delivery,18:00,9000,12000,0.5,Sinh viên,Bánh mì,Phường Long Bình
L05776,R023,2026-06-14,Bánh mì xíu mại,23000,31,16000,2,0,2,delivery,17:45,0,0,0.0,Công nhân,Bánh mì,Phường Tân Đông Hiệp
L05777,R023,2026-06-14,Bánh mì trứng,21000,35,14000,3,1,2,pickup,17:15,14000,7000,0.333,Công nhân,Bánh mì,Phường Tân Đông Hiệp
L05778,R024,2026-06-14,Hủ tiếu bò kho,50000,56,22000,12,8,4,delivery,14:00,176000,224000,0.667,Công nhân,Hủ tiếu,Phường An Phú
L05779,R025,2026-06-14,Cơm gà luộc,37000,31,26000,1,0,1,pickup,11:00,0,0,0.0,Dân cư đông,Cơm văn phòng,Phường An Hội Đông
L05780,R025,2026-06-14,Cơm canh chua,39000,33,26000,1,0,1,delivery,11:30,0,0,0.0,Dân cư đông,Cơm văn phòng,Phường An Hội Đông
L05781,R025,2026-06-14,Cơm thịt kho trứng,39000,33,26000,1,0,1,delivery,11:45,0,0,0.0,Dân cư đông,Cơm văn phòng,Phường An Hội Đông
L05782,R025,2026-06-14,Cơm sườn đậu hũ,45000,35,29000,1,0,1,delivery,11:30,0,0,0.0,Dân cư đông,Cơm văn phòng,Phường An Hội Đông
L05783,R025,2026-06-14,Cơm gà xối mỡ,34000,37,21000,2,1,1,pickup,11:30,21000,13000,0.5,Dân cư đông,Cơm văn phòng,Phường An Hội Đông
L05784,R026,2026-06-14,Bún riêu cua,42000,40,25000,4,2,2,delivery,16:30,50000,34000,0.5,Sinh viên,Bún riêu,Phường Tam Bình
L05785,R027,2026-06-14,Bún bò viên,64000,31,44000,3,1,2,pickup,17:00,44000,20000,0.333,Công nhân,Bún bò,Phường Hòa Lợi
L05786,R028,2026-06-14,Bánh mì thịt nguội,25000,60,10000,8,5,3,delivery,14:15,50000,75000,0.625,Công nhân,Bánh mì,Phường Tân Đông Hiệp
L05787,R029,2026-06-14,Phở gà,54000,60,22000,1,0,1,delivery,19:15,0,0,0.0,Trung tâm,Phở,Phường Bến Thành
L05788,R029,2026-06-14,Phở bò tái nạm,44000,55,20000,1,0,1,delivery,19:45,0,0,0.0,Trung tâm,Phở,Phường Bến Thành
L05789,R029,2026-06-14,Phở bò chín,45000,55,20000,1,0,1,pickup,19:00,0,0,0.0,Trung tâm,Phở,Phường Bến Thành
L05790,R029,2026-06-14,Phở bò tái,50000,60,20000,1,0,1,pickup,19:45,0,0,0.0,Trung tâm,Phở,Phường Bến Thành
L05791,R030,2026-06-14,Bún bò viên,43000,56,19000,11,9,2,pickup,15:15,171000,216000,0.818,Công nhân,Bún bò,Phường An Phú
L05792,R030,2026-06-14,Bún bò Huế đặc biệt,46000,57,20000,14,9,5,delivery,15:00,180000,234000,0.643,Công nhân,Bún bò,Phường An Phú
L05793,R031,2026-06-14,Phở bò tái,57000,44,32000,4,2,2,delivery,09:30,64000,50000,0.5,Sinh viên,Phở,Phường Phước Long
L05794,R031,2026-06-14,Phở bò tái nạm,48000,43,27000,6,3,3,pickup,09:30,81000,63000,0.5,Sinh viên,Phở,Phường Phước Long
L05795,R032,2026-06-14,Cơm gà luộc,37000,43,21000,4,3,1,delivery,13:00,63000,48000,0.75,Trung tâm,Cơm văn phòng,Phường Cầu Ông Lãnh
L05796,R033,2026-06-14,Cơm tấm sườn nướng,37000,48,19000,1,0,1,pickup,13:00,0,0,0.0,Dân cư đông,Cơm tấm,Phường Tân Hòa
L05797,R033,2026-06-14,Cơm tấm bì,32000,48,17000,1,0,1,pickup,13:45,0,0,0.0,Dân cư đông,Cơm tấm,Phường Tân Hòa
L05798,R033,2026-06-14,Cơm tấm đặc biệt,38000,47,20000,1,0,1,pickup,13:15,0,0,0.0,Dân cư đông,Cơm tấm,Phường Tân Hòa
L05799,R033,2026-06-14,Cơm tấm sườn trứng,36000,46,19000,1,0,1,pickup,13:45,0,0,0.0,Dân cư đông,Cơm tấm,Phường Tân Hòa
L05800,R033,2026-06-14,Cơm tấm sườn bì chả,40000,49,20000,1,0,1,pickup,13:15,0,0,0.0,Dân cư đông,Cơm tấm,Phường Tân Hòa
L05801,R034,2026-06-14,Bún bò Huế đặc biệt,46000,36,29000,6,3,3,delivery,18:00,87000,51000,0.5,Ngoại ô,Bún bò,Xã Bình Chánh
L05802,R034,2026-06-14,Bún bò gân,43000,35,28000,6,3,3,pickup,18:00,84000,45000,0.5,Ngoại ô,Bún bò,Xã Bình Chánh
L05803,R035,2026-06-14,Bánh mì chả lụa,23000,58,10000,1,0,1,delivery,12:00,0,0,0.0,Dân cư đông,Bánh mì,Phường Tân Sơn Nhất
L05804,R035,2026-06-14,Bánh mì thịt nguội,22000,60,9000,1,0,1,delivery,12:30,0,0,0.0,Dân cư đông,Bánh mì,Phường Tân Sơn Nhất
L05805,R035,2026-06-14,Bánh mì trứng,26000,55,12000,1,0,1,delivery,12:00,0,0,0.0,Dân cư đông,Bánh mì,Phường Tân Sơn Nhất
L05806,R035,2026-06-14,Bánh mì xíu mại,25000,52,12000,1,0,1,delivery,12:15,0,0,0.0,Dân cư đông,Bánh mì,Phường Tân Sơn Nhất
L05807,R035,2026-06-14,Bánh mì gà,19000,60,8000,1,0,1,delivery,12:45,0,0,0.0,Dân cư đông,Bánh mì,Phường Tân Sơn Nhất
L05808,R036,2026-06-14,Bún bò viên,47000,39,29000,3,1,2,delivery,14:00,29000,18000,0.333,Sinh viên,Bún bò,Phường Phước Long
L05809,R036,2026-06-14,Bún bò Huế đặc biệt,47000,32,32000,4,2,2,pickup,14:00,64000,30000,0.5,Sinh viên,Bún bò,Phường Phước Long
L05810,R036,2026-06-14,Bún bò gân,56000,38,35000,4,1,3,delivery,14:30,35000,21000,0.25,Sinh viên,Bún bò,Phường Phước Long
L05811,R037,2026-06-14,Bún bò thập cẩm,62000,41,37000,6,4,2,delivery,15:45,148000,100000,0.667,Trung tâm,Bún bò,Phường Tân Định
L05812,R038,2026-06-14,Bún bò giò heo,42000,47,22000,2,1,1,pickup,17:30,22000,20000,0.5,Công nhân,Bún bò,Phường Thuận Giao
L05813,R038,2026-06-14,Bún bò gân,39000,44,22000,2,1,1,pickup,17:45,22000,17000,0.5,Công nhân,Bún bò,Phường Thuận Giao
L05814,R039,2026-06-14,Bún riêu cua đồng,54000,60,22000,25,19,6,pickup,09:45,418000,608000,0.76,Công nhân,Bún riêu,Phường Đông Hòa
L05815,R040,2026-06-14,Bún bò Huế đặc biệt,59000,60,24000,1,0,1,pickup,14:15,0,0,0.0,Sinh viên,Bún bò,Phường Bình Trưng
L05816,R041,2026-06-14,Phở bò chín,42000,48,22000,3,2,1,pickup,15:15,44000,40000,0.667,Công nhân,Phở,Phường Tân Khánh
L05817,R041,2026-06-14,Phở bò tái,41000,51,20000,4,2,2,delivery,15:00,40000,42000,0.5,Công nhân,Phở,Phường Tân Khánh
L05818,R042,2026-06-14,Cơm tấm đặc biệt,41000,55,18000,2,1,1,delivery,11:30,18000,23000,0.5,Trung tâm,Cơm tấm,Phường Tân Định
L05819,R042,2026-06-14,Cơm tấm sườn trứng,41000,59,17000,3,2,1,pickup,11:30,34000,48000,0.667,Trung tâm,Cơm tấm,Phường Tân Định
L05820,R042,2026-06-14,Cơm tấm sườn bì chả,37000,60,15000,3,2,1,pickup,11:00,30000,44000,0.667,Trung tâm,Cơm tấm,Phường Tân Định
L05821,R043,2026-06-14,Cơm sườn đậu hũ,27000,54,12000,2,1,1,pickup,16:30,12000,15000,0.5,Dân cư đông,Cơm văn phòng,Phường Bảy Hiền
L05822,R043,2026-06-14,Cơm gà luộc,37000,59,15000,3,2,1,pickup,16:30,30000,44000,0.667,Dân cư đông,Cơm văn phòng,Phường Bảy Hiền
L05823,R043,2026-06-14,Cơm thịt kho trứng,38000,60,15000,3,2,1,pickup,16:15,30000,46000,0.667,Dân cư đông,Cơm văn phòng,Phường Bảy Hiền
L05824,R043,2026-06-14,Cơm canh chua,32000,60,13000,2,1,1,pickup,16:15,13000,19000,0.5,Dân cư đông,Cơm văn phòng,Phường Bảy Hiền
L05825,R043,2026-06-14,Cơm gà xối mỡ,36000,56,16000,3,2,1,pickup,16:00,32000,40000,0.667,Dân cư đông,Cơm văn phòng,Phường Bảy Hiền
L05826,R044,2026-06-14,Hủ tiếu bò kho,47000,54,22000,2,1,1,delivery,13:30,22000,25000,0.5,Sinh viên,Hủ tiếu,Phường Tam Bình
L05827,R044,2026-06-14,Hủ tiếu mì,41000,48,21000,3,2,1,pickup,13:00,42000,40000,0.667,Sinh viên,Hủ tiếu,Phường Tam Bình
L05828,R044,2026-06-14,Hủ tiếu sa tế,46000,49,23000,3,2,1,pickup,13:00,46000,46000,0.667,Sinh viên,Hủ tiếu,Phường Tam Bình
L05829,R045,2026-06-14,Bún bò Huế đặc biệt,61000,41,36000,5,2,3,pickup,17:45,72000,50000,0.4,Công nhân,Bún bò,Phường Thuận An
L05830,R045,2026-06-14,Bún bò gân,62000,45,34000,3,2,1,pickup,17:15,68000,56000,0.667,Công nhân,Bún bò,Phường Thuận An
L05831,R045,2026-06-14,Bún bò giò heo,43000,40,26000,5,3,2,pickup,17:00,78000,51000,0.6,Công nhân,Bún bò,Phường Thuận An
L05832,R046,2026-06-14,Bánh mì chả lụa,23000,51,11000,3,2,1,pickup,13:30,22000,24000,0.667,Sinh viên,Bánh mì,Phường Cát Lái
L05833,R046,2026-06-14,Bánh mì xíu mại,25000,59,10000,2,1,1,pickup,13:45,10000,15000,0.5,Sinh viên,Bánh mì,Phường Cát Lái
L05834,R046,2026-06-14,Bánh mì trứng,28000,55,13000,3,2,1,pickup,13:15,26000,30000,0.667,Sinh viên,Bánh mì,Phường Cát Lái
L05835,R046,2026-06-14,Bánh mì gà,22000,51,11000,3,2,1,pickup,13:30,22000,22000,0.667,Sinh viên,Bánh mì,Phường Cát Lái
L05836,R046,2026-06-14,Bánh mì thịt nguội,27000,59,11000,2,1,1,pickup,13:45,11000,16000,0.5,Sinh viên,Bánh mì,Phường Cát Lái
L05837,R047,2026-06-14,Bún bò viên,56000,46,30000,23,15,8,delivery,17:30,450000,390000,0.652,Công nhân,Bún bò,Phường Tân Khánh
L05838,R048,2026-06-14,Bánh mì trứng,17000,56,7000,3,2,1,delivery,18:00,14000,20000,0.667,Công nhân,Bánh mì,Phường An Phú
L05839,R048,2026-06-14,Bánh mì chả lụa,30000,57,13000,4,3,1,delivery,18:45,39000,51000,0.75,Công nhân,Bánh mì,Phường An Phú
L05840,R049,2026-06-14,Phở bò tái,45000,41,27000,1,0,1,pickup,12:30,0,0,0.0,Sinh viên,Phở,Phường Thủ Đức
L05841,R049,2026-06-14,Phở gà,55000,37,35000,1,0,1,pickup,12:45,0,0,0.0,Sinh viên,Phở,Phường Thủ Đức
L05842,R049,2026-06-14,Phở bò chín,57000,46,31000,1,0,1,pickup,12:15,0,0,0.0,Sinh viên,Phở,Phường Thủ Đức
L05843,R049,2026-06-14,Phở bò tái nạm,51000,41,30000,1,0,1,pickup,12:45,0,0,0.0,Sinh viên,Phở,Phường Thủ Đức
L05844,R050,2026-06-14,Bánh mì trứng,23000,48,12000,1,0,1,pickup,17:30,0,0,0.0,Ngoại ô,Bánh mì,Xã Hưng Long
L05845,R051,2026-06-14,Hủ tiếu bò kho,59000,52,28000,6,5,1,delivery,13:15,140000,155000,0.833,Dân cư đông,Hủ tiếu,Phường Hạnh Thông
L05846,R052,2026-06-14,Cơm tấm sườn nướng,36000,42,21000,3,2,1,delivery,18:45,42000,30000,0.667,Dân cư đông,Cơm tấm,Phường Xóm Chiếu
L05847,R052,2026-06-14,Cơm tấm đặc biệt,42000,44,24000,3,1,2,delivery,18:30,24000,18000,0.333,Dân cư đông,Cơm tấm,Phường Xóm Chiếu
L05848,R052,2026-06-14,Cơm tấm bì,47000,41,28000,4,2,2,delivery,18:15,56000,38000,0.5,Dân cư đông,Cơm tấm,Phường Xóm Chiếu
L05849,R053,2026-06-14,Bánh mì thịt nguội,19000,55,9000,3,2,1,delivery,17:30,18000,20000,0.667,Dân cư đông,Bánh mì,Phường Gia Định
L05850,R053,2026-06-14,Bánh mì trứng,23000,55,10000,3,2,1,pickup,17:45,20000,26000,0.667,Dân cư đông,Bánh mì,Phường Gia Định
L05851,R053,2026-06-14,Bánh mì gà,25000,58,10000,3,2,1,pickup,17:30,20000,30000,0.667,Dân cư đông,Bánh mì,Phường Gia Định
L05852,R053,2026-06-14,Bánh mì xíu mại,23000,60,9000,3,2,1,pickup,17:45,18000,28000,0.667,Dân cư đông,Bánh mì,Phường Gia Định
L05853,R053,2026-06-14,Bánh mì chả lụa,19000,57,8000,3,2,1,delivery,17:30,16000,22000,0.667,Dân cư đông,Bánh mì,Phường Gia Định
L05854,R054,2026-06-14,Bánh mì chả lụa,23000,56,10000,4,3,1,pickup,11:30,30000,39000,0.75,Công nhân,Bánh mì,Phường Bình Hòa
L05855,R054,2026-06-14,Bánh mì trứng,23000,52,11000,3,2,1,delivery,11:45,22000,24000,0.667,Công nhân,Bánh mì,Phường Bình Hòa
L05856,R054,2026-06-14,Bánh mì xíu mại,32000,55,14000,4,3,1,delivery,11:15,42000,54000,0.75,Công nhân,Bánh mì,Phường Bình Hòa
L05857,R054,2026-06-14,Bánh mì thịt nguội,18000,58,8000,4,3,1,pickup,11:15,24000,30000,0.75,Công nhân,Bánh mì,Phường Bình Hòa
L05858,R055,2026-06-14,Cơm tấm bì,37000,55,17000,1,0,1,delivery,12:15,0,0,0.0,Dân cư đông,Cơm tấm,Phường Thông Tây Hội
L05859,R055,2026-06-14,Cơm tấm sườn bì chả,39000,60,16000,1,0,1,pickup,12:15,0,0,0.0,Dân cư đông,Cơm tấm,Phường Thông Tây Hội
L05860,R055,2026-06-14,Cơm tấm sườn nướng,31000,60,12000,2,1,1,delivery,12:45,12000,19000,0.5,Dân cư đông,Cơm tấm,Phường Thông Tây Hội
L05861,R055,2026-06-14,Cơm tấm đặc biệt,38000,60,15000,2,1,1,delivery,12:00,15000,23000,0.5,Dân cư đông,Cơm tấm,Phường Thông Tây Hội
L05862,R055,2026-06-14,Cơm tấm sườn trứng,36000,60,14000,1,0,1,delivery,12:30,0,0,0.0,Dân cư đông,Cơm tấm,Phường Thông Tây Hội
L05863,R056,2026-06-14,Hủ tiếu Nam Vang,44000,37,28000,4,1,3,delivery,17:45,28000,16000,0.25,Trung tâm,Hủ tiếu,Phường Nhiêu Lộc
L05864,R056,2026-06-14,Hủ tiếu sa tế,44000,32,30000,3,1,2,pickup,17:00,30000,14000,0.333,Trung tâm,Hủ tiếu,Phường Nhiêu Lộc
L05865,R057,2026-06-14,Bún bò viên,49000,49,25000,1,0,1,pickup,18:15,0,0,0.0,Sinh viên,Bún bò,Phường Bình Trưng
L05866,R057,2026-06-14,Bún bò gân,49000,52,24000,1,0,1,pickup,18:00,0,0,0.0,Sinh viên,Bún bò,Phường Bình Trưng
L05867,R058,2026-06-14,Bánh mì thịt nguội,20000,30,14000,1,0,1,pickup,19:15,0,0,0.0,Trung tâm,Bánh mì,Phường Cầu Kiệu
L05868,R058,2026-06-14,Bánh mì gà,22000,33,15000,1,0,1,pickup,19:45,0,0,0.0,Trung tâm,Bánh mì,Phường Cầu Kiệu
L05869,R058,2026-06-14,Bánh mì trứng,25000,36,16000,1,0,1,pickup,19:00,0,0,0.0,Trung tâm,Bánh mì,Phường Cầu Kiệu
L05870,R058,2026-06-14,Bánh mì xíu mại,19000,30,13000,1,0,1,pickup,19:00,0,0,0.0,Trung tâm,Bánh mì,Phường Cầu Kiệu
L05871,R059,2026-06-14,Cơm tấm đặc biệt,31000,34,20000,2,1,1,delivery,14:00,20000,11000,0.5,Sinh viên,Cơm tấm,Phường Tam Bình
L05872,R059,2026-06-14,Cơm tấm sườn bì chả,49000,34,32000,2,1,1,pickup,14:30,32000,17000,0.5,Sinh viên,Cơm tấm,Phường Tam Bình
L05873,R060,2026-06-14,Phở bò viên,45000,60,18000,2,1,1,pickup,10:15,18000,27000,0.5,Công nhân,Phở,Phường Tân Đông Hiệp
L05874,R061,2026-06-14,Cơm tấm sườn nướng,26000,41,15000,5,3,2,delivery,15:15,45000,33000,0.6,Sinh viên,Cơm tấm,Phường Tam Bình
L05875,R061,2026-06-14,Cơm tấm bì,53000,48,28000,4,2,2,pickup,15:15,56000,50000,0.5,Sinh viên,Cơm tấm,Phường Tam Bình
L05876,R062,2026-06-14,Phở gà,39000,32,27000,1,0,1,delivery,10:45,0,0,0.0,Dân cư đông,Phở,Phường Hạnh Thông
L05877,R062,2026-06-14,Phở bò tái,54000,32,37000,1,0,1,delivery,10:15,0,0,0.0,Dân cư đông,Phở,Phường Hạnh Thông
L05878,R062,2026-06-14,Phở bò tái nạm,52000,30,36000,1,0,1,delivery,10:30,0,0,0.0,Dân cư đông,Phở,Phường Hạnh Thông
L05879,R062,2026-06-14,Phở bò chín,40000,30,28000,1,0,1,delivery,10:15,0,0,0.0,Dân cư đông,Phở,Phường Hạnh Thông
L05880,R062,2026-06-14,Phở bò viên,48000,35,31000,1,0,1,delivery,10:15,0,0,0.0,Dân cư đông,Phở,Phường Hạnh Thông
L05881,R063,2026-06-14,Hủ tiếu Nam Vang,43000,47,23000,4,2,2,delivery,19:00,46000,40000,0.5,Công nhân,Hủ tiếu,Phường Thuận Giao
L05882,R063,2026-06-14,Hủ tiếu thập cẩm,46000,46,25000,3,2,1,delivery,19:15,50000,42000,0.667,Công nhân,Hủ tiếu,Phường Thuận Giao
L05883,R063,2026-06-14,Hủ tiếu mì,43000,41,25000,3,1,2,delivery,19:15,25000,18000,0.333,Công nhân,Hủ tiếu,Phường Thuận Giao
L05884,R064,2026-06-14,Bún bò thập cẩm,46000,42,27000,3,2,1,pickup,10:45,54000,38000,0.667,Sinh viên,Bún bò,Phường Tăng Nhơn Phú
L05885,R064,2026-06-14,Bún bò viên,57000,41,34000,3,2,1,delivery,10:45,68000,46000,0.667,Sinh viên,Bún bò,Phường Tăng Nhơn Phú
L05886,R064,2026-06-14,Bún bò Huế đặc biệt,56000,46,30000,3,2,1,pickup,10:45,60000,52000,0.667,Sinh viên,Bún bò,Phường Tăng Nhơn Phú
L05887,R065,2026-06-14,Cơm tấm sườn nướng,46000,49,23000,2,1,1,pickup,19:00,23000,23000,0.5,Công nhân,Cơm tấm,Phường Đông Hòa
L05888,R065,2026-06-14,Cơm tấm bì,49000,53,23000,2,1,1,pickup,19:00,23000,26000,0.5,Công nhân,Cơm tấm,Phường Đông Hòa
L05889,R065,2026-06-14,Cơm tấm sườn trứng,50000,48,26000,2,1,1,pickup,19:30,26000,24000,0.5,Công nhân,Cơm tấm,Phường Đông Hòa
L05890,R066,2026-06-14,Cơm gà xối mỡ,28000,55,13000,5,3,2,pickup,09:15,39000,45000,0.6,Sinh viên,Cơm văn phòng,Phường An Khánh
L05891,R066,2026-06-14,Cơm thịt kho trứng,39000,60,16000,5,4,1,pickup,09:45,64000,92000,0.8,Sinh viên,Cơm văn phòng,Phường An Khánh
L05892,R066,2026-06-14,Cơm gà luộc,32000,60,13000,4,3,1,pickup,09:30,39000,57000,0.75,Sinh viên,Cơm văn phòng,Phường An Khánh
L05893,R067,2026-06-14,Cơm thịt kho trứng,34000,48,18000,1,0,1,pickup,19:00,0,0,0.0,Dân cư đông,Cơm văn phòng,Phường An Hội Đông
L05894,R067,2026-06-14,Cơm gà luộc,31000,46,17000,1,0,1,delivery,19:45,0,0,0.0,Dân cư đông,Cơm văn phòng,Phường An Hội Đông
L05895,R067,2026-06-14,Cơm gà xối mỡ,39000,52,19000,1,0,1,pickup,19:15,0,0,0.0,Dân cư đông,Cơm văn phòng,Phường An Hội Đông
L05896,R067,2026-06-14,Cơm canh chua,38000,46,21000,1,0,1,delivery,19:15,0,0,0.0,Dân cư đông,Cơm văn phòng,Phường An Hội Đông
L05897,R067,2026-06-14,Cơm sườn đậu hũ,38000,44,21000,1,0,1,delivery,19:45,0,0,0.0,Dân cư đông,Cơm văn phòng,Phường An Hội Đông
L05898,R068,2026-06-14,Bún riêu cua,37000,34,24000,1,0,1,delivery,19:30,0,0,0.0,Trung tâm,Bún riêu,Phường Xuân Hòa
L05899,R068,2026-06-14,Bún riêu thập cẩm,45000,38,28000,1,0,1,delivery,19:00,0,0,0.0,Trung tâm,Bún riêu,Phường Xuân Hòa
L05900,R068,2026-06-14,Bún riêu cua đồng,42000,34,28000,1,0,1,delivery,19:30,0,0,0.0,Trung tâm,Bún riêu,Phường Xuân Hòa
L05901,R069,2026-06-14,Bánh mì chả lụa,21000,47,11000,1,0,1,delivery,20:30,0,0,0.0,Ngoại ô,Bánh mì,Xã Xuân Thới Sơn
L05902,R069,2026-06-14,Bánh mì gà,25000,52,12000,1,0,1,pickup,20:15,0,0,0.0,Ngoại ô,Bánh mì,Xã Xuân Thới Sơn
L05903,R069,2026-06-14,Bánh mì trứng,30000,44,17000,1,0,1,delivery,20:45,0,0,0.0,Ngoại ô,Bánh mì,Xã Xuân Thới Sơn
L05904,R070,2026-06-14,Hủ tiếu bò kho,49000,58,21000,1,0,1,delivery,19:00,0,0,0.0,Dân cư đông,Hủ tiếu,Phường Gò Vấp
L05905,R070,2026-06-14,Hủ tiếu mì,45000,60,18000,1,0,1,pickup,19:45,0,0,0.0,Dân cư đông,Hủ tiếu,Phường Gò Vấp
L05906,R070,2026-06-14,Hủ tiếu sa tế,40000,57,17000,1,0,1,pickup,19:15,0,0,0.0,Dân cư đông,Hủ tiếu,Phường Gò Vấp
L05907,R070,2026-06-14,Hủ tiếu Nam Vang,54000,59,22000,1,0,1,delivery,19:45,0,0,0.0,Dân cư đông,Hủ tiếu,Phường Gò Vấp
L05908,R071,2026-06-14,Cơm tấm sườn trứng,35000,35,23000,3,1,2,delivery,11:30,23000,12000,0.333,Sinh viên,Cơm tấm,Phường Bình Trưng
L05909,R071,2026-06-14,Cơm tấm bì,46000,34,30000,3,1,2,pickup,11:15,30000,16000,0.333,Sinh viên,Cơm tấm,Phường Bình Trưng
L05910,R071,2026-06-14,Cơm tấm sườn bì chả,36000,36,23000,3,1,2,pickup,11:15,23000,13000,0.333,Sinh viên,Cơm tấm,Phường Bình Trưng
L05911,R071,2026-06-14,Cơm tấm đặc biệt,49000,36,31000,4,2,2,delivery,11:30,62000,36000,0.5,Sinh viên,Cơm tấm,Phường Bình Trưng
L05912,R071,2026-06-14,Cơm tấm sườn nướng,30000,32,20000,3,1,2,pickup,11:45,20000,10000,0.333,Sinh viên,Cơm tấm,Phường Bình Trưng
L05913,R072,2026-06-14,Cơm gà luộc,47000,54,22000,4,3,1,delivery,14:15,66000,75000,0.75,Trung tâm,Cơm văn phòng,Phường Bến Thành
L05914,R072,2026-06-14,Cơm gà xối mỡ,54000,51,26000,5,4,1,pickup,14:30,104000,112000,0.8,Trung tâm,Cơm văn phòng,Phường Bến Thành
L05915,R073,2026-06-14,Bánh mì xíu mại,17000,43,10000,2,1,1,delivery,16:15,10000,7000,0.5,Dân cư đông,Bánh mì,Phường Vĩnh Hội
L05916,R073,2026-06-14,Bánh mì trứng,26000,42,15000,2,1,1,delivery,16:00,15000,11000,0.5,Dân cư đông,Bánh mì,Phường Vĩnh Hội
L05917,R074,2026-06-14,Cơm canh chua,32000,34,21000,2,0,2,pickup,17:15,0,0,0.0,Dân cư đông,Cơm văn phòng,Phường Bình Lợi Trung
L05918,R074,2026-06-14,Cơm sườn đậu hũ,47000,30,33000,2,0,2,pickup,17:30,0,0,0.0,Dân cư đông,Cơm văn phòng,Phường Bình Lợi Trung
L05919,R074,2026-06-14,Cơm gà xối mỡ,32000,30,22000,2,1,1,pickup,17:30,22000,10000,0.5,Dân cư đông,Cơm văn phòng,Phường Bình Lợi Trung
L05920,R074,2026-06-14,Cơm gà luộc,31000,30,22000,2,0,2,pickup,17:45,0,0,0.0,Dân cư đông,Cơm văn phòng,Phường Bình Lợi Trung
L05921,R074,2026-06-14,Cơm thịt kho trứng,47000,32,32000,2,0,2,pickup,17:30,0,0,0.0,Dân cư đông,Cơm văn phòng,Phường Bình Lợi Trung
L05922,R075,2026-06-14,Cơm tấm bì,46000,52,22000,2,1,1,pickup,15:00,22000,24000,0.5,Dân cư đông,Cơm tấm,Phường Vĩnh Hội
L05923,R075,2026-06-14,Cơm tấm đặc biệt,31000,55,14000,3,2,1,delivery,15:15,28000,34000,0.667,Dân cư đông,Cơm tấm,Phường Vĩnh Hội
L05924,R075,2026-06-14,Cơm tấm sườn nướng,41000,55,18000,4,3,1,pickup,15:30,54000,69000,0.75,Dân cư đông,Cơm tấm,Phường Vĩnh Hội
L05925,R076,2026-06-14,Phở bò tái nạm,45000,38,28000,7,2,5,pickup,12:00,56000,34000,0.286,Dân cư đông,Phở,Phường An Nhơn
L05926,R076,2026-06-14,Phở bò tái,60000,46,32000,5,3,2,pickup,12:45,96000,84000,0.6,Dân cư đông,Phở,Phường An Nhơn
L05927,R076,2026-06-14,Phở gà,48000,38,30000,5,1,4,pickup,12:30,30000,18000,0.2,Dân cư đông,Phở,Phường An Nhơn
L05928,R077,2026-06-14,Cơm tấm sườn nướng,40000,45,22000,2,1,1,delivery,14:45,22000,18000,0.5,Trung tâm,Cơm tấm,Phường Xuân Hòa
L05929,R077,2026-06-14,Cơm tấm sườn bì chả,38000,43,22000,2,1,1,delivery,14:15,22000,16000,0.5,Trung tâm,Cơm tấm,Phường Xuân Hòa
L05930,R077,2026-06-14,Cơm tấm sườn trứng,30000,42,17000,2,1,1,delivery,14:30,17000,13000,0.5,Trung tâm,Cơm tấm,Phường Xuân Hòa
L05931,R078,2026-06-14,Bún riêu thập cẩm,37000,34,24000,2,1,1,delivery,13:15,24000,13000,0.5,Công nhân,Bún riêu,Phường Tân Đông Hiệp
L05932,R078,2026-06-14,Bún riêu cua mọc,44000,43,25000,2,1,1,delivery,13:30,25000,19000,0.5,Công nhân,Bún riêu,Phường Tân Đông Hiệp
L05933,R078,2026-06-14,Bún riêu cua đồng,39000,33,26000,2,1,1,delivery,13:30,26000,13000,0.5,Công nhân,Bún riêu,Phường Tân Đông Hiệp
L05934,R078,2026-06-14,Bún riêu cua,38000,35,25000,2,1,1,delivery,13:45,25000,13000,0.5,Công nhân,Bún riêu,Phường Tân Đông Hiệp
L05935,R079,2026-06-14,Cơm tấm bì,46000,40,28000,8,4,4,delivery,16:15,112000,72000,0.5,Sinh viên,Cơm tấm,Phường Bình Trưng
L05936,R080,2026-06-14,Cơm tấm sườn nướng,38000,48,20000,1,0,1,delivery,09:45,0,0,0.0,Dân cư đông,Cơm tấm,Phường An Hội Đông
L05937,R080,2026-06-14,Cơm tấm đặc biệt,38000,42,22000,1,0,1,delivery,09:45,0,0,0.0,Dân cư đông,Cơm tấm,Phường An Hội Đông
L05938,R080,2026-06-14,Cơm tấm sườn trứng,46000,41,27000,1,0,1,delivery,09:00,0,0,0.0,Dân cư đông,Cơm tấm,Phường An Hội Đông
L05939,R080,2026-06-14,Cơm tấm sườn bì chả,39000,45,21000,1,0,1,pickup,09:30,0,0,0.0,Dân cư đông,Cơm tấm,Phường An Hội Đông
L05940,R080,2026-06-14,Cơm tấm bì,47000,44,26000,1,0,1,delivery,09:45,0,0,0.0,Dân cư đông,Cơm tấm,Phường An Hội Đông
L05941,R081,2026-06-14,Bún riêu cua mọc,37000,56,16000,4,3,1,pickup,09:00,48000,63000,0.75,Công nhân,Bún riêu,Phường Đông Hòa
L05942,R081,2026-06-14,Bún riêu thập cẩm,39000,58,16000,3,2,1,pickup,09:45,32000,46000,0.667,Công nhân,Bún riêu,Phường Đông Hòa
L05943,R081,2026-06-14,Bún riêu cua đồng,49000,51,24000,4,3,1,pickup,09:00,72000,75000,0.75,Công nhân,Bún riêu,Phường Đông Hòa
L05944,R081,2026-06-14,Bún riêu cua,42000,57,18000,3,2,1,pickup,09:15,36000,48000,0.667,Công nhân,Bún riêu,Phường Đông Hòa
L05945,R082,2026-06-14,Hủ tiếu bò kho,61000,48,32000,8,4,4,delivery,19:30,128000,116000,0.5,Sinh viên,Hủ tiếu,Phường Tăng Nhơn Phú
L05946,R082,2026-06-14,Hủ tiếu mì,60000,52,29000,11,10,1,pickup,19:15,290000,310000,0.909,Sinh viên,Hủ tiếu,Phường Tăng Nhơn Phú
L05947,R083,2026-06-14,Cơm tấm bì,43000,30,30000,1,0,1,pickup,14:30,0,0,0.0,Trung tâm,Cơm tấm,Phường Sài Gòn
L05948,R083,2026-06-14,Cơm tấm đặc biệt,37000,34,24000,1,0,1,delivery,14:30,0,0,0.0,Trung tâm,Cơm tấm,Phường Sài Gòn
L05949,R083,2026-06-14,Cơm tấm sườn trứng,50000,33,34000,2,0,2,delivery,14:15,0,0,0.0,Trung tâm,Cơm tấm,Phường Sài Gòn
L05950,R084,2026-06-14,Bún riêu cua đồng,38000,38,24000,1,0,1,pickup,18:00,0,0,0.0,Sinh viên,Bún riêu,Phường Hiệp Bình
L05951,R085,2026-06-14,Bánh mì xíu mại,19000,57,8000,17,11,6,pickup,20:30,88000,121000,0.647,Sinh viên,Bánh mì,Phường Tăng Nhơn Phú
L05952,R086,2026-06-14,Phở bò chín,59000,52,28000,1,0,1,delivery,10:45,0,0,0.0,Dân cư đông,Phở,Phường Tân Sơn Nhất
L05953,R086,2026-06-14,Phở gà,41000,53,19000,1,0,1,delivery,10:30,0,0,0.0,Dân cư đông,Phở,Phường Tân Sơn Nhất
L05954,R086,2026-06-14,Phở bò tái,52000,59,21000,1,0,1,delivery,10:15,0,0,0.0,Dân cư đông,Phở,Phường Tân Sơn Nhất
L05955,R086,2026-06-14,Phở bò tái nạm,53000,52,25000,1,0,1,delivery,10:15,0,0,0.0,Dân cư đông,Phở,Phường Tân Sơn Nhất
L05956,R086,2026-06-14,Phở bò viên,44000,58,18000,1,0,1,delivery,10:45,0,0,0.0,Dân cư đông,Phở,Phường Tân Sơn Nhất
L05957,R087,2026-06-14,Phở bò tái,46000,34,30000,14,6,8,pickup,13:45,180000,96000,0.429,Công nhân,Phở,Phường Thuận An
L05958,R087,2026-06-14,Phở gà,53000,32,36000,14,7,7,pickup,13:00,252000,119000,0.5,Công nhân,Phở,Phường Thuận An
L05959,R088,2026-06-14,Cơm tấm sườn bì chả,35000,60,14000,3,2,1,delivery,09:30,28000,42000,0.667,Dân cư đông,Cơm tấm,Phường Gò Vấp
L05960,R088,2026-06-14,Cơm tấm bì,38000,56,17000,2,1,1,delivery,09:45,17000,21000,0.5,Dân cư đông,Cơm tấm,Phường Gò Vấp
L05961,R088,2026-06-14,Cơm tấm sườn nướng,31000,59,13000,2,1,1,pickup,09:00,13000,18000,0.5,Dân cư đông,Cơm tấm,Phường Gò Vấp
L05962,R088,2026-06-14,Cơm tấm sườn trứng,43000,60,17000,3,2,1,pickup,09:45,34000,52000,0.667,Dân cư đông,Cơm tấm,Phường Gò Vấp
L05963,R088,2026-06-14,Cơm tấm đặc biệt,42000,57,18000,3,2,1,pickup,09:00,36000,48000,0.667,Dân cư đông,Cơm tấm,Phường Gò Vấp
L05964,R089,2026-06-14,Hủ tiếu bò kho,50000,30,35000,1,0,1,pickup,15:15,0,0,0.0,Công nhân,Hủ tiếu,Phường Đông Hòa
L05965,R089,2026-06-14,Hủ tiếu thập cẩm,38000,37,24000,1,0,1,delivery,15:45,0,0,0.0,Công nhân,Hủ tiếu,Phường Đông Hòa
L05966,R089,2026-06-14,Hủ tiếu sa tế,54000,32,37000,1,0,1,delivery,15:30,0,0,0.0,Công nhân,Hủ tiếu,Phường Đông Hòa
L05967,R089,2026-06-14,Hủ tiếu mì,42000,32,29000,1,0,1,delivery,15:00,0,0,0.0,Công nhân,Hủ tiếu,Phường Đông Hòa
L05968,R090,2026-06-14,Hủ tiếu mì,42000,35,27000,15,7,8,pickup,09:00,189000,105000,0.467,Sinh viên,Hủ tiếu,Phường Thủ Đức
L05969,R091,2026-06-14,Bánh mì trứng,24000,58,10000,2,1,1,delivery,12:30,10000,14000,0.5,Dân cư đông,Bánh mì,Phường Xóm Chiếu
L05970,R092,2026-06-14,Cơm tấm sườn bì chả,33000,33,22000,2,0,2,pickup,17:45,0,0,0.0,Dân cư đông,Cơm tấm,Phường Gia Định
L05971,R092,2026-06-14,Cơm tấm đặc biệt,31000,36,20000,3,1,2,delivery,17:00,20000,11000,0.333,Dân cư đông,Cơm tấm,Phường Gia Định
L05972,R092,2026-06-14,Cơm tấm sườn nướng,35000,38,22000,3,1,2,delivery,17:30,22000,13000,0.333,Dân cư đông,Cơm tấm,Phường Gia Định
L05973,R092,2026-06-14,Cơm tấm bì,45000,34,30000,2,1,1,delivery,17:45,30000,15000,0.5,Dân cư đông,Cơm tấm,Phường Gia Định
L05974,R092,2026-06-14,Cơm tấm sườn trứng,36000,33,24000,2,0,2,delivery,17:30,0,0,0.0,Dân cư đông,Cơm tấm,Phường Gia Định
L05975,R093,2026-06-14,Phở bò chín,39000,31,27000,6,3,3,delivery,09:00,81000,36000,0.5,Công nhân,Phở,Phường Tân Đông Hiệp
L05976,R093,2026-06-14,Phở bò tái,44000,35,29000,6,2,4,delivery,09:00,58000,30000,0.333,Công nhân,Phở,Phường Tân Đông Hiệp
L05977,R093,2026-06-14,Phở bò viên,49000,33,33000,5,2,3,delivery,09:00,66000,32000,0.4,Công nhân,Phở,Phường Tân Đông Hiệp
L05978,R093,2026-06-14,Phở gà,48000,39,29000,6,2,4,pickup,09:15,58000,38000,0.333,Công nhân,Phở,Phường Tân Đông Hiệp
L05979,R094,2026-06-14,Hủ tiếu sa tế,64000,49,33000,10,6,4,delivery,12:30,198000,186000,0.6,Dân cư đông,Hủ tiếu,Phường Bình Lợi Trung
L05980,R095,2026-06-14,Cơm tấm bì,42000,59,17000,2,1,1,delivery,14:45,17000,25000,0.5,Công nhân,Cơm tấm,Phường Lái Thiêu
L05981,R095,2026-06-14,Cơm tấm sườn trứng,32000,57,14000,2,1,1,delivery,14:30,14000,18000,0.5,Công nhân,Cơm tấm,Phường Lái Thiêu
L05982,R095,2026-06-14,Cơm tấm đặc biệt,41000,60,16000,2,1,1,delivery,14:30,16000,25000,0.5,Công nhân,Cơm tấm,Phường Lái Thiêu
L05983,R095,2026-06-14,Cơm tấm sườn nướng,45000,57,19000,2,1,1,delivery,14:00,19000,26000,0.5,Công nhân,Cơm tấm,Phường Lái Thiêu
L05984,R096,2026-06-14,Cơm thịt kho trứng,37000,43,21000,12,6,6,pickup,14:15,126000,96000,0.5,Công nhân,Cơm văn phòng,Phường Lái Thiêu
L05985,R096,2026-06-14,Cơm gà xối mỡ,41000,44,23000,11,7,4,pickup,14:15,161000,126000,0.636,Công nhân,Cơm văn phòng,Phường Lái Thiêu
L05986,R097,2026-06-14,Hủ tiếu bò kho,53000,54,24000,2,1,1,delivery,20:30,24000,29000,0.5,Công nhân,Hủ tiếu,Phường Tân Đông Hiệp
L05987,R097,2026-06-14,Hủ tiếu Nam Vang,53000,55,24000,2,1,1,delivery,20:30,24000,29000,0.5,Công nhân,Hủ tiếu,Phường Tân Đông Hiệp
L05988,R097,2026-06-14,Hủ tiếu thập cẩm,54000,49,28000,3,1,2,pickup,20:30,28000,26000,0.333,Công nhân,Hủ tiếu,Phường Tân Đông Hiệp
L05989,R098,2026-06-14,Bún riêu cua,35000,44,20000,2,1,1,pickup,16:30,20000,15000,0.5,Trung tâm,Bún riêu,Phường Xuân Hòa
L05990,R099,2026-06-14,Cơm thịt kho trứng,31000,59,13000,1,0,1,pickup,09:30,0,0,0.0,Sinh viên,Cơm văn phòng,Phường An Khánh
L05991,R099,2026-06-14,Cơm gà xối mỡ,36000,60,14000,1,0,1,pickup,09:30,0,0,0.0,Sinh viên,Cơm văn phòng,Phường An Khánh
L05992,R099,2026-06-14,Cơm gà luộc,38000,57,16000,1,0,1,pickup,09:45,0,0,0.0,Sinh viên,Cơm văn phòng,Phường An Khánh
L05993,R099,2026-06-14,Cơm canh chua,33000,60,13000,1,0,1,pickup,09:30,0,0,0.0,Sinh viên,Cơm văn phòng,Phường An Khánh
L05994,R099,2026-06-14,Cơm sườn đậu hũ,34000,60,14000,1,0,1,pickup,09:45,0,0,0.0,Sinh viên,Cơm văn phòng,Phường An Khánh
L05995,R100,2026-06-14,Hủ tiếu Nam Vang,37000,38,23000,3,0,3,delivery,15:00,0,0,0.0,Trung tâm,Hủ tiếu,Phường Tân Định
L05996,R100,2026-06-14,Hủ tiếu thập cẩm,43000,45,24000,2,1,1,delivery,15:30,24000,19000,0.5,Trung tâm,Hủ tiếu,Phường Tân Định
L05997,R101,2026-06-14,Phở bò viên,44000,33,29000,1,0,1,pickup,09:45,0,0,0.0,Công nhân,Phở,Phường Bình Hòa
L05998,R101,2026-06-14,Phở bò tái nạm,39000,30,27000,1,0,1,pickup,09:30,0,0,0.0,Công nhân,Phở,Phường Bình Hòa
L05999,R101,2026-06-14,Phở gà,52000,30,36000,1,0,1,pickup,09:45,0,0,0.0,Công nhân,Phở,Phường Bình Hòa
L06000,R102,2026-06-14,Bún bò Huế đặc biệt,51000,59,21000,2,1,1,pickup,15:30,21000,30000,0.5,Sinh viên,Bún bò,Phường Thủ Đức
L06001,R102,2026-06-14,Bún bò giò heo,43000,51,21000,1,0,1,pickup,15:30,0,0,0.0,Sinh viên,Bún bò,Phường Thủ Đức
L06002,R102,2026-06-14,Bún bò viên,49000,49,25000,1,0,1,pickup,15:30,0,0,0.0,Sinh viên,Bún bò,Phường Thủ Đức
L06003,R102,2026-06-14,Bún bò thập cẩm,51000,55,23000,1,0,1,pickup,15:15,0,0,0.0,Sinh viên,Bún bò,Phường Thủ Đức
L06004,R103,2026-06-14,Cơm gà xối mỡ,29000,37,18000,8,4,4,delivery,11:00,72000,44000,0.5,Công nhân,Cơm văn phòng,Phường Đông Hòa
L06005,R103,2026-06-14,Cơm canh chua,36000,31,25000,8,5,3,delivery,11:00,125000,55000,0.625,Công nhân,Cơm văn phòng,Phường Đông Hòa
L06006,R103,2026-06-14,Cơm thịt kho trứng,35000,40,21000,7,3,4,delivery,11:30,63000,42000,0.429,Công nhân,Cơm văn phòng,Phường Đông Hòa
L06007,R104,2026-06-14,Bánh mì thịt nguội,21000,46,11000,1,0,1,pickup,19:30,0,0,0.0,Dân cư đông,Bánh mì,Phường Thông Tây Hội
L06008,R104,2026-06-14,Bánh mì trứng,20000,51,10000,1,0,1,pickup,19:45,0,0,0.0,Dân cư đông,Bánh mì,Phường Thông Tây Hội
L06009,R104,2026-06-14,Bánh mì xíu mại,21000,50,10000,1,0,1,pickup,19:15,0,0,0.0,Dân cư đông,Bánh mì,Phường Thông Tây Hội
L06010,R104,2026-06-14,Bánh mì gà,18000,48,9000,1,0,1,pickup,19:00,0,0,0.0,Dân cư đông,Bánh mì,Phường Thông Tây Hội
L06011,R104,2026-06-14,Bánh mì chả lụa,27000,50,14000,1,0,1,pickup,19:45,0,0,0.0,Dân cư đông,Bánh mì,Phường Thông Tây Hội
L06012,R105,2026-06-14,Bánh mì xíu mại,29000,35,19000,4,2,2,pickup,16:15,38000,20000,0.5,Sinh viên,Bánh mì,Phường Tam Bình
L06013,R105,2026-06-14,Bánh mì thịt nguội,19000,30,13000,4,2,2,pickup,16:00,26000,12000,0.5,Sinh viên,Bánh mì,Phường Tam Bình
L06014,R106,2026-06-14,Phở bò chín,42000,51,21000,6,4,2,pickup,11:00,84000,84000,0.667,Công nhân,Phở,Phường An Phú
L06015,R106,2026-06-14,Phở gà,48000,54,22000,7,6,1,pickup,11:30,132000,156000,0.857,Công nhân,Phở,Phường An Phú
L06016,R106,2026-06-14,Phở bò viên,44000,59,18000,6,4,2,pickup,11:45,72000,104000,0.667,Công nhân,Phở,Phường An Phú
L06017,R107,2026-06-14,Hủ tiếu Nam Vang,55000,35,36000,17,5,12,pickup,09:30,180000,95000,0.294,Dân cư đông,Hủ tiếu,Phường Gò Vấp
L06018,R108,2026-06-14,Cơm tấm bì,39000,53,18000,3,2,1,delivery,16:00,36000,42000,0.667,Sinh viên,Cơm tấm,Phường Thủ Đức
L06019,R108,2026-06-14,Cơm tấm sườn trứng,46000,46,25000,4,3,1,delivery,16:30,75000,63000,0.75,Sinh viên,Cơm tấm,Phường Thủ Đức
L06020,R108,2026-06-14,Cơm tấm sườn nướng,32000,47,17000,4,2,2,pickup,16:15,34000,30000,0.5,Sinh viên,Cơm tấm,Phường Thủ Đức
L06021,R108,2026-06-14,Cơm tấm đặc biệt,26000,48,14000,3,2,1,delivery,16:15,28000,24000,0.667,Sinh viên,Cơm tấm,Phường Thủ Đức
L06022,R109,2026-06-14,Hủ tiếu mì,45000,60,18000,1,0,1,delivery,11:00,0,0,0.0,Trung tâm,Hủ tiếu,Phường Sài Gòn
L06023,R109,2026-06-14,Hủ tiếu sa tế,53000,53,25000,1,0,1,pickup,11:30,0,0,0.0,Trung tâm,Hủ tiếu,Phường Sài Gòn
L06024,R109,2026-06-14,Hủ tiếu bò kho,62000,58,26000,1,0,1,delivery,11:45,0,0,0.0,Trung tâm,Hủ tiếu,Phường Sài Gòn
L06025,R110,2026-06-14,Phở gà,41000,57,18000,4,3,1,pickup,10:15,54000,69000,0.75,Sinh viên,Phở,Phường Hiệp Bình
L06026,R110,2026-06-14,Phở bò chín,52000,60,21000,3,2,1,pickup,10:00,42000,62000,0.667,Sinh viên,Phở,Phường Hiệp Bình
L06027,R111,2026-06-14,Bánh mì gà,19000,50,10000,5,4,1,delivery,09:15,40000,36000,0.8,Sinh viên,Bánh mì,Phường Long Bình
L06028,R112,2026-06-14,Hủ tiếu Nam Vang,38000,47,20000,1,0,1,delivery,11:00,0,0,0.0,Dân cư đông,Hủ tiếu,Phường Gò Vấp
L06029,R112,2026-06-14,Hủ tiếu bò kho,48000,54,22000,1,0,1,delivery,11:30,0,0,0.0,Dân cư đông,Hủ tiếu,Phường Gò Vấp
L06030,R112,2026-06-14,Hủ tiếu mì,59000,46,32000,1,0,1,pickup,11:15,0,0,0.0,Dân cư đông,Hủ tiếu,Phường Gò Vấp
L06031,R112,2026-06-14,Hủ tiếu thập cẩm,54000,53,25000,1,0,1,delivery,11:30,0,0,0.0,Dân cư đông,Hủ tiếu,Phường Gò Vấp
L06032,R112,2026-06-14,Hủ tiếu sa tế,49000,54,23000,1,0,1,delivery,11:30,0,0,0.0,Dân cư đông,Hủ tiếu,Phường Gò Vấp
L06033,R113,2026-06-14,Bánh mì thịt nguội,20000,52,10000,1,0,1,delivery,10:00,0,0,0.0,Dân cư đông,Bánh mì,Phường Tân Hòa
L06034,R113,2026-06-14,Bánh mì chả lụa,28000,44,16000,1,0,1,delivery,10:30,0,0,0.0,Dân cư đông,Bánh mì,Phường Tân Hòa
L06035,R113,2026-06-14,Bánh mì trứng,31000,48,16000,1,0,1,delivery,10:30,0,0,0.0,Dân cư đông,Bánh mì,Phường Tân Hòa
L06036,R113,2026-06-14,Bánh mì xíu mại,24000,47,13000,1,0,1,delivery,10:15,0,0,0.0,Dân cư đông,Bánh mì,Phường Tân Hòa
L06037,R113,2026-06-14,Bánh mì gà,25000,52,12000,1,0,1,delivery,10:45,0,0,0.0,Dân cư đông,Bánh mì,Phường Tân Hòa
L06038,R114,2026-06-14,Cơm gà luộc,43000,45,24000,1,0,1,delivery,10:45,0,0,0.0,Công nhân,Cơm văn phòng,Phường Bình Hòa
L06039,R114,2026-06-14,Cơm sườn đậu hũ,43000,45,24000,1,0,1,delivery,10:00,0,0,0.0,Công nhân,Cơm văn phòng,Phường Bình Hòa
L06040,R114,2026-06-14,Cơm thịt kho trứng,43000,46,23000,2,1,1,pickup,10:45,23000,20000,0.5,Công nhân,Cơm văn phòng,Phường Bình Hòa
L06041,R114,2026-06-14,Cơm gà xối mỡ,31000,38,19000,1,0,1,delivery,10:30,0,0,0.0,Công nhân,Cơm văn phòng,Phường Bình Hòa
L06042,R115,2026-06-14,Cơm tấm bì,38000,38,24000,1,0,1,delivery,14:45,0,0,0.0,Dân cư đông,Cơm tấm,Phường Khánh Hội
L06043,R115,2026-06-14,Cơm tấm sườn trứng,50000,39,30000,1,0,1,delivery,14:45,0,0,0.0,Dân cư đông,Cơm tấm,Phường Khánh Hội
L06044,R116,2026-06-14,Cơm gà xối mỡ,38000,41,22000,2,1,1,delivery,20:15,22000,16000,0.5,Dân cư đông,Cơm văn phòng,Phường Bình Lợi Trung
L06045,R116,2026-06-14,Cơm sườn đậu hũ,48000,34,32000,2,1,1,delivery,20:45,32000,16000,0.5,Dân cư đông,Cơm văn phòng,Phường Bình Lợi Trung
L06046,R117,2026-06-14,Bánh mì gà,23000,38,14000,1,0,1,delivery,09:15,0,0,0.0,Sinh viên,Bánh mì,Phường Hiệp Bình
L06047,R117,2026-06-14,Bánh mì xíu mại,18000,37,11000,1,0,1,delivery,09:00,0,0,0.0,Sinh viên,Bánh mì,Phường Hiệp Bình
L06048,R117,2026-06-14,Bánh mì chả lụa,27000,37,17000,1,0,1,delivery,09:45,0,0,0.0,Sinh viên,Bánh mì,Phường Hiệp Bình
L06049,R118,2026-06-14,Bánh mì trứng,27000,34,18000,3,1,2,pickup,10:00,18000,9000,0.333,Dân cư đông,Bánh mì,Phường Gò Vấp
L06050,R118,2026-06-14,Bánh mì chả lụa,23000,30,16000,4,2,2,pickup,10:45,32000,14000,0.5,Dân cư đông,Bánh mì,Phường Gò Vấp
L06051,R118,2026-06-14,Bánh mì xíu mại,25000,30,18000,3,0,3,pickup,10:15,0,0,0.0,Dân cư đông,Bánh mì,Phường Gò Vấp
L06052,R119,2026-06-14,Bún bò giò heo,41000,53,19000,8,6,2,pickup,14:30,114000,132000,0.75,Công nhân,Bún bò,Phường Đông Hòa
L06053,R120,2026-06-14,Bún bò viên,42000,54,19000,2,1,1,pickup,11:45,19000,23000,0.5,Dân cư đông,Bún bò,Phường Hạnh Thông
L06054,R120,2026-06-14,Bún bò thập cẩm,54000,58,23000,1,0,1,pickup,11:15,0,0,0.0,Dân cư đông,Bún bò,Phường Hạnh Thông
L06055,R120,2026-06-14,Bún bò Huế đặc biệt,46000,52,22000,1,0,1,pickup,11:45,0,0,0.0,Dân cư đông,Bún bò,Phường Hạnh Thông
L06056,R120,2026-06-14,Bún bò giò heo,54000,60,22000,1,0,1,pickup,11:30,0,0,0.0,Dân cư đông,Bún bò,Phường Hạnh Thông
L06057,R120,2026-06-14,Bún bò gân,42000,59,17000,1,0,1,pickup,11:30,0,0,0.0,Dân cư đông,Bún bò,Phường Hạnh Thông
L06058,R121,2026-06-14,Cơm canh chua,32000,42,19000,1,0,1,pickup,12:00,0,0,0.0,Dân cư đông,Cơm văn phòng,Phường Gò Vấp
L06059,R121,2026-06-14,Cơm sườn đậu hũ,38000,36,24000,1,0,1,pickup,12:00,0,0,0.0,Dân cư đông,Cơm văn phòng,Phường Gò Vấp
L06060,R121,2026-06-14,Cơm gà xối mỡ,37000,40,22000,1,0,1,pickup,12:45,0,0,0.0,Dân cư đông,Cơm văn phòng,Phường Gò Vấp
L06061,R121,2026-06-14,Cơm thịt kho trứng,40000,40,24000,1,0,1,pickup,12:15,0,0,0.0,Dân cư đông,Cơm văn phòng,Phường Gò Vấp
L06062,R121,2026-06-14,Cơm gà luộc,51000,36,33000,1,0,1,pickup,12:30,0,0,0.0,Dân cư đông,Cơm văn phòng,Phường Gò Vấp
L06063,R122,2026-06-14,Bún riêu cua đồng,42000,45,23000,7,5,2,pickup,09:30,115000,95000,0.714,Sinh viên,Bún riêu,Phường Linh Xuân
L06064,R123,2026-06-14,Cơm thịt kho trứng,35000,54,16000,15,10,5,delivery,16:00,160000,190000,0.667,Sinh viên,Cơm văn phòng,Phường Bình Trưng
L06065,R124,2026-06-14,Bún bò thập cẩm,41000,30,29000,3,1,2,delivery,15:15,29000,12000,0.333,Sinh viên,Bún bò,Phường Cát Lái
L06066,R124,2026-06-14,Bún bò Huế đặc biệt,47000,30,33000,2,1,1,delivery,15:30,33000,14000,0.5,Sinh viên,Bún bò,Phường Cát Lái
L06067,R124,2026-06-14,Bún bò gân,53000,37,33000,2,1,1,delivery,15:30,33000,20000,0.5,Sinh viên,Bún bò,Phường Cát Lái
L06068,R124,2026-06-14,Bún bò giò heo,40000,30,28000,3,1,2,pickup,15:00,28000,12000,0.333,Sinh viên,Bún bò,Phường Cát Lái
L06069,R124,2026-06-14,Bún bò viên,38000,30,27000,3,1,2,pickup,15:30,27000,11000,0.333,Sinh viên,Bún bò,Phường Cát Lái
L06070,R125,2026-06-14,Bánh mì trứng,25000,57,11000,2,1,1,pickup,15:15,11000,14000,0.5,Công nhân,Bánh mì,Phường Lái Thiêu
L06071,R125,2026-06-14,Bánh mì gà,24000,53,11000,3,2,1,delivery,15:45,22000,26000,0.667,Công nhân,Bánh mì,Phường Lái Thiêu
L06072,R126,2026-06-14,Phở bò tái nạm,48000,34,32000,2,0,2,delivery,11:45,0,0,0.0,Dân cư đông,Phở,Phường Gò Vấp
L06073,R126,2026-06-14,Phở gà,49000,36,31000,2,0,2,delivery,11:45,0,0,0.0,Dân cư đông,Phở,Phường Gò Vấp
L06074,R126,2026-06-14,Phở bò chín,47000,36,30000,2,0,2,delivery,11:00,0,0,0.0,Dân cư đông,Phở,Phường Gò Vấp
L06075,R126,2026-06-14,Phở bò tái,47000,30,33000,2,0,2,delivery,11:00,0,0,0.0,Dân cư đông,Phở,Phường Gò Vấp
L06076,R126,2026-06-14,Phở bò viên,52000,38,32000,3,1,2,delivery,11:45,32000,20000,0.333,Dân cư đông,Phở,Phường Gò Vấp
L06077,R127,2026-06-14,Cơm gà xối mỡ,48000,31,33000,2,1,1,delivery,18:15,33000,15000,0.5,Dân cư đông,Cơm văn phòng,Phường Tân Sơn Nhất
L06078,R127,2026-06-14,Cơm canh chua,32000,35,21000,2,0,2,delivery,18:00,0,0,0.0,Dân cư đông,Cơm văn phòng,Phường Tân Sơn Nhất
L06079,R127,2026-06-14,Cơm sườn đậu hũ,34000,30,24000,2,0,2,delivery,18:00,0,0,0.0,Dân cư đông,Cơm văn phòng,Phường Tân Sơn Nhất
L06080,R127,2026-06-14,Cơm thịt kho trứng,38000,39,23000,2,0,2,delivery,18:15,0,0,0.0,Dân cư đông,Cơm văn phòng,Phường Tân Sơn Nhất
L06081,R127,2026-06-14,Cơm gà luộc,40000,34,26000,2,0,2,delivery,18:30,0,0,0.0,Dân cư đông,Cơm văn phòng,Phường Tân Sơn Nhất
L06082,R128,2026-06-14,Bánh mì xíu mại,27000,38,17000,4,2,2,delivery,18:45,34000,20000,0.5,Trung tâm,Bánh mì,Phường Đức Nhuận
L06083,R128,2026-06-14,Bánh mì thịt nguội,22000,35,14000,3,0,3,pickup,18:15,0,0,0.0,Trung tâm,Bánh mì,Phường Đức Nhuận
L06084,R129,2026-06-14,Phở bò chín,56000,53,26000,1,0,1,pickup,11:30,0,0,0.0,Công nhân,Phở,Phường Dĩ An
L06085,R129,2026-06-14,Phở bò tái nạm,44000,48,23000,2,1,1,pickup,11:30,23000,21000,0.5,Công nhân,Phở,Phường Dĩ An
L06086,R129,2026-06-14,Phở bò viên,42000,46,23000,2,1,1,pickup,11:00,23000,19000,0.5,Công nhân,Phở,Phường Dĩ An
L06087,R130,2026-06-14,Phở bò tái nạm,52000,39,32000,4,1,3,delivery,10:15,32000,20000,0.25,Công nhân,Phở,Phường Lái Thiêu
L06088,R130,2026-06-14,Phở bò viên,51000,49,26000,4,3,1,delivery,10:30,78000,75000,0.75,Công nhân,Phở,Phường Lái Thiêu
L06089,R130,2026-06-14,Phở bò chín,52000,43,30000,4,2,2,delivery,10:45,60000,44000,0.5,Công nhân,Phở,Phường Lái Thiêu
L06090,R130,2026-06-14,Phở gà,60000,45,33000,3,2,1,delivery,10:45,66000,54000,0.667,Công nhân,Phở,Phường Lái Thiêu
L06091,R131,2026-06-14,Bún bò Huế đặc biệt,44000,49,22000,1,0,1,pickup,20:30,0,0,0.0,Sinh viên,Bún bò,Phường Phước Long
L06092,R131,2026-06-14,Bún bò giò heo,42000,54,19000,1,0,1,pickup,20:45,0,0,0.0,Sinh viên,Bún bò,Phường Phước Long
L06093,R131,2026-06-14,Bún bò gân,56000,53,26000,1,0,1,delivery,20:00,0,0,0.0,Sinh viên,Bún bò,Phường Phước Long
L06094,R131,2026-06-14,Bún bò thập cẩm,49000,48,25000,1,0,1,pickup,20:15,0,0,0.0,Sinh viên,Bún bò,Phường Phước Long
L06095,R132,2026-06-14,Cơm gà xối mỡ,45000,44,25000,3,2,1,pickup,09:45,50000,40000,0.667,Sinh viên,Cơm văn phòng,Phường Linh Xuân
L06096,R132,2026-06-14,Cơm gà luộc,35000,42,20000,5,3,2,delivery,09:15,60000,45000,0.6,Sinh viên,Cơm văn phòng,Phường Linh Xuân
L06097,R132,2026-06-14,Cơm thịt kho trứng,46000,42,27000,3,2,1,delivery,09:45,54000,38000,0.667,Sinh viên,Cơm văn phòng,Phường Linh Xuân
L06098,R133,2026-06-14,Hủ tiếu mì,42000,39,26000,14,7,7,delivery,15:30,182000,112000,0.5,Sinh viên,Hủ tiếu,Phường Cát Lái
L06099,R134,2026-06-14,Cơm tấm sườn bì chả,40000,30,28000,1,0,1,delivery,15:00,0,0,0.0,Dân cư đông,Cơm tấm,Phường An Nhơn
L06100,R134,2026-06-14,Cơm tấm đặc biệt,28000,30,20000,1,0,1,pickup,15:00,0,0,0.0,Dân cư đông,Cơm tấm,Phường An Nhơn
L06101,R134,2026-06-14,Cơm tấm sườn nướng,30000,30,21000,1,0,1,delivery,15:15,0,0,0.0,Dân cư đông,Cơm tấm,Phường An Nhơn
L06102,R135,2026-06-14,Bún bò Huế đặc biệt,51000,48,27000,7,4,3,pickup,20:45,108000,96000,0.571,Sinh viên,Bún bò,Phường Cát Lái
L06103,R135,2026-06-14,Bún bò gân,59000,47,31000,7,3,4,pickup,20:45,93000,84000,0.429,Sinh viên,Bún bò,Phường Cát Lái
L06104,R135,2026-06-14,Bún bò viên,43000,48,22000,7,4,3,pickup,20:15,88000,84000,0.571,Sinh viên,Bún bò,Phường Cát Lái
L06105,R136,2026-06-14,Bún bò gân,44000,57,19000,6,4,2,pickup,10:15,76000,100000,0.667,Công nhân,Bún bò,Phường Đông Hòa
L06106,R136,2026-06-14,Bún bò thập cẩm,45000,53,21000,6,4,2,delivery,10:45,84000,96000,0.667,Công nhân,Bún bò,Phường Đông Hòa
L06107,R136,2026-06-14,Bún bò Huế đặc biệt,59000,54,27000,8,5,3,pickup,10:15,135000,160000,0.625,Công nhân,Bún bò,Phường Đông Hòa
L06108,R137,2026-06-14,Hủ tiếu thập cẩm,45000,48,23000,1,0,1,delivery,15:15,0,0,0.0,Dân cư đông,Hủ tiếu,Phường Tân Sơn Nhất
L06109,R137,2026-06-14,Hủ tiếu sa tế,49000,47,26000,1,0,1,delivery,15:30,0,0,0.0,Dân cư đông,Hủ tiếu,Phường Tân Sơn Nhất
L06110,R137,2026-06-14,Hủ tiếu Nam Vang,57000,42,33000,1,0,1,delivery,15:30,0,0,0.0,Dân cư đông,Hủ tiếu,Phường Tân Sơn Nhất
L06111,R137,2026-06-14,Hủ tiếu mì,49000,43,28000,1,0,1,delivery,15:45,0,0,0.0,Dân cư đông,Hủ tiếu,Phường Tân Sơn Nhất
L06112,R137,2026-06-14,Hủ tiếu bò kho,60000,42,35000,1,0,1,delivery,15:45,0,0,0.0,Dân cư đông,Hủ tiếu,Phường Tân Sơn Nhất
L06113,R138,2026-06-14,Cơm tấm sườn nướng,47000,57,20000,1,0,1,delivery,16:15,0,0,0.0,Công nhân,Cơm tấm,Phường Đông Hòa
L06114,R138,2026-06-14,Cơm tấm đặc biệt,32000,53,15000,1,0,1,delivery,16:30,0,0,0.0,Công nhân,Cơm tấm,Phường Đông Hòa
L06115,R138,2026-06-14,Cơm tấm sườn bì chả,32000,56,14000,1,0,1,delivery,16:30,0,0,0.0,Công nhân,Cơm tấm,Phường Đông Hòa
L06116,R138,2026-06-14,Cơm tấm bì,30000,60,12000,1,0,1,delivery,16:00,0,0,0.0,Công nhân,Cơm tấm,Phường Đông Hòa
L06117,R139,2026-06-14,Bánh mì xíu mại,33000,59,14000,3,2,1,delivery,09:45,28000,38000,0.667,Ngoại ô,Bánh mì,Xã Bà Điểm
L06118,R139,2026-06-14,Bánh mì chả lụa,26000,52,12000,3,2,1,delivery,09:00,24000,28000,0.667,Ngoại ô,Bánh mì,Xã Bà Điểm
L06119,R139,2026-06-14,Bánh mì thịt nguội,17000,60,7000,2,1,1,delivery,09:30,7000,10000,0.5,Ngoại ô,Bánh mì,Xã Bà Điểm
L06120,R140,2026-06-14,Bún riêu cua,44000,35,29000,4,2,2,pickup,17:45,58000,30000,0.5,Ngoại ô,Bún riêu,Xã Hiệp Phước
L06121,R140,2026-06-14,Bún riêu cua mọc,39000,40,23000,5,3,2,delivery,17:00,69000,48000,0.6,Ngoại ô,Bún riêu,Xã Hiệp Phước
L06122,R141,2026-06-14,Cơm thịt kho trứng,33000,33,22000,2,0,2,delivery,15:30,0,0,0.0,Sinh viên,Cơm văn phòng,Phường Long Bình
L06123,R141,2026-06-14,Cơm gà xối mỡ,35000,36,22000,2,1,1,delivery,15:45,22000,13000,0.5,Sinh viên,Cơm văn phòng,Phường Long Bình
L06124,R142,2026-06-14,Bún riêu cua,42000,49,21000,4,2,2,pickup,11:45,42000,42000,0.5,Công nhân,Bún riêu,Phường Thuận An
L06125,R142,2026-06-14,Bún riêu cua đồng,46000,42,27000,5,3,2,pickup,11:15,81000,57000,0.6,Công nhân,Bún riêu,Phường Thuận An
L06126,R142,2026-06-14,Bún riêu cua mọc,38000,52,18000,5,4,1,pickup,11:15,72000,80000,0.8,Công nhân,Bún riêu,Phường Thuận An
L06127,R142,2026-06-14,Bún riêu thập cẩm,43000,44,24000,4,2,2,pickup,11:00,48000,38000,0.5,Công nhân,Bún riêu,Phường Thuận An
L06128,R143,2026-06-14,Bánh mì chả lụa,32000,49,16000,3,1,2,pickup,16:15,16000,16000,0.333,Sinh viên,Bánh mì,Phường Cát Lái
L06129,R143,2026-06-14,Bánh mì trứng,26000,51,13000,2,1,1,pickup,16:15,13000,13000,0.5,Sinh viên,Bánh mì,Phường Cát Lái
L06130,R143,2026-06-14,Bánh mì gà,25000,52,12000,3,2,1,pickup,16:15,24000,26000,0.667,Sinh viên,Bánh mì,Phường Cát Lái
L06131,R143,2026-06-14,Bánh mì thịt nguội,29000,49,15000,2,1,1,pickup,16:45,15000,14000,0.5,Sinh viên,Bánh mì,Phường Cát Lái
L06132,R144,2026-06-14,Bún bò gân,47000,60,19000,3,2,1,pickup,15:00,38000,56000,0.667,Sinh viên,Bún bò,Phường Phước Long
L06133,R144,2026-06-14,Bún bò giò heo,41000,60,16000,3,2,1,pickup,15:15,32000,50000,0.667,Sinh viên,Bún bò,Phường Phước Long
L06134,R144,2026-06-14,Bún bò Huế đặc biệt,54000,58,23000,4,3,1,pickup,15:45,69000,93000,0.75,Sinh viên,Bún bò,Phường Phước Long
L06135,R145,2026-06-14,Cơm tấm sườn bì chả,34000,51,17000,2,1,1,pickup,19:15,17000,17000,0.5,Trung tâm,Cơm tấm,Phường Phú Nhuận
L06136,R145,2026-06-14,Cơm tấm đặc biệt,45000,48,23000,2,1,1,pickup,19:00,23000,22000,0.5,Trung tâm,Cơm tấm,Phường Phú Nhuận
L06137,R145,2026-06-14,Cơm tấm sườn nướng,34000,51,17000,2,1,1,delivery,19:45,17000,17000,0.5,Trung tâm,Cơm tấm,Phường Phú Nhuận
L06138,R145,2026-06-14,Cơm tấm bì,32000,41,19000,2,1,1,delivery,19:45,19000,13000,0.5,Trung tâm,Cơm tấm,Phường Phú Nhuận
L06139,R146,2026-06-14,Bún bò giò heo,54000,56,24000,2,1,1,delivery,16:15,24000,30000,0.5,Công nhân,Bún bò,Phường Tân Đông Hiệp
L06140,R146,2026-06-14,Bún bò thập cẩm,45000,54,21000,2,1,1,pickup,16:30,21000,24000,0.5,Công nhân,Bún bò,Phường Tân Đông Hiệp
L06141,R146,2026-06-14,Bún bò Huế đặc biệt,48000,54,22000,2,1,1,pickup,16:45,22000,26000,0.5,Công nhân,Bún bò,Phường Tân Đông Hiệp
L06142,R147,2026-06-14,Phở bò chín,47000,31,32000,3,0,3,delivery,14:30,0,0,0.0,Công nhân,Phở,Phường Dĩ An
L06143,R147,2026-06-14,Phở bò tái,59000,30,41000,3,1,2,pickup,14:30,41000,18000,0.333,Công nhân,Phở,Phường Dĩ An
L06144,R148,2026-06-14,Bún bò thập cẩm,54000,35,35000,4,2,2,delivery,17:45,70000,38000,0.5,Trung tâm,Bún bò,Phường Cầu Kiệu
L06145,R148,2026-06-14,Bún bò Huế đặc biệt,55000,34,36000,4,2,2,delivery,17:30,72000,38000,0.5,Trung tâm,Bún bò,Phường Cầu Kiệu
L06146,R149,2026-06-14,Bún bò thập cẩm,47000,37,30000,16,5,11,delivery,13:00,150000,85000,0.312,Sinh viên,Bún bò,Phường An Khánh
L06147,R000,2026-06-15,Bún bò Huế đặc biệt,43000,37,27000,9,2,7,delivery,18:00,54000,32000,0.222,Công nhân,Bún bò,Phường Đông Hòa
L06148,R000,2026-06-15,Bún bò gân,41000,34,27000,8,3,5,delivery,18:00,81000,42000,0.375,Công nhân,Bún bò,Phường Đông Hòa
L06149,R000,2026-06-15,Bún bò viên,45000,31,31000,7,4,3,pickup,18:45,124000,56000,0.571,Công nhân,Bún bò,Phường Đông Hòa
L06150,R001,2026-06-15,Cơm tấm sườn nướng,32000,43,18000,2,1,1,pickup,19:45,18000,14000,0.5,Ngoại ô,Cơm tấm,Xã Bình Chánh
L06151,R001,2026-06-15,Cơm tấm sườn bì chả,29000,39,18000,1,0,1,pickup,19:00,0,0,0.0,Ngoại ô,Cơm tấm,Xã Bình Chánh
L06152,R001,2026-06-15,Cơm tấm sườn trứng,35000,38,22000,2,1,1,pickup,19:45,22000,13000,0.5,Ngoại ô,Cơm tấm,Xã Bình Chánh
L06153,R002,2026-06-15,Hủ tiếu mì,48000,41,28000,3,1,2,pickup,20:00,28000,20000,0.333,Dân cư đông,Hủ tiếu,Phường An Nhơn
L06154,R002,2026-06-15,Hủ tiếu thập cẩm,45000,34,30000,3,0,3,pickup,20:45,0,0,0.0,Dân cư đông,Hủ tiếu,Phường An Nhơn
L06155,R002,2026-06-15,Hủ tiếu sa tế,43000,39,26000,3,1,2,delivery,20:30,26000,17000,0.333,Dân cư đông,Hủ tiếu,Phường An Nhơn
L06156,R002,2026-06-15,Hủ tiếu Nam Vang,39000,37,25000,3,1,2,delivery,20:15,25000,14000,0.333,Dân cư đông,Hủ tiếu,Phường An Nhơn
L06157,R002,2026-06-15,Hủ tiếu bò kho,52000,33,35000,2,1,1,delivery,20:45,35000,17000,0.5,Dân cư đông,Hủ tiếu,Phường An Nhơn
L06158,R003,2026-06-15,Phở gà,53000,56,23000,7,4,3,pickup,18:45,92000,120000,0.571,Công nhân,Phở,Phường Bình Hòa
L06159,R003,2026-06-15,Phở bò tái,43000,50,22000,6,3,3,delivery,18:45,66000,63000,0.5,Công nhân,Phở,Phường Bình Hòa
L06160,R003,2026-06-15,Phở bò viên,37000,56,16000,6,4,2,delivery,18:45,64000,84000,0.667,Công nhân,Phở,Phường Bình Hòa
L06161,R003,2026-06-15,Phở bò chín,44000,60,18000,5,4,1,pickup,18:00,72000,104000,0.8,Công nhân,Phở,Phường Bình Hòa
L06162,R004,2026-06-15,Hủ tiếu thập cẩm,47000,50,24000,1,0,1,delivery,16:30,0,0,0.0,Sinh viên,Hủ tiếu,Phường Cát Lái
L06163,R004,2026-06-15,Hủ tiếu Nam Vang,56000,49,29000,1,0,1,delivery,16:30,0,0,0.0,Sinh viên,Hủ tiếu,Phường Cát Lái
L06164,R004,2026-06-15,Hủ tiếu mì,57000,56,25000,1,0,1,delivery,16:45,0,0,0.0,Sinh viên,Hủ tiếu,Phường Cát Lái
L06165,R004,2026-06-15,Hủ tiếu bò kho,48000,51,24000,1,0,1,pickup,16:45,0,0,0.0,Sinh viên,Hủ tiếu,Phường Cát Lái
L06166,R005,2026-06-15,Hủ tiếu thập cẩm,48000,56,21000,4,3,1,pickup,10:15,63000,81000,0.75,Sinh viên,Hủ tiếu,Phường Long Bình
L06167,R005,2026-06-15,Hủ tiếu sa tế,53000,51,26000,3,2,1,pickup,10:00,52000,54000,0.667,Sinh viên,Hủ tiếu,Phường Long Bình
L06168,R005,2026-06-15,Hủ tiếu mì,60000,56,26000,4,3,1,pickup,10:45,78000,102000,0.75,Sinh viên,Hủ tiếu,Phường Long Bình
L06169,R005,2026-06-15,Hủ tiếu Nam Vang,50000,50,25000,3,2,1,pickup,10:00,50000,50000,0.667,Sinh viên,Hủ tiếu,Phường Long Bình
L06170,R006,2026-06-15,Bún bò gân,56000,43,32000,2,1,1,delivery,17:30,32000,24000,0.5,Trung tâm,Bún bò,Phường Nhiêu Lộc
L06171,R006,2026-06-15,Bún bò thập cẩm,43000,38,27000,2,0,2,delivery,17:45,0,0,0.0,Trung tâm,Bún bò,Phường Nhiêu Lộc
L06172,R006,2026-06-15,Bún bò giò heo,55000,39,34000,2,0,2,delivery,17:30,0,0,0.0,Trung tâm,Bún bò,Phường Nhiêu Lộc
L06173,R006,2026-06-15,Bún bò viên,48000,38,30000,1,0,1,delivery,17:45,0,0,0.0,Trung tâm,Bún bò,Phường Nhiêu Lộc
L06174,R007,2026-06-15,Phở bò viên,49000,33,33000,20,6,14,pickup,09:30,198000,96000,0.3,Dân cư đông,Phở,Phường An Hội Đông
L06175,R008,2026-06-15,Hủ tiếu bò kho,45000,39,27000,4,1,3,pickup,16:30,27000,18000,0.25,Công nhân,Hủ tiếu,Phường Thuận An
L06176,R008,2026-06-15,Hủ tiếu Nam Vang,48000,44,27000,5,3,2,delivery,16:45,81000,63000,0.6,Công nhân,Hủ tiếu,Phường Thuận An
L06177,R008,2026-06-15,Hủ tiếu mì,41000,42,24000,4,2,2,pickup,16:00,48000,34000,0.5,Công nhân,Hủ tiếu,Phường Thuận An
L06178,R009,2026-06-15,Cơm tấm bì,42000,50,21000,4,3,1,pickup,20:15,63000,63000,0.75,Dân cư đông,Cơm tấm,Phường Tân Bình
L06179,R009,2026-06-15,Cơm tấm sườn trứng,35000,52,17000,4,3,1,pickup,20:15,51000,54000,0.75,Dân cư đông,Cơm tấm,Phường Tân Bình
L06180,R009,2026-06-15,Cơm tấm sườn bì chả,40000,57,17000,5,3,2,pickup,20:00,51000,69000,0.6,Dân cư đông,Cơm tấm,Phường Tân Bình
L06181,R010,2026-06-15,Cơm tấm sườn nướng,26000,51,13000,1,0,1,pickup,19:00,0,0,0.0,Trung tâm,Cơm tấm,Phường Đức Nhuận
L06182,R010,2026-06-15,Cơm tấm bì,37000,48,19000,1,0,1,delivery,19:30,0,0,0.0,Trung tâm,Cơm tấm,Phường Đức Nhuận
L06183,R010,2026-06-15,Cơm tấm đặc biệt,37000,50,18000,1,0,1,pickup,19:15,0,0,0.0,Trung tâm,Cơm tấm,Phường Đức Nhuận
L06184,R011,2026-06-15,Bánh mì trứng,24000,35,16000,5,1,4,delivery,20:45,16000,8000,0.2,Ngoại ô,Bánh mì,Xã Hiệp Phước
L06185,R012,2026-06-15,Phở bò viên,38000,59,16000,2,1,1,delivery,20:15,16000,22000,0.5,Dân cư đông,Phở,Phường Khánh Hội
L06186,R012,2026-06-15,Phở gà,42000,54,19000,2,1,1,delivery,20:45,19000,23000,0.5,Dân cư đông,Phở,Phường Khánh Hội
L06187,R013,2026-06-15,Phở bò viên,61000,54,28000,3,2,1,pickup,12:15,56000,66000,0.667,Sinh viên,Phở,Phường Long Bình
L06188,R013,2026-06-15,Phở bò tái nạm,45000,53,21000,3,2,1,delivery,12:00,42000,48000,0.667,Sinh viên,Phở,Phường Long Bình
L06189,R013,2026-06-15,Phở gà,47000,53,22000,3,2,1,pickup,12:15,44000,50000,0.667,Sinh viên,Phở,Phường Long Bình
L06190,R013,2026-06-15,Phở bò chín,47000,55,21000,3,2,1,delivery,12:15,42000,52000,0.667,Sinh viên,Phở,Phường Long Bình
L06191,R013,2026-06-15,Phở bò tái,44000,55,20000,3,2,1,delivery,12:45,40000,48000,0.667,Sinh viên,Phở,Phường Long Bình
L06192,R014,2026-06-15,Bánh mì gà,32000,52,15000,1,0,1,delivery,12:30,0,0,0.0,Sinh viên,Bánh mì,Phường An Khánh
L06193,R014,2026-06-15,Bánh mì thịt nguội,23000,56,10000,1,0,1,pickup,12:45,0,0,0.0,Sinh viên,Bánh mì,Phường An Khánh
L06194,R015,2026-06-15,Hủ tiếu thập cẩm,50000,37,32000,6,3,3,delivery,13:15,96000,54000,0.5,Sinh viên,Hủ tiếu,Phường Hiệp Bình
L06195,R015,2026-06-15,Hủ tiếu sa tế,62000,39,38000,5,2,3,delivery,13:00,76000,48000,0.4,Sinh viên,Hủ tiếu,Phường Hiệp Bình
L06196,R015,2026-06-15,Hủ tiếu Nam Vang,48000,38,30000,5,2,3,delivery,13:15,60000,36000,0.4,Sinh viên,Hủ tiếu,Phường Hiệp Bình
L06197,R016,2026-06-15,Phở bò viên,41000,43,23000,4,3,1,pickup,16:45,69000,54000,0.75,Sinh viên,Phở,Phường Tăng Nhơn Phú
L06198,R016,2026-06-15,Phở bò tái nạm,57000,48,30000,3,2,1,delivery,16:15,60000,54000,0.667,Sinh viên,Phở,Phường Tăng Nhơn Phú
L06199,R016,2026-06-15,Phở bò tái,56000,46,30000,4,2,2,delivery,16:45,60000,52000,0.5,Sinh viên,Phở,Phường Tăng Nhơn Phú
L06200,R017,2026-06-15,Cơm tấm sườn nướng,37000,34,24000,16,6,10,delivery,13:30,144000,78000,0.375,Công nhân,Cơm tấm,Phường Dĩ An
L06201,R018,2026-06-15,Cơm tấm sườn bì chả,37000,48,19000,3,1,2,pickup,16:30,19000,18000,0.333,Công nhân,Cơm tấm,Phường Lái Thiêu
L06202,R019,2026-06-15,Bún bò giò heo,43000,41,25000,8,4,4,delivery,18:15,100000,72000,0.5,Sinh viên,Bún bò,Phường Long Bình
L06203,R019,2026-06-15,Bún bò gân,46000,37,29000,8,2,6,delivery,18:15,58000,34000,0.25,Sinh viên,Bún bò,Phường Long Bình
L06204,R020,2026-06-15,Phở bò chín,52000,43,30000,1,0,1,delivery,09:00,0,0,0.0,Công nhân,Phở,Phường Đông Hòa
L06205,R020,2026-06-15,Phở gà,45000,35,29000,1,0,1,delivery,09:45,0,0,0.0,Công nhân,Phở,Phường Đông Hòa
L06206,R020,2026-06-15,Phở bò viên,43000,39,26000,1,0,1,delivery,09:30,0,0,0.0,Công nhân,Phở,Phường Đông Hòa
L06207,R020,2026-06-15,Phở bò tái,58000,44,32000,2,1,1,delivery,09:15,32000,26000,0.5,Công nhân,Phở,Phường Đông Hòa
L06208,R021,2026-06-15,Hủ tiếu thập cẩm,38000,46,21000,2,1,1,pickup,20:15,21000,17000,0.5,Sinh viên,Hủ tiếu,Phường Bình Trưng
L06209,R021,2026-06-15,Hủ tiếu sa tế,41000,38,25000,2,1,1,pickup,20:45,25000,16000,0.5,Sinh viên,Hủ tiếu,Phường Bình Trưng
L06210,R022,2026-06-15,Bánh mì trứng,23000,60,9000,1,0,1,delivery,18:00,0,0,0.0,Sinh viên,Bánh mì,Phường Long Bình
L06211,R022,2026-06-15,Bánh mì thịt nguội,19000,59,8000,2,1,1,delivery,18:45,8000,11000,0.5,Sinh viên,Bánh mì,Phường Long Bình
L06212,R022,2026-06-15,Bánh mì gà,33000,60,13000,2,1,1,pickup,18:00,13000,20000,0.5,Sinh viên,Bánh mì,Phường Long Bình
L06213,R022,2026-06-15,Bánh mì chả lụa,18000,60,7000,2,1,1,delivery,18:15,7000,11000,0.5,Sinh viên,Bánh mì,Phường Long Bình
L06214,R022,2026-06-15,Bánh mì xíu mại,23000,54,11000,2,1,1,delivery,18:00,11000,12000,0.5,Sinh viên,Bánh mì,Phường Long Bình
L06215,R023,2026-06-15,Bánh mì chả lụa,25000,30,18000,2,0,2,delivery,17:15,0,0,0.0,Công nhân,Bánh mì,Phường Tân Đông Hiệp
L06216,R023,2026-06-15,Bánh mì xíu mại,34000,30,24000,2,1,1,delivery,17:30,24000,10000,0.5,Công nhân,Bánh mì,Phường Tân Đông Hiệp
L06217,R024,2026-06-15,Hủ tiếu bò kho,52000,57,22000,16,11,5,pickup,14:15,242000,330000,0.688,Công nhân,Hủ tiếu,Phường An Phú
L06218,R025,2026-06-15,Cơm thịt kho trứng,34000,34,22000,1,0,1,delivery,11:30,0,0,0.0,Dân cư đông,Cơm văn phòng,Phường An Hội Đông
L06219,R025,2026-06-15,Cơm canh chua,29000,30,20000,1,0,1,pickup,11:00,0,0,0.0,Dân cư đông,Cơm văn phòng,Phường An Hội Đông
L06220,R025,2026-06-15,Cơm gà luộc,34000,37,21000,1,0,1,delivery,11:30,0,0,0.0,Dân cư đông,Cơm văn phòng,Phường An Hội Đông
L06221,R025,2026-06-15,Cơm gà xối mỡ,50000,36,32000,2,0,2,pickup,11:45,0,0,0.0,Dân cư đông,Cơm văn phòng,Phường An Hội Đông
L06222,R025,2026-06-15,Cơm sườn đậu hũ,54000,35,35000,1,0,1,delivery,11:15,0,0,0.0,Dân cư đông,Cơm văn phòng,Phường An Hội Đông
L06223,R026,2026-06-15,Bún riêu cua,38000,40,23000,3,2,1,delivery,16:15,46000,30000,0.667,Sinh viên,Bún riêu,Phường Tam Bình
L06224,R027,2026-06-15,Bún bò thập cẩm,53000,31,37000,3,1,2,pickup,17:30,37000,16000,0.333,Công nhân,Bún bò,Phường Hòa Lợi
L06225,R028,2026-06-15,Bánh mì xíu mại,26000,59,11000,7,5,2,pickup,14:00,55000,75000,0.714,Công nhân,Bánh mì,Phường Tân Đông Hiệp
L06226,R029,2026-06-15,Phở bò chín,43000,57,18000,1,0,1,pickup,19:15,0,0,0.0,Trung tâm,Phở,Phường Bến Thành
L06227,R029,2026-06-15,Phở bò tái nạm,57000,56,25000,1,0,1,pickup,19:00,0,0,0.0,Trung tâm,Phở,Phường Bến Thành
L06228,R029,2026-06-15,Phở bò viên,43000,58,18000,1,0,1,delivery,19:00,0,0,0.0,Trung tâm,Phở,Phường Bến Thành
L06229,R029,2026-06-15,Phở bò tái,54000,52,26000,1,0,1,delivery,19:45,0,0,0.0,Trung tâm,Phở,Phường Bến Thành
L06230,R030,2026-06-15,Bún bò giò heo,42000,48,22000,12,8,4,delivery,15:15,176000,160000,0.667,Công nhân,Bún bò,Phường An Phú
L06231,R030,2026-06-15,Bún bò thập cẩm,55000,55,25000,11,10,1,delivery,15:45,250000,300000,0.909,Công nhân,Bún bò,Phường An Phú
L06232,R031,2026-06-15,Phở bò tái nạm,47000,43,27000,5,3,2,delivery,09:45,81000,60000,0.6,Sinh viên,Phở,Phường Phước Long
L06233,R031,2026-06-15,Phở gà,40000,39,24000,6,3,3,pickup,09:45,72000,48000,0.5,Sinh viên,Phở,Phường Phước Long
L06234,R032,2026-06-15,Cơm gà xối mỡ,45000,37,28000,5,2,3,delivery,13:00,56000,34000,0.4,Trung tâm,Cơm văn phòng,Phường Cầu Ông Lãnh
L06235,R033,2026-06-15,Cơm tấm sườn trứng,48000,43,27000,1,0,1,pickup,13:00,0,0,0.0,Dân cư đông,Cơm tấm,Phường Tân Hòa
L06236,R033,2026-06-15,Cơm tấm đặc biệt,39000,44,22000,2,1,1,pickup,13:45,22000,17000,0.5,Dân cư đông,Cơm tấm,Phường Tân Hòa
L06237,R033,2026-06-15,Cơm tấm sườn nướng,27000,49,14000,1,0,1,pickup,13:30,0,0,0.0,Dân cư đông,Cơm tấm,Phường Tân Hòa
L06238,R033,2026-06-15,Cơm tấm bì,40000,42,23000,2,1,1,pickup,13:15,23000,17000,0.5,Dân cư đông,Cơm tấm,Phường Tân Hòa
L06239,R033,2026-06-15,Cơm tấm sườn bì chả,39000,46,21000,1,0,1,pickup,13:15,0,0,0.0,Dân cư đông,Cơm tấm,Phường Tân Hòa
L06240,R034,2026-06-15,Bún bò thập cẩm,37000,33,25000,6,2,4,pickup,18:45,50000,24000,0.333,Ngoại ô,Bún bò,Xã Bình Chánh
L06241,R034,2026-06-15,Bún bò viên,50000,33,34000,6,2,4,delivery,18:45,68000,32000,0.333,Ngoại ô,Bún bò,Xã Bình Chánh
L06242,R035,2026-06-15,Bánh mì gà,22000,51,11000,1,0,1,delivery,12:45,0,0,0.0,Dân cư đông,Bánh mì,Phường Tân Sơn Nhất
L06243,R035,2026-06-15,Bánh mì xíu mại,27000,51,13000,1,0,1,delivery,12:30,0,0,0.0,Dân cư đông,Bánh mì,Phường Tân Sơn Nhất
L06244,R035,2026-06-15,Bánh mì trứng,23000,51,11000,1,0,1,delivery,12:30,0,0,0.0,Dân cư đông,Bánh mì,Phường Tân Sơn Nhất
L06245,R035,2026-06-15,Bánh mì chả lụa,21000,59,9000,1,0,1,delivery,12:15,0,0,0.0,Dân cư đông,Bánh mì,Phường Tân Sơn Nhất
L06246,R035,2026-06-15,Bánh mì thịt nguội,25000,56,11000,1,0,1,delivery,12:15,0,0,0.0,Dân cư đông,Bánh mì,Phường Tân Sơn Nhất
L06247,R036,2026-06-15,Bún bò Huế đặc biệt,46000,37,29000,4,2,2,pickup,14:30,58000,34000,0.5,Sinh viên,Bún bò,Phường Phước Long
L06248,R036,2026-06-15,Bún bò giò heo,62000,33,42000,3,1,2,delivery,14:45,42000,20000,0.333,Sinh viên,Bún bò,Phường Phước Long
L06249,R036,2026-06-15,Bún bò viên,41000,36,26000,4,2,2,pickup,14:00,52000,30000,0.5,Sinh viên,Bún bò,Phường Phước Long
L06250,R037,2026-06-15,Bún bò Huế đặc biệt,51000,42,30000,9,4,5,delivery,15:00,120000,84000,0.444,Trung tâm,Bún bò,Phường Tân Định
L06251,R038,2026-06-15,Bún bò giò heo,54000,45,30000,1,0,1,pickup,17:15,0,0,0.0,Công nhân,Bún bò,Phường Thuận Giao
L06252,R038,2026-06-15,Bún bò gân,37000,45,20000,1,0,1,pickup,17:00,0,0,0.0,Công nhân,Bún bò,Phường Thuận Giao
L06253,R039,2026-06-15,Bún riêu thập cẩm,48000,60,19000,24,21,3,delivery,09:45,399000,609000,0.875,Công nhân,Bún riêu,Phường Đông Hòa
L06254,R040,2026-06-15,Bún bò gân,43000,60,17000,2,1,1,pickup,14:00,17000,26000,0.5,Sinh viên,Bún bò,Phường Bình Trưng
L06255,R041,2026-06-15,Phở bò tái,50000,42,29000,3,1,2,pickup,15:00,29000,21000,0.333,Công nhân,Phở,Phường Tân Khánh
L06256,R041,2026-06-15,Phở bò tái nạm,37000,50,18000,3,2,1,delivery,15:45,36000,38000,0.667,Công nhân,Phở,Phường Tân Khánh
L06257,R042,2026-06-15,Cơm tấm sườn trứng,32000,54,15000,2,1,1,pickup,11:15,15000,17000,0.5,Trung tâm,Cơm tấm,Phường Tân Định
L06258,R042,2026-06-15,Cơm tấm bì,33000,58,14000,3,2,1,pickup,11:30,28000,38000,0.667,Trung tâm,Cơm tấm,Phường Tân Định
L06259,R042,2026-06-15,Cơm tấm sườn bì chả,40000,58,17000,3,1,2,delivery,11:15,17000,23000,0.333,Trung tâm,Cơm tấm,Phường Tân Định
L06260,R043,2026-06-15,Cơm gà xối mỡ,36000,60,14000,3,2,1,pickup,16:15,28000,44000,0.667,Dân cư đông,Cơm văn phòng,Phường Bảy Hiền
L06261,R043,2026-06-15,Cơm gà luộc,54000,60,22000,3,2,1,pickup,16:15,44000,64000,0.667,Dân cư đông,Cơm văn phòng,Phường Bảy Hiền
L06262,R043,2026-06-15,Cơm canh chua,38000,58,16000,2,1,1,pickup,16:00,16000,22000,0.5,Dân cư đông,Cơm văn phòng,Phường Bảy Hiền
L06263,R043,2026-06-15,Cơm sườn đậu hũ,37000,58,16000,2,1,1,pickup,16:45,16000,21000,0.5,Dân cư đông,Cơm văn phòng,Phường Bảy Hiền
L06264,R043,2026-06-15,Cơm thịt kho trứng,34000,60,14000,3,2,1,pickup,16:15,28000,40000,0.667,Dân cư đông,Cơm văn phòng,Phường Bảy Hiền
L06265,R044,2026-06-15,Hủ tiếu mì,54000,53,25000,2,1,1,pickup,13:30,25000,29000,0.5,Sinh viên,Hủ tiếu,Phường Tam Bình
L06266,R044,2026-06-15,Hủ tiếu sa tế,41000,51,20000,3,2,1,delivery,13:15,40000,42000,0.667,Sinh viên,Hủ tiếu,Phường Tam Bình
L06267,R044,2026-06-15,Hủ tiếu thập cẩm,39000,54,18000,3,2,1,delivery,13:45,36000,42000,0.667,Sinh viên,Hủ tiếu,Phường Tam Bình
L06268,R045,2026-06-15,Bún bò gân,53000,39,32000,3,1,2,pickup,17:00,32000,21000,0.333,Công nhân,Bún bò,Phường Thuận An
L06269,R045,2026-06-15,Bún bò Huế đặc biệt,53000,37,33000,5,2,3,pickup,17:00,66000,40000,0.4,Công nhân,Bún bò,Phường Thuận An
L06270,R045,2026-06-15,Bún bò viên,63000,46,34000,4,2,2,delivery,17:30,68000,58000,0.5,Công nhân,Bún bò,Phường Thuận An
L06271,R046,2026-06-15,Bánh mì thịt nguội,27000,58,11000,3,2,1,pickup,13:45,22000,32000,0.667,Sinh viên,Bánh mì,Phường Cát Lái
L06272,R046,2026-06-15,Bánh mì trứng,20000,49,10000,2,1,1,pickup,13:00,10000,10000,0.5,Sinh viên,Bánh mì,Phường Cát Lái
L06273,R046,2026-06-15,Bánh mì xíu mại,22000,59,9000,3,2,1,pickup,13:15,18000,26000,0.667,Sinh viên,Bánh mì,Phường Cát Lái
L06274,R046,2026-06-15,Bánh mì chả lụa,21000,52,10000,3,2,1,pickup,13:30,20000,22000,0.667,Sinh viên,Bánh mì,Phường Cát Lái
L06275,R046,2026-06-15,Bánh mì gà,21000,55,9000,3,2,1,pickup,13:45,18000,24000,0.667,Sinh viên,Bánh mì,Phường Cát Lái
L06276,R047,2026-06-15,Bún bò gân,57000,48,30000,25,18,7,delivery,17:15,540000,486000,0.72,Công nhân,Bún bò,Phường Tân Khánh
L06277,R048,2026-06-15,Bánh mì chả lụa,25000,49,13000,4,2,2,delivery,18:30,26000,24000,0.5,Công nhân,Bánh mì,Phường An Phú
L06278,R048,2026-06-15,Bánh mì xíu mại,23000,55,10000,4,2,2,delivery,18:30,20000,26000,0.5,Công nhân,Bánh mì,Phường An Phú
L06279,R049,2026-06-15,Phở bò chín,48000,43,27000,1,0,1,pickup,12:30,0,0,0.0,Sinh viên,Phở,Phường Thủ Đức
L06280,R049,2026-06-15,Phở bò tái,53000,45,29000,1,0,1,delivery,12:15,0,0,0.0,Sinh viên,Phở,Phường Thủ Đức
L06281,R049,2026-06-15,Phở gà,61000,45,34000,1,0,1,pickup,12:15,0,0,0.0,Sinh viên,Phở,Phường Thủ Đức
L06282,R049,2026-06-15,Phở bò viên,47000,45,26000,1,0,1,delivery,12:15,0,0,0.0,Sinh viên,Phở,Phường Thủ Đức
L06283,R050,2026-06-15,Bánh mì xíu mại,31000,44,17000,1,0,1,delivery,17:00,0,0,0.0,Ngoại ô,Bánh mì,Xã Hưng Long
L06284,R051,2026-06-15,Hủ tiếu thập cẩm,52000,54,24000,5,4,1,delivery,13:00,96000,112000,0.8,Dân cư đông,Hủ tiếu,Phường Hạnh Thông
L06285,R052,2026-06-15,Cơm tấm sườn bì chả,33000,41,19000,4,2,2,delivery,18:30,38000,28000,0.5,Dân cư đông,Cơm tấm,Phường Xóm Chiếu
L06286,R052,2026-06-15,Cơm tấm sườn trứng,35000,43,20000,3,1,2,delivery,18:00,20000,15000,0.333,Dân cư đông,Cơm tấm,Phường Xóm Chiếu
L06287,R052,2026-06-15,Cơm tấm đặc biệt,37000,38,23000,4,2,2,delivery,18:45,46000,28000,0.5,Dân cư đông,Cơm tấm,Phường Xóm Chiếu
L06288,R053,2026-06-15,Bánh mì chả lụa,28000,54,13000,3,2,1,delivery,17:15,26000,30000,0.667,Dân cư đông,Bánh mì,Phường Gia Định
L06289,R053,2026-06-15,Bánh mì trứng,23000,54,11000,4,2,2,delivery,17:15,22000,24000,0.5,Dân cư đông,Bánh mì,Phường Gia Định
L06290,R053,2026-06-15,Bánh mì gà,25000,56,11000,4,3,1,delivery,17:30,33000,42000,0.75,Dân cư đông,Bánh mì,Phường Gia Định
L06291,R053,2026-06-15,Bánh mì thịt nguội,27000,60,11000,3,2,1,delivery,17:15,22000,32000,0.667,Dân cư đông,Bánh mì,Phường Gia Định
L06292,R053,2026-06-15,Bánh mì xíu mại,20000,59,8000,4,2,2,pickup,17:15,16000,24000,0.5,Dân cư đông,Bánh mì,Phường Gia Định
L06293,R054,2026-06-15,Bánh mì gà,18000,59,7000,3,2,1,delivery,11:30,14000,22000,0.667,Công nhân,Bánh mì,Phường Bình Hòa
L06294,R054,2026-06-15,Bánh mì xíu mại,31000,51,15000,3,2,1,delivery,11:45,30000,32000,0.667,Công nhân,Bánh mì,Phường Bình Hòa
L06295,R054,2026-06-15,Bánh mì thịt nguội,28000,53,13000,4,3,1,delivery,11:30,39000,45000,0.75,Công nhân,Bánh mì,Phường Bình Hòa
L06296,R054,2026-06-15,Bánh mì chả lụa,32000,51,16000,3,2,1,delivery,11:30,32000,32000,0.667,Công nhân,Bánh mì,Phường Bình Hòa
L06297,R055,2026-06-15,Cơm tấm sườn nướng,44000,55,20000,2,1,1,delivery,12:15,20000,24000,0.5,Dân cư đông,Cơm tấm,Phường Thông Tây Hội
L06298,R055,2026-06-15,Cơm tấm sườn trứng,48000,60,19000,1,0,1,delivery,12:45,0,0,0.0,Dân cư đông,Cơm tấm,Phường Thông Tây Hội
L06299,R055,2026-06-15,Cơm tấm sườn bì chả,41000,60,16000,2,1,1,delivery,12:15,16000,25000,0.5,Dân cư đông,Cơm tấm,Phường Thông Tây Hội
L06300,R055,2026-06-15,Cơm tấm bì,30000,60,12000,2,1,1,pickup,12:00,12000,18000,0.5,Dân cư đông,Cơm tấm,Phường Thông Tây Hội
L06301,R055,2026-06-15,Cơm tấm đặc biệt,35000,60,14000,1,0,1,pickup,12:15,0,0,0.0,Dân cư đông,Cơm tấm,Phường Thông Tây Hội
L06302,R056,2026-06-15,Hủ tiếu bò kho,58000,39,35000,3,0,3,delivery,17:15,0,0,0.0,Trung tâm,Hủ tiếu,Phường Nhiêu Lộc
L06303,R056,2026-06-15,Hủ tiếu thập cẩm,36000,36,23000,5,2,3,delivery,17:15,46000,26000,0.4,Trung tâm,Hủ tiếu,Phường Nhiêu Lộc
L06304,R057,2026-06-15,Bún bò giò heo,44000,45,24000,1,0,1,pickup,18:15,0,0,0.0,Sinh viên,Bún bò,Phường Bình Trưng
L06305,R057,2026-06-15,Bún bò gân,60000,48,31000,1,0,1,pickup,18:45,0,0,0.0,Sinh viên,Bún bò,Phường Bình Trưng
L06306,R058,2026-06-15,Bánh mì thịt nguội,22000,35,14000,1,0,1,pickup,19:15,0,0,0.0,Trung tâm,Bánh mì,Phường Cầu Kiệu
L06307,R058,2026-06-15,Bánh mì gà,23000,32,16000,1,0,1,pickup,19:15,0,0,0.0,Trung tâm,Bánh mì,Phường Cầu Kiệu
L06308,R058,2026-06-15,Bánh mì xíu mại,25000,35,16000,1,0,1,pickup,19:45,0,0,0.0,Trung tâm,Bánh mì,Phường Cầu Kiệu
L06309,R058,2026-06-15,Bánh mì chả lụa,23000,30,16000,1,0,1,pickup,19:15,0,0,0.0,Trung tâm,Bánh mì,Phường Cầu Kiệu
L06310,R059,2026-06-15,Cơm tấm sườn nướng,48000,32,33000,1,0,1,delivery,14:15,0,0,0.0,Sinh viên,Cơm tấm,Phường Tam Bình
L06311,R059,2026-06-15,Cơm tấm bì,49000,33,33000,1,0,1,delivery,14:30,0,0,0.0,Sinh viên,Cơm tấm,Phường Tam Bình
L06312,R060,2026-06-15,Phở bò tái,46000,60,18000,2,1,1,delivery,10:45,18000,28000,0.5,Công nhân,Phở,Phường Tân Đông Hiệp
L06313,R061,2026-06-15,Cơm tấm sườn trứng,38000,42,22000,5,2,3,delivery,15:00,44000,32000,0.4,Sinh viên,Cơm tấm,Phường Tam Bình
L06314,R061,2026-06-15,Cơm tấm sườn nướng,37000,48,19000,4,2,2,delivery,15:45,38000,36000,0.5,Sinh viên,Cơm tấm,Phường Tam Bình
L06315,R062,2026-06-15,Phở bò tái nạm,46000,30,32000,1,0,1,delivery,10:00,0,0,0.0,Dân cư đông,Phở,Phường Hạnh Thông
L06316,R062,2026-06-15,Phở bò viên,53000,32,36000,1,0,1,delivery,10:45,0,0,0.0,Dân cư đông,Phở,Phường Hạnh Thông
L06317,R062,2026-06-15,Phở gà,48000,30,34000,1,0,1,delivery,10:30,0,0,0.0,Dân cư đông,Phở,Phường Hạnh Thông
L06318,R062,2026-06-15,Phở bò chín,44000,34,29000,1,0,1,delivery,10:30,0,0,0.0,Dân cư đông,Phở,Phường Hạnh Thông
L06319,R062,2026-06-15,Phở bò tái,41000,31,28000,1,0,1,delivery,10:15,0,0,0.0,Dân cư đông,Phở,Phường Hạnh Thông
L06320,R063,2026-06-15,Hủ tiếu thập cẩm,62000,41,37000,4,2,2,delivery,19:30,74000,50000,0.5,Công nhân,Hủ tiếu,Phường Thuận Giao
L06321,R063,2026-06-15,Hủ tiếu bò kho,49000,38,30000,4,1,3,delivery,19:30,30000,19000,0.25,Công nhân,Hủ tiếu,Phường Thuận Giao
L06322,R063,2026-06-15,Hủ tiếu sa tế,42000,41,25000,4,2,2,delivery,19:30,50000,34000,0.5,Công nhân,Hủ tiếu,Phường Thuận Giao
L06323,R064,2026-06-15,Bún bò gân,52000,38,32000,3,1,2,delivery,10:45,32000,20000,0.333,Sinh viên,Bún bò,Phường Tăng Nhơn Phú
L06324,R064,2026-06-15,Bún bò giò heo,41000,45,23000,3,1,2,delivery,10:15,23000,18000,0.333,Sinh viên,Bún bò,Phường Tăng Nhơn Phú
L06325,R064,2026-06-15,Bún bò Huế đặc biệt,36000,46,19000,3,1,2,delivery,10:45,19000,17000,0.333,Sinh viên,Bún bò,Phường Tăng Nhơn Phú
L06326,R065,2026-06-15,Cơm tấm sườn nướng,36000,55,16000,2,1,1,pickup,19:45,16000,20000,0.5,Công nhân,Cơm tấm,Phường Đông Hòa
L06327,R065,2026-06-15,Cơm tấm bì,39000,53,18000,2,1,1,pickup,19:00,18000,21000,0.5,Công nhân,Cơm tấm,Phường Đông Hòa
L06328,R065,2026-06-15,Cơm tấm đặc biệt,43000,50,22000,2,1,1,pickup,19:30,22000,21000,0.5,Công nhân,Cơm tấm,Phường Đông Hòa
L06329,R066,2026-06-15,Cơm thịt kho trứng,34000,55,15000,5,3,2,pickup,09:30,45000,57000,0.6,Sinh viên,Cơm văn phòng,Phường An Khánh
L06330,R066,2026-06-15,Cơm gà xối mỡ,50000,60,20000,5,4,1,pickup,09:45,80000,120000,0.8,Sinh viên,Cơm văn phòng,Phường An Khánh
L06331,R066,2026-06-15,Cơm gà luộc,34000,56,15000,5,3,2,pickup,09:15,45000,57000,0.6,Sinh viên,Cơm văn phòng,Phường An Khánh
L06332,R067,2026-06-15,Cơm canh chua,32000,44,18000,1,0,1,pickup,19:00,0,0,0.0,Dân cư đông,Cơm văn phòng,Phường An Hội Đông
L06333,R067,2026-06-15,Cơm thịt kho trứng,48000,47,25000,1,0,1,delivery,19:45,0,0,0.0,Dân cư đông,Cơm văn phòng,Phường An Hội Đông
L06334,R067,2026-06-15,Cơm gà xối mỡ,33000,49,17000,1,0,1,pickup,19:30,0,0,0.0,Dân cư đông,Cơm văn phòng,Phường An Hội Đông
L06335,R067,2026-06-15,Cơm gà luộc,37000,50,18000,1,0,1,delivery,19:45,0,0,0.0,Dân cư đông,Cơm văn phòng,Phường An Hội Đông
L06336,R067,2026-06-15,Cơm sườn đậu hũ,41000,51,20000,1,0,1,delivery,19:15,0,0,0.0,Dân cư đông,Cơm văn phòng,Phường An Hội Đông
L06337,R068,2026-06-15,Bún riêu cua,42000,36,27000,1,0,1,delivery,19:45,0,0,0.0,Trung tâm,Bún riêu,Phường Xuân Hòa
L06338,R068,2026-06-15,Bún riêu cua mọc,38000,38,24000,1,0,1,delivery,19:45,0,0,0.0,Trung tâm,Bún riêu,Phường Xuân Hòa
L06339,R068,2026-06-15,Bún riêu cua đồng,41000,30,29000,1,0,1,delivery,19:00,0,0,0.0,Trung tâm,Bún riêu,Phường Xuân Hòa
L06340,R069,2026-06-15,Bánh mì gà,21000,50,10000,1,0,1,delivery,20:15,0,0,0.0,Ngoại ô,Bánh mì,Xã Xuân Thới Sơn
L06341,R069,2026-06-15,Bánh mì chả lụa,25000,46,14000,1,0,1,pickup,20:00,0,0,0.0,Ngoại ô,Bánh mì,Xã Xuân Thới Sơn
L06342,R069,2026-06-15,Bánh mì trứng,30000,43,17000,1,0,1,delivery,20:45,0,0,0.0,Ngoại ô,Bánh mì,Xã Xuân Thới Sơn
L06343,R070,2026-06-15,Hủ tiếu thập cẩm,48000,55,22000,1,0,1,delivery,19:00,0,0,0.0,Dân cư đông,Hủ tiếu,Phường Gò Vấp
L06344,R070,2026-06-15,Hủ tiếu sa tế,45000,54,21000,1,0,1,delivery,19:00,0,0,0.0,Dân cư đông,Hủ tiếu,Phường Gò Vấp
L06345,R070,2026-06-15,Hủ tiếu mì,59000,60,24000,1,0,1,pickup,19:00,0,0,0.0,Dân cư đông,Hủ tiếu,Phường Gò Vấp
L06346,R070,2026-06-15,Hủ tiếu Nam Vang,53000,54,24000,1,0,1,delivery,19:15,0,0,0.0,Dân cư đông,Hủ tiếu,Phường Gò Vấp
L06347,R071,2026-06-15,Cơm tấm sườn nướng,32000,30,22000,4,2,2,pickup,11:30,44000,20000,0.5,Sinh viên,Cơm tấm,Phường Bình Trưng
L06348,R071,2026-06-15,Cơm tấm bì,48000,30,34000,3,1,2,pickup,11:30,34000,14000,0.333,Sinh viên,Cơm tấm,Phường Bình Trưng
L06349,R071,2026-06-15,Cơm tấm sườn trứng,53000,37,33000,4,1,3,pickup,11:30,33000,20000,0.25,Sinh viên,Cơm tấm,Phường Bình Trưng
L06350,R071,2026-06-15,Cơm tấm đặc biệt,38000,37,24000,3,1,2,delivery,11:00,24000,14000,0.333,Sinh viên,Cơm tấm,Phường Bình Trưng
L06351,R071,2026-06-15,Cơm tấm sườn bì chả,43000,34,28000,3,1,2,delivery,11:30,28000,15000,0.333,Sinh viên,Cơm tấm,Phường Bình Trưng
L06352,R072,2026-06-15,Cơm thịt kho trứng,38000,56,17000,4,3,1,delivery,14:00,51000,63000,0.75,Trung tâm,Cơm văn phòng,Phường Bến Thành
L06353,R072,2026-06-15,Cơm gà xối mỡ,43000,50,22000,4,2,2,pickup,14:30,44000,42000,0.5,Trung tâm,Cơm văn phòng,Phường Bến Thành
L06354,R073,2026-06-15,Bánh mì gà,29000,43,17000,2,1,1,pickup,16:45,17000,12000,0.5,Dân cư đông,Bánh mì,Phường Vĩnh Hội
L06355,R073,2026-06-15,Bánh mì trứng,24000,47,13000,2,1,1,delivery,16:30,13000,11000,0.5,Dân cư đông,Bánh mì,Phường Vĩnh Hội
L06356,R074,2026-06-15,Cơm thịt kho trứng,44000,33,29000,1,0,1,pickup,17:45,0,0,0.0,Dân cư đông,Cơm văn phòng,Phường Bình Lợi Trung
L06357,R074,2026-06-15,Cơm sườn đậu hũ,34000,31,23000,2,0,2,pickup,17:30,0,0,0.0,Dân cư đông,Cơm văn phòng,Phường Bình Lợi Trung
L06358,R074,2026-06-15,Cơm gà luộc,27000,30,19000,2,1,1,pickup,17:00,19000,8000,0.5,Dân cư đông,Cơm văn phòng,Phường Bình Lợi Trung
L06359,R074,2026-06-15,Cơm gà xối mỡ,35000,30,24000,2,1,1,pickup,17:15,24000,11000,0.5,Dân cư đông,Cơm văn phòng,Phường Bình Lợi Trung
L06360,R074,2026-06-15,Cơm canh chua,36000,34,24000,2,1,1,pickup,17:30,24000,12000,0.5,Dân cư đông,Cơm văn phòng,Phường Bình Lợi Trung
L06361,R075,2026-06-15,Cơm tấm sườn nướng,31000,45,17000,3,1,2,delivery,15:00,17000,14000,0.333,Dân cư đông,Cơm tấm,Phường Vĩnh Hội
L06362,R075,2026-06-15,Cơm tấm sườn bì chả,29000,54,13000,3,2,1,pickup,15:45,26000,32000,0.667,Dân cư đông,Cơm tấm,Phường Vĩnh Hội
L06363,R075,2026-06-15,Cơm tấm sườn trứng,52000,47,28000,4,2,2,pickup,15:15,56000,48000,0.5,Dân cư đông,Cơm tấm,Phường Vĩnh Hội
L06364,R076,2026-06-15,Phở bò chín,46000,41,27000,6,4,2,pickup,12:00,108000,76000,0.667,Dân cư đông,Phở,Phường An Nhơn
L06365,R076,2026-06-15,Phở bò tái nạm,52000,48,27000,5,3,2,pickup,12:00,81000,75000,0.6,Dân cư đông,Phở,Phường An Nhơn
L06366,R076,2026-06-15,Phở bò tái,57000,46,31000,7,4,3,pickup,12:00,124000,104000,0.571,Dân cư đông,Phở,Phường An Nhơn
L06367,R077,2026-06-15,Cơm tấm đặc biệt,32000,47,17000,3,1,2,delivery,14:15,17000,15000,0.333,Trung tâm,Cơm tấm,Phường Xuân Hòa
L06368,R077,2026-06-15,Cơm tấm sườn nướng,45000,49,23000,2,1,1,pickup,14:00,23000,22000,0.5,Trung tâm,Cơm tấm,Phường Xuân Hòa
L06369,R077,2026-06-15,Cơm tấm bì,33000,39,20000,2,1,1,pickup,14:00,20000,13000,0.5,Trung tâm,Cơm tấm,Phường Xuân Hòa
L06370,R078,2026-06-15,Bún riêu cua mọc,49000,41,29000,2,1,1,delivery,13:15,29000,20000,0.5,Công nhân,Bún riêu,Phường Tân Đông Hiệp
L06371,R078,2026-06-15,Bún riêu thập cẩm,33000,39,20000,2,1,1,delivery,13:15,20000,13000,0.5,Công nhân,Bún riêu,Phường Tân Đông Hiệp
L06372,R078,2026-06-15,Bún riêu cua đồng,51000,36,33000,2,0,2,delivery,13:15,0,0,0.0,Công nhân,Bún riêu,Phường Tân Đông Hiệp
L06373,R078,2026-06-15,Bún riêu cua,47000,37,30000,2,0,2,delivery,13:45,0,0,0.0,Công nhân,Bún riêu,Phường Tân Đông Hiệp
L06374,R079,2026-06-15,Cơm tấm đặc biệt,47000,40,28000,8,4,4,delivery,16:45,112000,76000,0.5,Sinh viên,Cơm tấm,Phường Bình Trưng
L06375,R080,2026-06-15,Cơm tấm sườn trứng,37000,46,20000,1,0,1,pickup,09:15,0,0,0.0,Dân cư đông,Cơm tấm,Phường An Hội Đông
L06376,R080,2026-06-15,Cơm tấm bì,39000,45,21000,2,1,1,pickup,09:30,21000,18000,0.5,Dân cư đông,Cơm tấm,Phường An Hội Đông
L06377,R080,2026-06-15,Cơm tấm sườn bì chả,26000,51,13000,1,0,1,delivery,09:15,0,0,0.0,Dân cư đông,Cơm tấm,Phường An Hội Đông
L06378,R080,2026-06-15,Cơm tấm sườn nướng,35000,47,19000,1,0,1,pickup,09:00,0,0,0.0,Dân cư đông,Cơm tấm,Phường An Hội Đông
L06379,R080,2026-06-15,Cơm tấm đặc biệt,45000,47,24000,1,0,1,delivery,09:00,0,0,0.0,Dân cư đông,Cơm tấm,Phường An Hội Đông
L06380,R081,2026-06-15,Bún riêu cua đồng,45000,59,18000,3,2,1,pickup,09:30,36000,54000,0.667,Công nhân,Bún riêu,Phường Đông Hòa
L06381,R081,2026-06-15,Bún riêu cua,40000,51,20000,4,3,1,pickup,09:15,60000,60000,0.75,Công nhân,Bún riêu,Phường Đông Hòa
L06382,R081,2026-06-15,Bún riêu thập cẩm,45000,58,19000,3,2,1,pickup,09:30,38000,52000,0.667,Công nhân,Bún riêu,Phường Đông Hòa
L06383,R081,2026-06-15,Bún riêu cua mọc,39000,54,18000,4,2,2,pickup,09:00,36000,42000,0.5,Công nhân,Bún riêu,Phường Đông Hòa
L06384,R082,2026-06-15,Hủ tiếu Nam Vang,50000,52,24000,9,8,1,delivery,19:15,192000,208000,0.889,Sinh viên,Hủ tiếu,Phường Tăng Nhơn Phú
L06385,R082,2026-06-15,Hủ tiếu thập cẩm,46000,55,21000,10,8,2,delivery,19:30,168000,200000,0.8,Sinh viên,Hủ tiếu,Phường Tăng Nhơn Phú
L06386,R083,2026-06-15,Cơm tấm sườn bì chả,32000,34,21000,1,0,1,delivery,14:45,0,0,0.0,Trung tâm,Cơm tấm,Phường Sài Gòn
L06387,R083,2026-06-15,Cơm tấm sườn trứng,45000,34,30000,2,0,2,pickup,14:15,0,0,0.0,Trung tâm,Cơm tấm,Phường Sài Gòn
L06388,R083,2026-06-15,Cơm tấm sườn nướng,36000,36,23000,1,0,1,pickup,14:15,0,0,0.0,Trung tâm,Cơm tấm,Phường Sài Gòn
L06389,R084,2026-06-15,Bún riêu cua đồng,40000,37,25000,1,0,1,delivery,18:30,0,0,0.0,Sinh viên,Bún riêu,Phường Hiệp Bình
L06390,R085,2026-06-15,Bánh mì gà,28000,60,11000,16,11,5,pickup,20:45,121000,187000,0.688,Sinh viên,Bánh mì,Phường Tăng Nhơn Phú
L06391,R086,2026-06-15,Phở gà,54000,55,24000,1,0,1,delivery,10:45,0,0,0.0,Dân cư đông,Phở,Phường Tân Sơn Nhất
L06392,R086,2026-06-15,Phở bò tái,42000,56,18000,1,0,1,delivery,10:30,0,0,0.0,Dân cư đông,Phở,Phường Tân Sơn Nhất
L06393,R086,2026-06-15,Phở bò viên,42000,57,18000,1,0,1,delivery,10:30,0,0,0.0,Dân cư đông,Phở,Phường Tân Sơn Nhất
L06394,R086,2026-06-15,Phở bò chín,59000,53,28000,1,0,1,delivery,10:30,0,0,0.0,Dân cư đông,Phở,Phường Tân Sơn Nhất
L06395,R086,2026-06-15,Phở bò tái nạm,62000,50,31000,1,0,1,delivery,10:15,0,0,0.0,Dân cư đông,Phở,Phường Tân Sơn Nhất
L06396,R087,2026-06-15,Phở bò viên,56000,38,35000,15,5,10,pickup,13:15,175000,105000,0.333,Công nhân,Phở,Phường Thuận An
L06397,R087,2026-06-15,Phở bò tái nạm,47000,30,33000,13,4,9,pickup,13:00,132000,56000,0.308,Công nhân,Phở,Phường Thuận An
L06398,R088,2026-06-15,Cơm tấm sườn bì chả,40000,54,18000,2,1,1,pickup,09:30,18000,22000,0.5,Dân cư đông,Cơm tấm,Phường Gò Vấp
L06399,R088,2026-06-15,Cơm tấm sườn trứng,34000,56,15000,3,2,1,delivery,09:15,30000,38000,0.667,Dân cư đông,Cơm tấm,Phường Gò Vấp
L06400,R088,2026-06-15,Cơm tấm bì,37000,60,15000,3,2,1,pickup,09:15,30000,44000,0.667,Dân cư đông,Cơm tấm,Phường Gò Vấp
L06401,R088,2026-06-15,Cơm tấm sườn nướng,41000,56,18000,3,1,2,delivery,09:00,18000,23000,0.333,Dân cư đông,Cơm tấm,Phường Gò Vấp
L06402,R088,2026-06-15,Cơm tấm đặc biệt,33000,54,15000,2,1,1,delivery,09:15,15000,18000,0.5,Dân cư đông,Cơm tấm,Phường Gò Vấp
L06403,R089,2026-06-15,Hủ tiếu thập cẩm,50000,39,30000,1,0,1,pickup,15:30,0,0,0.0,Công nhân,Hủ tiếu,Phường Đông Hòa
L06404,R089,2026-06-15,Hủ tiếu sa tế,48000,32,33000,1,0,1,pickup,15:00,0,0,0.0,Công nhân,Hủ tiếu,Phường Đông Hòa
L06405,R089,2026-06-15,Hủ tiếu bò kho,53000,33,36000,1,0,1,pickup,15:30,0,0,0.0,Công nhân,Hủ tiếu,Phường Đông Hòa
L06406,R089,2026-06-15,Hủ tiếu Nam Vang,47000,39,29000,1,0,1,pickup,15:45,0,0,0.0,Công nhân,Hủ tiếu,Phường Đông Hòa
L06407,R090,2026-06-15,Hủ tiếu bò kho,45000,38,28000,15,7,8,pickup,09:45,196000,119000,0.467,Sinh viên,Hủ tiếu,Phường Thủ Đức
L06408,R091,2026-06-15,Bánh mì thịt nguội,24000,60,10000,3,2,1,delivery,12:00,20000,28000,0.667,Dân cư đông,Bánh mì,Phường Xóm Chiếu
L06409,R092,2026-06-15,Cơm tấm sườn bì chả,52000,33,35000,2,0,2,delivery,17:45,0,0,0.0,Dân cư đông,Cơm tấm,Phường Gia Định
L06410,R092,2026-06-15,Cơm tấm bì,28000,34,18000,2,0,2,pickup,17:00,0,0,0.0,Dân cư đông,Cơm tấm,Phường Gia Định
L06411,R092,2026-06-15,Cơm tấm đặc biệt,42000,35,27000,3,1,2,pickup,17:45,27000,15000,0.333,Dân cư đông,Cơm tấm,Phường Gia Định
L06412,R092,2026-06-15,Cơm tấm sườn nướng,31000,33,21000,3,1,2,delivery,17:00,21000,10000,0.333,Dân cư đông,Cơm tấm,Phường Gia Định
L06413,R092,2026-06-15,Cơm tấm sườn trứng,31000,39,19000,2,1,1,pickup,17:15,19000,12000,0.5,Dân cư đông,Cơm tấm,Phường Gia Định
L06414,R093,2026-06-15,Phở bò viên,54000,41,32000,6,3,3,delivery,09:45,96000,66000,0.5,Công nhân,Phở,Phường Tân Đông Hiệp
L06415,R093,2026-06-15,Phở bò chín,60000,37,38000,5,1,4,delivery,09:45,38000,22000,0.2,Công nhân,Phở,Phường Tân Đông Hiệp
L06416,R093,2026-06-15,Phở bò tái,43000,40,26000,6,4,2,delivery,09:00,104000,68000,0.667,Công nhân,Phở,Phường Tân Đông Hiệp
L06417,R093,2026-06-15,Phở bò tái nạm,51000,34,34000,5,1,4,pickup,09:45,34000,17000,0.2,Công nhân,Phở,Phường Tân Đông Hiệp
L06418,R094,2026-06-15,Hủ tiếu sa tế,49000,57,21000,9,6,3,pickup,12:30,126000,168000,0.667,Dân cư đông,Hủ tiếu,Phường Bình Lợi Trung
L06419,R095,2026-06-15,Cơm tấm sườn trứng,34000,57,15000,2,1,1,pickup,14:00,15000,19000,0.5,Công nhân,Cơm tấm,Phường Lái Thiêu
L06420,R095,2026-06-15,Cơm tấm sườn nướng,32000,59,13000,2,1,1,pickup,14:15,13000,19000,0.5,Công nhân,Cơm tấm,Phường Lái Thiêu
L06421,R095,2026-06-15,Cơm tấm sườn bì chả,40000,56,18000,2,1,1,pickup,14:45,18000,22000,0.5,Công nhân,Cơm tấm,Phường Lái Thiêu
L06422,R095,2026-06-15,Cơm tấm đặc biệt,35000,56,15000,2,1,1,delivery,14:30,15000,20000,0.5,Công nhân,Cơm tấm,Phường Lái Thiêu
L06423,R096,2026-06-15,Cơm sườn đậu hũ,34000,42,20000,9,6,3,pickup,14:00,120000,84000,0.667,Công nhân,Cơm văn phòng,Phường Lái Thiêu
L06424,R096,2026-06-15,Cơm canh chua,50000,43,28000,11,7,4,pickup,14:00,196000,154000,0.636,Công nhân,Cơm văn phòng,Phường Lái Thiêu
L06425,R097,2026-06-15,Hủ tiếu bò kho,41000,57,18000,3,2,1,pickup,20:00,36000,46000,0.667,Công nhân,Hủ tiếu,Phường Tân Đông Hiệp
L06426,R097,2026-06-15,Hủ tiếu mì,45000,49,23000,2,1,1,delivery,20:15,23000,22000,0.5,Công nhân,Hủ tiếu,Phường Tân Đông Hiệp
L06427,R097,2026-06-15,Hủ tiếu thập cẩm,60000,50,30000,3,2,1,pickup,20:45,60000,60000,0.667,Công nhân,Hủ tiếu,Phường Tân Đông Hiệp
L06428,R098,2026-06-15,Bún riêu thập cẩm,44000,35,29000,3,1,2,delivery,16:15,29000,15000,0.333,Trung tâm,Bún riêu,Phường Xuân Hòa
L06429,R099,2026-06-15,Cơm canh chua,36000,59,15000,1,0,1,pickup,09:15,0,0,0.0,Sinh viên,Cơm văn phòng,Phường An Khánh
L06430,R099,2026-06-15,Cơm thịt kho trứng,35000,56,15000,1,0,1,pickup,09:45,0,0,0.0,Sinh viên,Cơm văn phòng,Phường An Khánh
L06431,R099,2026-06-15,Cơm gà xối mỡ,36000,60,14000,1,0,1,pickup,09:00,0,0,0.0,Sinh viên,Cơm văn phòng,Phường An Khánh
L06432,R099,2026-06-15,Cơm gà luộc,33000,56,15000,1,0,1,pickup,09:15,0,0,0.0,Sinh viên,Cơm văn phòng,Phường An Khánh
L06433,R099,2026-06-15,Cơm sườn đậu hũ,43000,57,18000,1,0,1,pickup,09:45,0,0,0.0,Sinh viên,Cơm văn phòng,Phường An Khánh
L06434,R100,2026-06-15,Hủ tiếu Nam Vang,51000,42,30000,2,1,1,delivery,15:15,30000,21000,0.5,Trung tâm,Hủ tiếu,Phường Tân Định
L06435,R100,2026-06-15,Hủ tiếu sa tế,55000,41,32000,3,2,1,delivery,15:00,64000,46000,0.667,Trung tâm,Hủ tiếu,Phường Tân Định
L06436,R101,2026-06-15,Phở bò tái nạm,42000,30,29000,1,0,1,pickup,09:15,0,0,0.0,Công nhân,Phở,Phường Bình Hòa
L06437,R101,2026-06-15,Phở gà,46000,30,32000,1,0,1,pickup,09:00,0,0,0.0,Công nhân,Phở,Phường Bình Hòa
L06438,R101,2026-06-15,Phở bò chín,53000,36,34000,1,0,1,pickup,09:30,0,0,0.0,Công nhân,Phở,Phường Bình Hòa
L06439,R102,2026-06-15,Bún bò gân,56000,52,27000,1,0,1,delivery,15:00,0,0,0.0,Sinh viên,Bún bò,Phường Thủ Đức
L06440,R102,2026-06-15,Bún bò Huế đặc biệt,43000,50,22000,1,0,1,delivery,15:30,0,0,0.0,Sinh viên,Bún bò,Phường Thủ Đức
L06441,R102,2026-06-15,Bún bò viên,58000,50,29000,1,0,1,pickup,15:30,0,0,0.0,Sinh viên,Bún bò,Phường Thủ Đức
L06442,R102,2026-06-15,Bún bò giò heo,42000,49,21000,1,0,1,delivery,15:30,0,0,0.0,Sinh viên,Bún bò,Phường Thủ Đức
L06443,R103,2026-06-15,Cơm canh chua,32000,40,19000,6,3,3,delivery,11:00,57000,39000,0.5,Công nhân,Cơm văn phòng,Phường Đông Hòa
L06444,R103,2026-06-15,Cơm gà luộc,42000,31,29000,6,1,5,delivery,11:45,29000,13000,0.167,Công nhân,Cơm văn phòng,Phường Đông Hòa
L06445,R103,2026-06-15,Cơm gà xối mỡ,32000,39,20000,6,2,4,pickup,11:30,40000,24000,0.333,Công nhân,Cơm văn phòng,Phường Đông Hòa
L06446,R104,2026-06-15,Bánh mì xíu mại,28000,53,13000,1,0,1,pickup,19:30,0,0,0.0,Dân cư đông,Bánh mì,Phường Thông Tây Hội
L06447,R104,2026-06-15,Bánh mì gà,21000,53,10000,1,0,1,pickup,19:15,0,0,0.0,Dân cư đông,Bánh mì,Phường Thông Tây Hội
L06448,R104,2026-06-15,Bánh mì trứng,17000,54,8000,1,0,1,pickup,19:30,0,0,0.0,Dân cư đông,Bánh mì,Phường Thông Tây Hội
L06449,R104,2026-06-15,Bánh mì thịt nguội,16000,54,7000,1,0,1,pickup,19:30,0,0,0.0,Dân cư đông,Bánh mì,Phường Thông Tây Hội
L06450,R104,2026-06-15,Bánh mì chả lụa,27000,52,13000,1,0,1,pickup,19:15,0,0,0.0,Dân cư đông,Bánh mì,Phường Thông Tây Hội
L06451,R105,2026-06-15,Bánh mì xíu mại,18000,35,12000,6,3,3,pickup,16:30,36000,18000,0.5,Sinh viên,Bánh mì,Phường Tam Bình
L06452,R105,2026-06-15,Bánh mì gà,24000,38,15000,6,2,4,pickup,16:15,30000,18000,0.333,Sinh viên,Bánh mì,Phường Tam Bình
L06453,R106,2026-06-15,Phở bò tái,40000,56,18000,6,4,2,pickup,11:15,72000,88000,0.667,Công nhân,Phở,Phường An Phú
L06454,R106,2026-06-15,Phở bò viên,43000,52,21000,6,4,2,pickup,11:30,84000,88000,0.667,Công nhân,Phở,Phường An Phú
L06455,R106,2026-06-15,Phở bò tái nạm,45000,55,20000,6,5,1,pickup,11:30,100000,125000,0.833,Công nhân,Phở,Phường An Phú
L06456,R107,2026-06-15,Hủ tiếu thập cẩm,57000,41,34000,13,7,6,pickup,09:45,238000,161000,0.538,Dân cư đông,Hủ tiếu,Phường Gò Vấp
L06457,R108,2026-06-15,Cơm tấm đặc biệt,29000,47,15000,4,2,2,delivery,16:15,30000,28000,0.5,Sinh viên,Cơm tấm,Phường Thủ Đức
L06458,R108,2026-06-15,Cơm tấm sườn nướng,41000,49,21000,3,1,2,delivery,16:00,21000,20000,0.333,Sinh viên,Cơm tấm,Phường Thủ Đức
L06459,R108,2026-06-15,Cơm tấm bì,36000,48,19000,3,2,1,pickup,16:15,38000,34000,0.667,Sinh viên,Cơm tấm,Phường Thủ Đức
L06460,R108,2026-06-15,Cơm tấm sườn bì chả,33000,46,18000,4,2,2,delivery,16:45,36000,30000,0.5,Sinh viên,Cơm tấm,Phường Thủ Đức
L06461,R109,2026-06-15,Hủ tiếu bò kho,48000,59,20000,1,0,1,pickup,11:45,0,0,0.0,Trung tâm,Hủ tiếu,Phường Sài Gòn
L06462,R109,2026-06-15,Hủ tiếu Nam Vang,43000,57,18000,1,0,1,pickup,11:30,0,0,0.0,Trung tâm,Hủ tiếu,Phường Sài Gòn
L06463,R109,2026-06-15,Hủ tiếu mì,43000,60,17000,1,0,1,delivery,11:30,0,0,0.0,Trung tâm,Hủ tiếu,Phường Sài Gòn
L06464,R110,2026-06-15,Phở bò viên,54000,60,22000,3,2,1,delivery,10:45,44000,64000,0.667,Sinh viên,Phở,Phường Hiệp Bình
L06465,R110,2026-06-15,Phở gà,39000,60,16000,3,2,1,pickup,10:15,32000,46000,0.667,Sinh viên,Phở,Phường Hiệp Bình
L06466,R111,2026-06-15,Bánh mì trứng,20000,53,9000,4,3,1,delivery,09:45,27000,33000,0.75,Sinh viên,Bánh mì,Phường Long Bình
L06467,R112,2026-06-15,Hủ tiếu bò kho,43000,49,22000,1,0,1,delivery,11:00,0,0,0.0,Dân cư đông,Hủ tiếu,Phường Gò Vấp
L06468,R112,2026-06-15,Hủ tiếu sa tế,45000,50,22000,1,0,1,delivery,11:00,0,0,0.0,Dân cư đông,Hủ tiếu,Phường Gò Vấp
L06469,R112,2026-06-15,Hủ tiếu mì,41000,45,23000,1,0,1,delivery,11:15,0,0,0.0,Dân cư đông,Hủ tiếu,Phường Gò Vấp
L06470,R112,2026-06-15,Hủ tiếu Nam Vang,49000,50,24000,1,0,1,delivery,11:45,0,0,0.0,Dân cư đông,Hủ tiếu,Phường Gò Vấp
L06471,R112,2026-06-15,Hủ tiếu thập cẩm,50000,47,26000,1,0,1,delivery,11:00,0,0,0.0,Dân cư đông,Hủ tiếu,Phường Gò Vấp
L06472,R113,2026-06-15,Bánh mì chả lụa,18000,51,9000,1,0,1,delivery,10:00,0,0,0.0,Dân cư đông,Bánh mì,Phường Tân Hòa
L06473,R113,2026-06-15,Bánh mì trứng,18000,53,8000,1,0,1,delivery,10:30,0,0,0.0,Dân cư đông,Bánh mì,Phường Tân Hòa
L06474,R113,2026-06-15,Bánh mì thịt nguội,27000,53,13000,1,0,1,delivery,10:15,0,0,0.0,Dân cư đông,Bánh mì,Phường Tân Hòa
L06475,R113,2026-06-15,Bánh mì gà,31000,44,17000,1,0,1,delivery,10:30,0,0,0.0,Dân cư đông,Bánh mì,Phường Tân Hòa
L06476,R113,2026-06-15,Bánh mì xíu mại,21000,44,12000,1,0,1,delivery,10:45,0,0,0.0,Dân cư đông,Bánh mì,Phường Tân Hòa
L06477,R114,2026-06-15,Cơm gà luộc,38000,44,21000,1,0,1,pickup,10:00,0,0,0.0,Công nhân,Cơm văn phòng,Phường Bình Hòa
L06478,R114,2026-06-15,Cơm canh chua,43000,37,27000,1,0,1,delivery,10:15,0,0,0.0,Công nhân,Cơm văn phòng,Phường Bình Hòa
L06479,R114,2026-06-15,Cơm thịt kho trứng,30000,42,17000,1,0,1,pickup,10:00,0,0,0.0,Công nhân,Cơm văn phòng,Phường Bình Hòa
L06480,R114,2026-06-15,Cơm gà xối mỡ,38000,40,23000,1,0,1,pickup,10:30,0,0,0.0,Công nhân,Cơm văn phòng,Phường Bình Hòa
L06481,R115,2026-06-15,Cơm tấm sườn bì chả,37000,45,20000,1,0,1,delivery,14:30,0,0,0.0,Dân cư đông,Cơm tấm,Phường Khánh Hội
L06482,R115,2026-06-15,Cơm tấm đặc biệt,42000,41,25000,1,0,1,delivery,14:00,0,0,0.0,Dân cư đông,Cơm tấm,Phường Khánh Hội
L06483,R116,2026-06-15,Cơm gà luộc,47000,42,27000,2,1,1,pickup,20:45,27000,20000,0.5,Dân cư đông,Cơm văn phòng,Phường Bình Lợi Trung
L06484,R116,2026-06-15,Cơm canh chua,35000,38,22000,2,0,2,delivery,20:00,0,0,0.0,Dân cư đông,Cơm văn phòng,Phường Bình Lợi Trung
L06485,R117,2026-06-15,Bánh mì chả lụa,17000,39,10000,1,0,1,delivery,09:45,0,0,0.0,Sinh viên,Bánh mì,Phường Hiệp Bình
L06486,R117,2026-06-15,Bánh mì gà,31000,36,20000,1,0,1,delivery,09:30,0,0,0.0,Sinh viên,Bánh mì,Phường Hiệp Bình
L06487,R117,2026-06-15,Bánh mì xíu mại,17000,40,10000,1,0,1,delivery,09:00,0,0,0.0,Sinh viên,Bánh mì,Phường Hiệp Bình
L06488,R118,2026-06-15,Bánh mì xíu mại,28000,32,19000,4,2,2,pickup,10:30,38000,18000,0.5,Dân cư đông,Bánh mì,Phường Gò Vấp
L06489,R118,2026-06-15,Bánh mì thịt nguội,32000,31,22000,3,1,2,pickup,10:00,22000,10000,0.333,Dân cư đông,Bánh mì,Phường Gò Vấp
L06490,R118,2026-06-15,Bánh mì chả lụa,27000,34,18000,3,1,2,pickup,10:45,18000,9000,0.333,Dân cư đông,Bánh mì,Phường Gò Vấp
L06491,R119,2026-06-15,Bún bò viên,39000,52,19000,5,4,1,pickup,14:30,76000,80000,0.8,Công nhân,Bún bò,Phường Đông Hòa
L06492,R120,2026-06-15,Bún bò gân,52000,58,22000,1,0,1,pickup,11:00,0,0,0.0,Dân cư đông,Bún bò,Phường Hạnh Thông
L06493,R120,2026-06-15,Bún bò Huế đặc biệt,45000,56,20000,1,0,1,pickup,11:15,0,0,0.0,Dân cư đông,Bún bò,Phường Hạnh Thông
L06494,R120,2026-06-15,Bún bò giò heo,46000,50,23000,1,0,1,pickup,11:30,0,0,0.0,Dân cư đông,Bún bò,Phường Hạnh Thông
L06495,R120,2026-06-15,Bún bò viên,46000,55,21000,2,1,1,pickup,11:15,21000,25000,0.5,Dân cư đông,Bún bò,Phường Hạnh Thông
L06496,R120,2026-06-15,Bún bò thập cẩm,40000,57,17000,1,0,1,pickup,11:00,0,0,0.0,Dân cư đông,Bún bò,Phường Hạnh Thông
L06497,R121,2026-06-15,Cơm sườn đậu hũ,43000,34,28000,1,0,1,pickup,12:45,0,0,0.0,Dân cư đông,Cơm văn phòng,Phường Gò Vấp
L06498,R121,2026-06-15,Cơm canh chua,34000,39,21000,1,0,1,pickup,12:45,0,0,0.0,Dân cư đông,Cơm văn phòng,Phường Gò Vấp
L06499,R121,2026-06-15,Cơm gà luộc,40000,38,25000,1,0,1,pickup,12:45,0,0,0.0,Dân cư đông,Cơm văn phòng,Phường Gò Vấp
L06500,R121,2026-06-15,Cơm thịt kho trứng,45000,33,30000,1,0,1,pickup,12:15,0,0,0.0,Dân cư đông,Cơm văn phòng,Phường Gò Vấp
L06501,R121,2026-06-15,Cơm gà xối mỡ,47000,38,29000,1,0,1,pickup,12:00,0,0,0.0,Dân cư đông,Cơm văn phòng,Phường Gò Vấp
L06502,R122,2026-06-15,Bún riêu cua,44000,50,22000,5,4,1,pickup,09:15,88000,88000,0.8,Sinh viên,Bún riêu,Phường Linh Xuân
L06503,R123,2026-06-15,Cơm gà xối mỡ,42000,54,19000,14,10,4,pickup,16:45,190000,230000,0.714,Sinh viên,Cơm văn phòng,Phường Bình Trưng
L06504,R124,2026-06-15,Bún bò Huế đặc biệt,56000,30,39000,2,0,2,delivery,15:45,0,0,0.0,Sinh viên,Bún bò,Phường Cát Lái
L06505,R124,2026-06-15,Bún bò giò heo,45000,30,31000,3,1,2,pickup,15:45,31000,14000,0.333,Sinh viên,Bún bò,Phường Cát Lái
L06506,R124,2026-06-15,Bún bò thập cẩm,53000,36,34000,2,0,2,delivery,15:45,0,0,0.0,Sinh viên,Bún bò,Phường Cát Lái
L06507,R124,2026-06-15,Bún bò viên,56000,34,37000,2,0,2,pickup,15:45,0,0,0.0,Sinh viên,Bún bò,Phường Cát Lái
L06508,R124,2026-06-15,Bún bò gân,60000,32,41000,2,1,1,delivery,15:15,41000,19000,0.5,Sinh viên,Bún bò,Phường Cát Lái
L06509,R125,2026-06-15,Bánh mì trứng,26000,53,12000,3,2,1,delivery,15:30,24000,28000,0.667,Công nhân,Bánh mì,Phường Lái Thiêu
L06510,R125,2026-06-15,Bánh mì gà,19000,50,10000,3,2,1,delivery,15:45,20000,18000,0.667,Công nhân,Bánh mì,Phường Lái Thiêu
L06511,R126,2026-06-15,Phở bò chín,48000,39,29000,3,1,2,delivery,11:15,29000,19000,0.333,Dân cư đông,Phở,Phường Gò Vấp
L06512,R126,2026-06-15,Phở bò viên,43000,35,28000,2,0,2,delivery,11:30,0,0,0.0,Dân cư đông,Phở,Phường Gò Vấp
L06513,R126,2026-06-15,Phở gà,59000,35,38000,2,0,2,delivery,11:30,0,0,0.0,Dân cư đông,Phở,Phường Gò Vấp
L06514,R126,2026-06-15,Phở bò tái nạm,38000,36,24000,3,1,2,delivery,11:00,24000,14000,0.333,Dân cư đông,Phở,Phường Gò Vấp
L06515,R126,2026-06-15,Phở bò tái,40000,33,27000,2,0,2,delivery,11:30,0,0,0.0,Dân cư đông,Phở,Phường Gò Vấp
L06516,R127,2026-06-15,Cơm gà luộc,43000,34,28000,2,0,2,delivery,18:00,0,0,0.0,Dân cư đông,Cơm văn phòng,Phường Tân Sơn Nhất
L06517,R127,2026-06-15,Cơm gà xối mỡ,34000,32,23000,2,0,2,delivery,18:30,0,0,0.0,Dân cư đông,Cơm văn phòng,Phường Tân Sơn Nhất
L06518,R127,2026-06-15,Cơm sườn đậu hũ,33000,33,22000,2,0,2,delivery,18:45,0,0,0.0,Dân cư đông,Cơm văn phòng,Phường Tân Sơn Nhất
L06519,R127,2026-06-15,Cơm canh chua,41000,32,28000,2,0,2,delivery,18:00,0,0,0.0,Dân cư đông,Cơm văn phòng,Phường Tân Sơn Nhất
L06520,R127,2026-06-15,Cơm thịt kho trứng,42000,35,27000,2,0,2,delivery,18:00,0,0,0.0,Dân cư đông,Cơm văn phòng,Phường Tân Sơn Nhất
L06521,R128,2026-06-15,Bánh mì xíu mại,27000,37,17000,4,2,2,pickup,18:45,34000,20000,0.5,Trung tâm,Bánh mì,Phường Đức Nhuận
L06522,R128,2026-06-15,Bánh mì chả lụa,20000,30,14000,3,1,2,delivery,18:00,14000,6000,0.333,Trung tâm,Bánh mì,Phường Đức Nhuận
L06523,R129,2026-06-15,Phở bò tái,41000,47,22000,2,1,1,pickup,11:15,22000,19000,0.5,Công nhân,Phở,Phường Dĩ An
L06524,R129,2026-06-15,Phở bò tái nạm,43000,47,23000,2,1,1,pickup,11:00,23000,20000,0.5,Công nhân,Phở,Phường Dĩ An
L06525,R129,2026-06-15,Phở bò chín,44000,56,19000,2,1,1,pickup,11:30,19000,25000,0.5,Công nhân,Phở,Phường Dĩ An
L06526,R130,2026-06-15,Phở bò viên,46000,45,25000,3,1,2,delivery,10:15,25000,21000,0.333,Công nhân,Phở,Phường Lái Thiêu
L06527,R130,2026-06-15,Phở bò chín,41000,49,21000,3,2,1,delivery,10:45,42000,40000,0.667,Công nhân,Phở,Phường Lái Thiêu
L06528,R130,2026-06-15,Phở bò tái,44000,46,24000,4,2,2,delivery,10:15,48000,40000,0.5,Công nhân,Phở,Phường Lái Thiêu
L06529,R130,2026-06-15,Phở gà,48000,49,24000,3,2,1,delivery,10:00,48000,48000,0.667,Công nhân,Phở,Phường Lái Thiêu
L06530,R131,2026-06-15,Bún bò thập cẩm,49000,55,22000,1,0,1,pickup,20:15,0,0,0.0,Sinh viên,Bún bò,Phường Phước Long
L06531,R131,2026-06-15,Bún bò Huế đặc biệt,43000,56,19000,1,0,1,delivery,20:00,0,0,0.0,Sinh viên,Bún bò,Phường Phước Long
L06532,R131,2026-06-15,Bún bò giò heo,46000,52,22000,1,0,1,pickup,20:45,0,0,0.0,Sinh viên,Bún bò,Phường Phước Long
L06533,R131,2026-06-15,Bún bò viên,45000,54,21000,1,0,1,delivery,20:00,0,0,0.0,Sinh viên,Bún bò,Phường Phước Long
L06534,R132,2026-06-15,Cơm sườn đậu hũ,44000,43,25000,3,2,1,delivery,09:45,50000,38000,0.667,Sinh viên,Cơm văn phòng,Phường Linh Xuân
L06535,R132,2026-06-15,Cơm gà luộc,44000,51,22000,3,2,1,delivery,09:00,44000,44000,0.667,Sinh viên,Cơm văn phòng,Phường Linh Xuân
L06536,R132,2026-06-15,Cơm thịt kho trứng,39000,43,22000,4,2,2,delivery,09:45,44000,34000,0.5,Sinh viên,Cơm văn phòng,Phường Linh Xuân
L06537,R133,2026-06-15,Hủ tiếu bò kho,46000,37,29000,14,5,9,delivery,15:15,145000,85000,0.357,Sinh viên,Hủ tiếu,Phường Cát Lái
L06538,R134,2026-06-15,Cơm tấm đặc biệt,47000,31,32000,1,0,1,delivery,15:45,0,0,0.0,Dân cư đông,Cơm tấm,Phường An Nhơn
L06539,R134,2026-06-15,Cơm tấm bì,39000,30,27000,1,0,1,pickup,15:30,0,0,0.0,Dân cư đông,Cơm tấm,Phường An Nhơn
L06540,R134,2026-06-15,Cơm tấm sườn trứng,51000,33,34000,1,0,1,delivery,15:00,0,0,0.0,Dân cư đông,Cơm tấm,Phường An Nhơn
L06541,R135,2026-06-15,Bún bò giò heo,49000,48,25000,6,3,3,pickup,20:30,75000,72000,0.5,Sinh viên,Bún bò,Phường Cát Lái
L06542,R135,2026-06-15,Bún bò Huế đặc biệt,40000,54,18000,5,4,1,pickup,20:30,72000,88000,0.8,Sinh viên,Bún bò,Phường Cát Lái
L06543,R135,2026-06-15,Bún bò thập cẩm,57000,51,28000,5,4,1,pickup,20:30,112000,116000,0.8,Sinh viên,Bún bò,Phường Cát Lái
L06544,R136,2026-06-15,Bún bò gân,57000,53,27000,7,5,2,delivery,10:00,135000,150000,0.714,Công nhân,Bún bò,Phường Đông Hòa
L06545,R136,2026-06-15,Bún bò Huế đặc biệt,43000,50,22000,6,4,2,pickup,10:00,88000,84000,0.667,Công nhân,Bún bò,Phường Đông Hòa
L06546,R136,2026-06-15,Bún bò viên,62000,51,30000,8,5,3,delivery,10:15,150000,160000,0.625,Công nhân,Bún bò,Phường Đông Hòa
L06547,R137,2026-06-15,Hủ tiếu thập cẩm,57000,49,29000,1,0,1,delivery,15:45,0,0,0.0,Dân cư đông,Hủ tiếu,Phường Tân Sơn Nhất
L06548,R137,2026-06-15,Hủ tiếu sa tế,55000,46,30000,1,0,1,delivery,15:45,0,0,0.0,Dân cư đông,Hủ tiếu,Phường Tân Sơn Nhất
L06549,R137,2026-06-15,Hủ tiếu bò kho,39000,49,20000,1,0,1,delivery,15:00,0,0,0.0,Dân cư đông,Hủ tiếu,Phường Tân Sơn Nhất
L06550,R137,2026-06-15,Hủ tiếu mì,43000,48,22000,1,0,1,delivery,15:30,0,0,0.0,Dân cư đông,Hủ tiếu,Phường Tân Sơn Nhất
L06551,R137,2026-06-15,Hủ tiếu Nam Vang,43000,51,21000,1,0,1,delivery,15:15,0,0,0.0,Dân cư đông,Hủ tiếu,Phường Tân Sơn Nhất
L06552,R138,2026-06-15,Cơm tấm sườn trứng,27000,60,11000,1,0,1,delivery,16:15,0,0,0.0,Công nhân,Cơm tấm,Phường Đông Hòa
L06553,R138,2026-06-15,Cơm tấm bì,36000,57,15000,1,0,1,delivery,16:15,0,0,0.0,Công nhân,Cơm tấm,Phường Đông Hòa
L06554,R138,2026-06-15,Cơm tấm sườn bì chả,44000,60,18000,1,0,1,delivery,16:45,0,0,0.0,Công nhân,Cơm tấm,Phường Đông Hòa
L06555,R138,2026-06-15,Cơm tấm sườn nướng,33000,60,13000,1,0,1,delivery,16:45,0,0,0.0,Công nhân,Cơm tấm,Phường Đông Hòa
L06556,R139,2026-06-15,Bánh mì chả lụa,27000,60,11000,3,2,1,delivery,09:00,22000,32000,0.667,Ngoại ô,Bánh mì,Xã Bà Điểm
L06557,R139,2026-06-15,Bánh mì thịt nguội,33000,60,13000,2,1,1,delivery,09:45,13000,20000,0.5,Ngoại ô,Bánh mì,Xã Bà Điểm
L06558,R139,2026-06-15,Bánh mì xíu mại,29000,57,12000,3,2,1,delivery,09:45,24000,34000,0.667,Ngoại ô,Bánh mì,Xã Bà Điểm
L06559,R140,2026-06-15,Bún riêu thập cẩm,32000,38,20000,6,3,3,pickup,17:45,60000,36000,0.5,Ngoại ô,Bún riêu,Xã Hiệp Phước
L06560,R140,2026-06-15,Bún riêu cua đồng,42000,42,24000,6,3,3,delivery,17:15,72000,54000,0.5,Ngoại ô,Bún riêu,Xã Hiệp Phước
L06561,R141,2026-06-15,Cơm canh chua,51000,37,32000,3,1,2,delivery,15:30,32000,19000,0.333,Sinh viên,Cơm văn phòng,Phường Long Bình
L06562,R141,2026-06-15,Cơm thịt kho trứng,44000,32,30000,3,1,2,delivery,15:45,30000,14000,0.333,Sinh viên,Cơm văn phòng,Phường Long Bình
L06563,R142,2026-06-15,Bún riêu cua đồng,54000,44,30000,4,2,2,pickup,11:45,60000,48000,0.5,Công nhân,Bún riêu,Phường Thuận An
L06564,R142,2026-06-15,Bún riêu cua,36000,44,20000,5,2,3,pickup,11:30,40000,32000,0.4,Công nhân,Bún riêu,Phường Thuận An
L06565,R142,2026-06-15,Bún riêu cua mọc,37000,47,20000,6,3,3,pickup,11:45,60000,51000,0.5,Công nhân,Bún riêu,Phường Thuận An
L06566,R142,2026-06-15,Bún riêu thập cẩm,35000,46,19000,6,3,3,pickup,11:15,57000,48000,0.5,Công nhân,Bún riêu,Phường Thuận An
L06567,R143,2026-06-15,Bánh mì gà,22000,46,12000,3,1,2,delivery,16:15,12000,10000,0.333,Sinh viên,Bánh mì,Phường Cát Lái
L06568,R143,2026-06-15,Bánh mì trứng,25000,50,12000,3,2,1,pickup,16:30,24000,26000,0.667,Sinh viên,Bánh mì,Phường Cát Lái
L06569,R143,2026-06-15,Bánh mì xíu mại,19000,49,10000,2,1,1,delivery,16:15,10000,9000,0.5,Sinh viên,Bánh mì,Phường Cát Lái
L06570,R143,2026-06-15,Bánh mì thịt nguội,26000,45,14000,3,1,2,pickup,16:15,14000,12000,0.333,Sinh viên,Bánh mì,Phường Cát Lái
L06571,R144,2026-06-15,Bún bò giò heo,39000,58,16000,3,1,2,pickup,15:15,16000,23000,0.333,Sinh viên,Bún bò,Phường Phước Long
L06572,R144,2026-06-15,Bún bò Huế đặc biệt,41000,60,16000,3,2,1,pickup,15:30,32000,50000,0.667,Sinh viên,Bún bò,Phường Phước Long
L06573,R144,2026-06-15,Bún bò gân,38000,56,17000,4,3,1,pickup,15:45,51000,63000,0.75,Sinh viên,Bún bò,Phường Phước Long
L06574,R145,2026-06-15,Cơm tấm sườn nướng,31000,48,16000,2,1,1,pickup,19:30,16000,15000,0.5,Trung tâm,Cơm tấm,Phường Phú Nhuận
L06575,R145,2026-06-15,Cơm tấm bì,47000,48,24000,2,1,1,delivery,19:30,24000,23000,0.5,Trung tâm,Cơm tấm,Phường Phú Nhuận
L06576,R145,2026-06-15,Cơm tấm sườn trứng,42000,51,21000,2,1,1,delivery,19:00,21000,21000,0.5,Trung tâm,Cơm tấm,Phường Phú Nhuận
L06577,R145,2026-06-15,Cơm tấm sườn bì chả,34000,44,19000,2,1,1,pickup,19:30,19000,15000,0.5,Trung tâm,Cơm tấm,Phường Phú Nhuận
L06578,R146,2026-06-15,Bún bò gân,47000,52,23000,2,1,1,pickup,16:30,23000,24000,0.5,Công nhân,Bún bò,Phường Tân Đông Hiệp
L06579,R146,2026-06-15,Bún bò viên,56000,49,29000,2,1,1,pickup,16:30,29000,27000,0.5,Công nhân,Bún bò,Phường Tân Đông Hiệp
L06580,R146,2026-06-15,Bún bò giò heo,50000,50,25000,2,1,1,delivery,16:45,25000,25000,0.5,Công nhân,Bún bò,Phường Tân Đông Hiệp
L06581,R147,2026-06-15,Phở bò viên,43000,34,28000,3,1,2,delivery,14:45,28000,15000,0.333,Công nhân,Phở,Phường Dĩ An
L06582,R147,2026-06-15,Phở bò tái nạm,47000,30,33000,3,1,2,delivery,14:15,33000,14000,0.333,Công nhân,Phở,Phường Dĩ An
L06583,R148,2026-06-15,Bún bò gân,48000,37,30000,4,1,3,delivery,17:00,30000,18000,0.25,Trung tâm,Bún bò,Phường Cầu Kiệu
L06584,R148,2026-06-15,Bún bò thập cẩm,50000,32,34000,4,1,3,delivery,17:45,34000,16000,0.25,Trung tâm,Bún bò,Phường Cầu Kiệu
L06585,R149,2026-06-15,Bún bò gân,43000,32,29000,12,6,6,delivery,13:00,174000,84000,0.5,Sinh viên,Bún bò,Phường An Khánh
L06586,R000,2026-06-16,Bún bò thập cẩm,46000,33,31000,7,2,5,delivery,18:15,62000,30000,0.286,Công nhân,Bún bò,Phường Đông Hòa
L06587,R000,2026-06-16,Bún bò viên,54000,34,36000,8,3,5,pickup,18:00,108000,54000,0.375,Công nhân,Bún bò,Phường Đông Hòa
L06588,R000,2026-06-16,Bún bò Huế đặc biệt,57000,38,35000,7,4,3,delivery,18:30,140000,88000,0.571,Công nhân,Bún bò,Phường Đông Hòa
L06589,R001,2026-06-16,Cơm tấm đặc biệt,31000,43,18000,2,1,1,pickup,19:15,18000,13000,0.5,Ngoại ô,Cơm tấm,Xã Bình Chánh
L06590,R001,2026-06-16,Cơm tấm sườn trứng,44000,44,25000,1,0,1,pickup,19:45,0,0,0.0,Ngoại ô,Cơm tấm,Xã Bình Chánh
L06591,R001,2026-06-16,Cơm tấm bì,48000,41,28000,1,0,1,pickup,19:45,0,0,0.0,Ngoại ô,Cơm tấm,Xã Bình Chánh
L06592,R002,2026-06-16,Hủ tiếu thập cẩm,42000,35,27000,3,1,2,pickup,20:45,27000,15000,0.333,Dân cư đông,Hủ tiếu,Phường An Nhơn
L06593,R002,2026-06-16,Hủ tiếu sa tế,56000,37,35000,3,1,2,delivery,20:15,35000,21000,0.333,Dân cư đông,Hủ tiếu,Phường An Nhơn
L06594,R002,2026-06-16,Hủ tiếu bò kho,54000,34,36000,3,1,2,pickup,20:15,36000,18000,0.333,Dân cư đông,Hủ tiếu,Phường An Nhơn
L06595,R002,2026-06-16,Hủ tiếu mì,44000,35,29000,3,1,2,delivery,20:30,29000,15000,0.333,Dân cư đông,Hủ tiếu,Phường An Nhơn
L06596,R002,2026-06-16,Hủ tiếu Nam Vang,45000,39,27000,3,1,2,delivery,20:15,27000,18000,0.333,Dân cư đông,Hủ tiếu,Phường An Nhơn
L06597,R003,2026-06-16,Phở bò tái nạm,56000,50,28000,6,4,2,delivery,18:00,112000,112000,0.667,Công nhân,Phở,Phường Bình Hòa
L06598,R003,2026-06-16,Phở bò tái,49000,59,20000,5,3,2,delivery,18:00,60000,87000,0.6,Công nhân,Phở,Phường Bình Hòa
L06599,R003,2026-06-16,Phở gà,37000,53,17000,6,4,2,delivery,18:30,68000,80000,0.667,Công nhân,Phở,Phường Bình Hòa
L06600,R003,2026-06-16,Phở bò chín,60000,57,26000,5,4,1,delivery,18:00,104000,136000,0.8,Công nhân,Phở,Phường Bình Hòa
L06601,R004,2026-06-16,Hủ tiếu mì,59000,52,28000,1,0,1,delivery,16:15,0,0,0.0,Sinh viên,Hủ tiếu,Phường Cát Lái
L06602,R004,2026-06-16,Hủ tiếu sa tế,60000,51,29000,1,0,1,delivery,16:30,0,0,0.0,Sinh viên,Hủ tiếu,Phường Cát Lái
L06603,R004,2026-06-16,Hủ tiếu Nam Vang,57000,52,27000,1,0,1,delivery,16:30,0,0,0.0,Sinh viên,Hủ tiếu,Phường Cát Lái
L06604,R004,2026-06-16,Hủ tiếu thập cẩm,38000,49,19000,1,0,1,pickup,16:30,0,0,0.0,Sinh viên,Hủ tiếu,Phường Cát Lái
L06605,R005,2026-06-16,Hủ tiếu mì,48000,47,25000,4,2,2,pickup,10:45,50000,46000,0.5,Sinh viên,Hủ tiếu,Phường Long Bình
L06606,R005,2026-06-16,Hủ tiếu thập cẩm,60000,56,26000,4,3,1,pickup,10:45,78000,102000,0.75,Sinh viên,Hủ tiếu,Phường Long Bình
L06607,R005,2026-06-16,Hủ tiếu bò kho,48000,49,24000,4,2,2,pickup,10:45,48000,48000,0.5,Sinh viên,Hủ tiếu,Phường Long Bình
L06608,R005,2026-06-16,Hủ tiếu sa tế,52000,52,25000,3,2,1,pickup,10:00,50000,54000,0.667,Sinh viên,Hủ tiếu,Phường Long Bình
L06609,R006,2026-06-16,Bún bò viên,42000,42,24000,1,0,1,delivery,17:45,0,0,0.0,Trung tâm,Bún bò,Phường Nhiêu Lộc
L06610,R006,2026-06-16,Bún bò giò heo,54000,46,29000,2,1,1,delivery,17:15,29000,25000,0.5,Trung tâm,Bún bò,Phường Nhiêu Lộc
L06611,R006,2026-06-16,Bún bò gân,55000,38,34000,2,1,1,delivery,17:30,34000,21000,0.5,Trung tâm,Bún bò,Phường Nhiêu Lộc
L06612,R006,2026-06-16,Bún bò thập cẩm,41000,36,26000,2,0,2,delivery,17:30,0,0,0.0,Trung tâm,Bún bò,Phường Nhiêu Lộc
L06613,R007,2026-06-16,Phở bò viên,41000,40,25000,18,13,5,pickup,09:15,325000,208000,0.722,Dân cư đông,Phở,Phường An Hội Đông
L06614,R008,2026-06-16,Hủ tiếu sa tế,43000,46,23000,5,2,3,delivery,16:45,46000,40000,0.4,Công nhân,Hủ tiếu,Phường Thuận An
L06615,R008,2026-06-16,Hủ tiếu Nam Vang,61000,45,34000,5,2,3,delivery,16:30,68000,54000,0.4,Công nhân,Hủ tiếu,Phường Thuận An
L06616,R008,2026-06-16,Hủ tiếu mì,55000,44,31000,4,3,1,pickup,16:15,93000,72000,0.75,Công nhân,Hủ tiếu,Phường Thuận An
L06617,R009,2026-06-16,Cơm tấm sườn trứng,32000,58,13000,4,2,2,pickup,20:45,26000,38000,0.5,Dân cư đông,Cơm tấm,Phường Tân Bình
L06618,R009,2026-06-16,Cơm tấm đặc biệt,39000,55,18000,4,2,2,pickup,20:30,36000,42000,0.5,Dân cư đông,Cơm tấm,Phường Tân Bình
L06619,R009,2026-06-16,Cơm tấm sườn nướng,37000,57,16000,4,3,1,pickup,20:45,48000,63000,0.75,Dân cư đông,Cơm tấm,Phường Tân Bình
L06620,R010,2026-06-16,Cơm tấm sườn trứng,33000,46,18000,1,0,1,delivery,19:45,0,0,0.0,Trung tâm,Cơm tấm,Phường Đức Nhuận
L06621,R010,2026-06-16,Cơm tấm sườn bì chả,37000,47,20000,1,0,1,delivery,19:45,0,0,0.0,Trung tâm,Cơm tấm,Phường Đức Nhuận
L06622,R010,2026-06-16,Cơm tấm bì,45000,42,26000,1,0,1,pickup,19:30,0,0,0.0,Trung tâm,Cơm tấm,Phường Đức Nhuận
L06623,R011,2026-06-16,Bánh mì chả lụa,24000,38,15000,6,2,4,pickup,20:45,30000,18000,0.333,Ngoại ô,Bánh mì,Xã Hiệp Phước
L06624,R012,2026-06-16,Phở bò tái,45000,59,18000,2,1,1,delivery,20:45,18000,27000,0.5,Dân cư đông,Phở,Phường Khánh Hội
L06625,R012,2026-06-16,Phở gà,45000,58,19000,2,1,1,delivery,20:00,19000,26000,0.5,Dân cư đông,Phở,Phường Khánh Hội
L06626,R013,2026-06-16,Phở bò tái nạm,41000,49,21000,3,1,2,pickup,12:00,21000,20000,0.333,Sinh viên,Phở,Phường Long Bình
L06627,R013,2026-06-16,Phở bò tái,52000,52,25000,3,2,1,pickup,12:45,50000,54000,0.667,Sinh viên,Phở,Phường Long Bình
L06628,R013,2026-06-16,Phở gà,40000,48,21000,3,1,2,delivery,12:15,21000,19000,0.333,Sinh viên,Phở,Phường Long Bình
L06629,R013,2026-06-16,Phở bò viên,58000,52,28000,3,2,1,delivery,12:45,56000,60000,0.667,Sinh viên,Phở,Phường Long Bình
L06630,R013,2026-06-16,Phở bò chín,48000,52,23000,4,2,2,delivery,12:30,46000,50000,0.5,Sinh viên,Phở,Phường Long Bình
L06631,R014,2026-06-16,Bánh mì gà,25000,57,11000,1,0,1,pickup,12:00,0,0,0.0,Sinh viên,Bánh mì,Phường An Khánh
L06632,R014,2026-06-16,Bánh mì thịt nguội,26000,55,12000,1,0,1,pickup,12:00,0,0,0.0,Sinh viên,Bánh mì,Phường An Khánh
L06633,R015,2026-06-16,Hủ tiếu sa tế,51000,44,29000,6,4,2,delivery,13:00,116000,88000,0.667,Sinh viên,Hủ tiếu,Phường Hiệp Bình
L06634,R015,2026-06-16,Hủ tiếu mì,45000,47,24000,6,4,2,delivery,13:45,96000,84000,0.667,Sinh viên,Hủ tiếu,Phường Hiệp Bình
L06635,R015,2026-06-16,Hủ tiếu bò kho,46000,40,28000,6,4,2,delivery,13:15,112000,72000,0.667,Sinh viên,Hủ tiếu,Phường Hiệp Bình
L06636,R016,2026-06-16,Phở bò chín,45000,44,25000,4,3,1,pickup,16:00,75000,60000,0.75,Sinh viên,Phở,Phường Tăng Nhơn Phú
L06637,R016,2026-06-16,Phở bò tái,45000,50,22000,4,3,1,delivery,16:45,66000,69000,0.75,Sinh viên,Phở,Phường Tăng Nhơn Phú
L06638,R016,2026-06-16,Phở gà,50000,52,24000,4,3,1,delivery,16:30,72000,78000,0.75,Sinh viên,Phở,Phường Tăng Nhơn Phú
L06639,R017,2026-06-16,Cơm tấm đặc biệt,31000,30,22000,16,8,8,pickup,13:15,176000,72000,0.5,Công nhân,Cơm tấm,Phường Dĩ An
L06640,R018,2026-06-16,Cơm tấm sườn nướng,40000,42,23000,3,2,1,delivery,16:00,46000,34000,0.667,Công nhân,Cơm tấm,Phường Lái Thiêu
L06641,R019,2026-06-16,Bún bò gân,48000,44,27000,6,3,3,delivery,18:45,81000,63000,0.5,Sinh viên,Bún bò,Phường Long Bình
L06642,R019,2026-06-16,Bún bò viên,58000,41,34000,6,4,2,delivery,18:15,136000,96000,0.667,Sinh viên,Bún bò,Phường Long Bình
L06643,R020,2026-06-16,Phở bò viên,53000,40,32000,2,1,1,delivery,09:00,32000,21000,0.5,Công nhân,Phở,Phường Đông Hòa
L06644,R020,2026-06-16,Phở bò tái nạm,60000,40,36000,1,0,1,delivery,09:00,0,0,0.0,Công nhân,Phở,Phường Đông Hòa
L06645,R020,2026-06-16,Phở bò chín,42000,37,26000,2,0,2,delivery,09:30,0,0,0.0,Công nhân,Phở,Phường Đông Hòa
L06646,R020,2026-06-16,Phở bò tái,48000,35,31000,1,0,1,delivery,09:00,0,0,0.0,Công nhân,Phở,Phường Đông Hòa
L06647,R021,2026-06-16,Hủ tiếu mì,58000,41,34000,2,1,1,pickup,20:45,34000,24000,0.5,Sinh viên,Hủ tiếu,Phường Bình Trưng
L06648,R021,2026-06-16,Hủ tiếu Nam Vang,46000,43,26000,2,1,1,pickup,20:15,26000,20000,0.5,Sinh viên,Hủ tiếu,Phường Bình Trưng
L06649,R022,2026-06-16,Bánh mì gà,20000,60,8000,2,1,1,pickup,18:00,8000,12000,0.5,Sinh viên,Bánh mì,Phường Long Bình
L06650,R022,2026-06-16,Bánh mì chả lụa,32000,56,14000,2,1,1,pickup,18:15,14000,18000,0.5,Sinh viên,Bánh mì,Phường Long Bình
L06651,R022,2026-06-16,Bánh mì trứng,27000,60,11000,2,1,1,pickup,18:30,11000,16000,0.5,Sinh viên,Bánh mì,Phường Long Bình
L06652,R022,2026-06-16,Bánh mì xíu mại,25000,60,10000,2,1,1,delivery,18:00,10000,15000,0.5,Sinh viên,Bánh mì,Phường Long Bình
L06653,R022,2026-06-16,Bánh mì thịt nguội,29000,60,12000,2,1,1,delivery,18:45,12000,17000,0.5,Sinh viên,Bánh mì,Phường Long Bình
L06654,R023,2026-06-16,Bánh mì xíu mại,24000,32,16000,3,1,2,pickup,17:30,16000,8000,0.333,Công nhân,Bánh mì,Phường Tân Đông Hiệp
L06655,R023,2026-06-16,Bánh mì chả lụa,22000,30,15000,2,0,2,pickup,17:45,0,0,0.0,Công nhân,Bánh mì,Phường Tân Đông Hiệp
L06656,R024,2026-06-16,Hủ tiếu sa tế,39000,54,18000,17,13,4,pickup,14:00,234000,273000,0.765,Công nhân,Hủ tiếu,Phường An Phú
L06657,R025,2026-06-16,Cơm gà luộc,34000,37,21000,1,0,1,delivery,11:45,0,0,0.0,Dân cư đông,Cơm văn phòng,Phường An Hội Đông
L06658,R025,2026-06-16,Cơm gà xối mỡ,43000,30,30000,2,0,2,pickup,11:15,0,0,0.0,Dân cư đông,Cơm văn phòng,Phường An Hội Đông
L06659,R025,2026-06-16,Cơm sườn đậu hũ,44000,30,31000,2,0,2,delivery,11:15,0,0,0.0,Dân cư đông,Cơm văn phòng,Phường An Hội Đông
L06660,R025,2026-06-16,Cơm canh chua,36000,32,24000,2,1,1,pickup,11:15,24000,12000,0.5,Dân cư đông,Cơm văn phòng,Phường An Hội Đông
L06661,R025,2026-06-16,Cơm thịt kho trứng,40000,30,28000,2,0,2,delivery,11:30,0,0,0.0,Dân cư đông,Cơm văn phòng,Phường An Hội Đông
L06662,R026,2026-06-16,Bún riêu cua,47000,44,26000,3,2,1,delivery,16:45,52000,42000,0.667,Sinh viên,Bún riêu,Phường Tam Bình
L06663,R027,2026-06-16,Bún bò viên,43000,31,30000,2,1,1,pickup,17:45,30000,13000,0.5,Công nhân,Bún bò,Phường Hòa Lợi
L06664,R028,2026-06-16,Bánh mì xíu mại,23000,54,11000,7,5,2,delivery,14:30,55000,60000,0.714,Công nhân,Bánh mì,Phường Tân Đông Hiệp
L06665,R029,2026-06-16,Phở bò chín,45000,56,20000,1,0,1,pickup,19:45,0,0,0.0,Trung tâm,Phở,Phường Bến Thành
L06666,R029,2026-06-16,Phở bò viên,42000,59,17000,1,0,1,delivery,19:00,0,0,0.0,Trung tâm,Phở,Phường Bến Thành
L06667,R029,2026-06-16,Phở bò tái,45000,53,21000,1,0,1,pickup,19:15,0,0,0.0,Trung tâm,Phở,Phường Bến Thành
L06668,R029,2026-06-16,Phở gà,43000,53,20000,1,0,1,pickup,19:15,0,0,0.0,Trung tâm,Phở,Phường Bến Thành
L06669,R030,2026-06-16,Bún bò Huế đặc biệt,41000,57,18000,13,11,2,pickup,15:15,198000,253000,0.846,Công nhân,Bún bò,Phường An Phú
L06670,R030,2026-06-16,Bún bò viên,38000,54,17000,13,9,4,pickup,15:45,153000,189000,0.692,Công nhân,Bún bò,Phường An Phú
L06671,R031,2026-06-16,Phở bò chín,58000,37,37000,6,2,4,delivery,09:30,74000,42000,0.333,Sinh viên,Phở,Phường Phước Long
L06672,R031,2026-06-16,Phở bò tái,43000,39,26000,4,2,2,pickup,09:45,52000,34000,0.5,Sinh viên,Phở,Phường Phước Long
L06673,R032,2026-06-16,Cơm gà xối mỡ,48000,39,29000,5,1,4,delivery,13:15,29000,19000,0.2,Trung tâm,Cơm văn phòng,Phường Cầu Ông Lãnh
L06674,R033,2026-06-16,Cơm tấm đặc biệt,38000,46,21000,1,0,1,pickup,13:15,0,0,0.0,Dân cư đông,Cơm tấm,Phường Tân Hòa
L06675,R033,2026-06-16,Cơm tấm sườn trứng,42000,45,23000,2,1,1,pickup,13:45,23000,19000,0.5,Dân cư đông,Cơm tấm,Phường Tân Hòa
L06676,R033,2026-06-16,Cơm tấm bì,38000,47,20000,1,0,1,pickup,13:15,0,0,0.0,Dân cư đông,Cơm tấm,Phường Tân Hòa
L06677,R033,2026-06-16,Cơm tấm sườn nướng,47000,48,24000,1,0,1,pickup,13:45,0,0,0.0,Dân cư đông,Cơm tấm,Phường Tân Hòa
L06678,R033,2026-06-16,Cơm tấm sườn bì chả,38000,50,19000,1,0,1,pickup,13:30,0,0,0.0,Dân cư đông,Cơm tấm,Phường Tân Hòa
L06679,R034,2026-06-16,Bún bò Huế đặc biệt,59000,37,37000,7,3,4,delivery,18:30,111000,66000,0.429,Ngoại ô,Bún bò,Xã Bình Chánh
L06680,R034,2026-06-16,Bún bò viên,44000,30,31000,6,2,4,delivery,18:45,62000,26000,0.333,Ngoại ô,Bún bò,Xã Bình Chánh
L06681,R035,2026-06-16,Bánh mì thịt nguội,21000,60,8000,1,0,1,delivery,12:45,0,0,0.0,Dân cư đông,Bánh mì,Phường Tân Sơn Nhất
L06682,R035,2026-06-16,Bánh mì gà,23000,54,11000,1,0,1,delivery,12:30,0,0,0.0,Dân cư đông,Bánh mì,Phường Tân Sơn Nhất
L06683,R035,2026-06-16,Bánh mì trứng,23000,57,10000,1,0,1,delivery,12:30,0,0,0.0,Dân cư đông,Bánh mì,Phường Tân Sơn Nhất
L06684,R035,2026-06-16,Bánh mì xíu mại,23000,60,9000,1,0,1,delivery,12:15,0,0,0.0,Dân cư đông,Bánh mì,Phường Tân Sơn Nhất
L06685,R035,2026-06-16,Bánh mì chả lụa,20000,57,9000,1,0,1,delivery,12:30,0,0,0.0,Dân cư đông,Bánh mì,Phường Tân Sơn Nhất
L06686,R036,2026-06-16,Bún bò gân,42000,37,26000,3,0,3,pickup,14:45,0,0,0.0,Sinh viên,Bún bò,Phường Phước Long
L06687,R036,2026-06-16,Bún bò giò heo,61000,37,38000,4,1,3,pickup,14:45,38000,23000,0.25,Sinh viên,Bún bò,Phường Phước Long
L06688,R036,2026-06-16,Bún bò viên,44000,38,27000,3,1,2,pickup,14:15,27000,17000,0.333,Sinh viên,Bún bò,Phường Phước Long
L06689,R037,2026-06-16,Bún bò giò heo,53000,40,32000,7,3,4,delivery,15:15,96000,63000,0.429,Trung tâm,Bún bò,Phường Tân Định
L06690,R038,2026-06-16,Bún bò viên,47000,48,24000,1,0,1,pickup,17:00,0,0,0.0,Công nhân,Bún bò,Phường Thuận Giao
L06691,R038,2026-06-16,Bún bò Huế đặc biệt,49000,54,23000,1,0,1,pickup,17:45,0,0,0.0,Công nhân,Bún bò,Phường Thuận Giao
L06692,R039,2026-06-16,Bún riêu cua mọc,40000,60,16000,21,16,5,delivery,09:45,256000,384000,0.762,Công nhân,Bún riêu,Phường Đông Hòa
L06693,R040,2026-06-16,Bún bò gân,57000,60,23000,1,0,1,pickup,14:15,0,0,0.0,Sinh viên,Bún bò,Phường Bình Trưng
L06694,R041,2026-06-16,Phở bò chín,43000,45,24000,3,1,2,pickup,15:00,24000,19000,0.333,Công nhân,Phở,Phường Tân Khánh
L06695,R041,2026-06-16,Phở gà,38000,44,21000,3,1,2,delivery,15:15,21000,17000,0.333,Công nhân,Phở,Phường Tân Khánh
L06696,R042,2026-06-16,Cơm tấm sườn bì chả,30000,55,13000,3,2,1,pickup,11:45,26000,34000,0.667,Trung tâm,Cơm tấm,Phường Tân Định
L06697,R042,2026-06-16,Cơm tấm bì,38000,57,16000,2,1,1,pickup,11:15,16000,22000,0.5,Trung tâm,Cơm tấm,Phường Tân Định
L06698,R042,2026-06-16,Cơm tấm sườn nướng,48000,56,21000,2,1,1,delivery,11:00,21000,27000,0.5,Trung tâm,Cơm tấm,Phường Tân Định
L06699,R043,2026-06-16,Cơm gà xối mỡ,52000,59,21000,2,1,1,pickup,16:30,21000,31000,0.5,Dân cư đông,Cơm văn phòng,Phường Bảy Hiền
L06700,R043,2026-06-16,Cơm thịt kho trứng,31000,60,12000,3,2,1,pickup,16:45,24000,38000,0.667,Dân cư đông,Cơm văn phòng,Phường Bảy Hiền
L06701,R043,2026-06-16,Cơm sườn đậu hũ,34000,60,14000,3,2,1,pickup,16:45,28000,40000,0.667,Dân cư đông,Cơm văn phòng,Phường Bảy Hiền
L06702,R043,2026-06-16,Cơm gà luộc,33000,60,13000,2,1,1,pickup,16:00,13000,20000,0.5,Dân cư đông,Cơm văn phòng,Phường Bảy Hiền
L06703,R043,2026-06-16,Cơm canh chua,46000,57,20000,3,2,1,pickup,16:30,40000,52000,0.667,Dân cư đông,Cơm văn phòng,Phường Bảy Hiền
L06704,R044,2026-06-16,Hủ tiếu Nam Vang,40000,52,19000,2,1,1,pickup,13:15,19000,21000,0.5,Sinh viên,Hủ tiếu,Phường Tam Bình
L06705,R044,2026-06-16,Hủ tiếu mì,38000,49,19000,2,1,1,pickup,13:30,19000,19000,0.5,Sinh viên,Hủ tiếu,Phường Tam Bình
L06706,R044,2026-06-16,Hủ tiếu bò kho,44000,55,20000,3,1,2,delivery,13:00,20000,24000,0.333,Sinh viên,Hủ tiếu,Phường Tam Bình
L06707,R045,2026-06-16,Bún bò thập cẩm,39000,41,23000,4,2,2,delivery,17:30,46000,32000,0.5,Công nhân,Bún bò,Phường Thuận An
L06708,R045,2026-06-16,Bún bò Huế đặc biệt,55000,43,31000,5,2,3,delivery,17:15,62000,48000,0.4,Công nhân,Bún bò,Phường Thuận An
L06709,R045,2026-06-16,Bún bò viên,53000,41,31000,4,2,2,pickup,17:15,62000,44000,0.5,Công nhân,Bún bò,Phường Thuận An
L06710,R046,2026-06-16,Bánh mì gà,20000,50,10000,3,2,1,pickup,13:45,20000,20000,0.667,Sinh viên,Bánh mì,Phường Cát Lái
L06711,R046,2026-06-16,Bánh mì trứng,23000,51,11000,2,1,1,pickup,13:15,11000,12000,0.5,Sinh viên,Bánh mì,Phường Cát Lái
L06712,R046,2026-06-16,Bánh mì chả lụa,20000,59,8000,3,2,1,pickup,13:00,16000,24000,0.667,Sinh viên,Bánh mì,Phường Cát Lái
L06713,R046,2026-06-16,Bánh mì xíu mại,26000,58,11000,2,1,1,pickup,13:30,11000,15000,0.5,Sinh viên,Bánh mì,Phường Cát Lái
L06714,R046,2026-06-16,Bánh mì thịt nguội,27000,59,11000,3,2,1,pickup,13:30,22000,32000,0.667,Sinh viên,Bánh mì,Phường Cát Lái
L06715,R047,2026-06-16,Bún bò thập cẩm,51000,43,29000,26,19,7,delivery,17:00,551000,418000,0.731,Công nhân,Bún bò,Phường Tân Khánh
L06716,R048,2026-06-16,Bánh mì thịt nguội,27000,56,12000,3,2,1,delivery,18:30,24000,30000,0.667,Công nhân,Bánh mì,Phường An Phú
L06717,R048,2026-06-16,Bánh mì chả lụa,26000,56,11000,3,2,1,pickup,18:30,22000,30000,0.667,Công nhân,Bánh mì,Phường An Phú
L06718,R049,2026-06-16,Phở bò chín,53000,40,32000,1,0,1,pickup,12:00,0,0,0.0,Sinh viên,Phở,Phường Thủ Đức
L06719,R049,2026-06-16,Phở bò viên,39000,36,25000,1,0,1,delivery,12:15,0,0,0.0,Sinh viên,Phở,Phường Thủ Đức
L06720,R049,2026-06-16,Phở bò tái nạm,52000,39,32000,1,0,1,delivery,12:00,0,0,0.0,Sinh viên,Phở,Phường Thủ Đức
L06721,R049,2026-06-16,Phở gà,50000,44,28000,1,0,1,delivery,12:45,0,0,0.0,Sinh viên,Phở,Phường Thủ Đức
L06722,R050,2026-06-16,Bánh mì chả lụa,24000,49,12000,1,0,1,delivery,17:00,0,0,0.0,Ngoại ô,Bánh mì,Xã Hưng Long
L06723,R051,2026-06-16,Hủ tiếu bò kho,53000,54,24000,6,5,1,delivery,13:00,120000,145000,0.833,Dân cư đông,Hủ tiếu,Phường Hạnh Thông
L06724,R052,2026-06-16,Cơm tấm sườn nướng,40000,35,26000,4,1,3,delivery,18:45,26000,14000,0.25,Dân cư đông,Cơm tấm,Phường Xóm Chiếu
L06725,R052,2026-06-16,Cơm tấm sườn trứng,50000,37,32000,4,1,3,delivery,18:00,32000,18000,0.25,Dân cư đông,Cơm tấm,Phường Xóm Chiếu
L06726,R052,2026-06-16,Cơm tấm bì,35000,43,20000,3,1,2,delivery,18:30,20000,15000,0.333,Dân cư đông,Cơm tấm,Phường Xóm Chiếu
L06727,R053,2026-06-16,Bánh mì chả lụa,23000,60,9000,3,2,1,delivery,17:00,18000,28000,0.667,Dân cư đông,Bánh mì,Phường Gia Định
L06728,R053,2026-06-16,Bánh mì gà,18000,60,7000,3,2,1,pickup,17:45,14000,22000,0.667,Dân cư đông,Bánh mì,Phường Gia Định
L06729,R053,2026-06-16,Bánh mì thịt nguội,20000,55,9000,4,3,1,delivery,17:45,27000,33000,0.75,Dân cư đông,Bánh mì,Phường Gia Định
L06730,R053,2026-06-16,Bánh mì trứng,25000,55,11000,4,3,1,pickup,17:30,33000,42000,0.75,Dân cư đông,Bánh mì,Phường Gia Định
L06731,R053,2026-06-16,Bánh mì xíu mại,26000,58,11000,3,2,1,delivery,17:45,22000,30000,0.667,Dân cư đông,Bánh mì,Phường Gia Định
L06732,R054,2026-06-16,Bánh mì trứng,23000,55,10000,4,2,2,delivery,11:15,20000,26000,0.5,Công nhân,Bánh mì,Phường Bình Hòa
L06733,R054,2026-06-16,Bánh mì xíu mại,27000,57,12000,4,2,2,delivery,11:45,24000,30000,0.5,Công nhân,Bánh mì,Phường Bình Hòa
L06734,R054,2026-06-16,Bánh mì chả lụa,20000,56,9000,3,2,1,delivery,11:30,18000,22000,0.667,Công nhân,Bánh mì,Phường Bình Hòa
L06735,R054,2026-06-16,Bánh mì thịt nguội,23000,50,12000,3,2,1,delivery,11:15,24000,22000,0.667,Công nhân,Bánh mì,Phường Bình Hòa
L06736,R055,2026-06-16,Cơm tấm sườn trứng,34000,60,14000,2,1,1,delivery,12:30,14000,20000,0.5,Dân cư đông,Cơm tấm,Phường Thông Tây Hội
L06737,R055,2026-06-16,Cơm tấm sườn bì chả,40000,57,17000,1,0,1,delivery,12:15,0,0,0.0,Dân cư đông,Cơm tấm,Phường Thông Tây Hội
L06738,R055,2026-06-16,Cơm tấm sườn nướng,32000,60,13000,1,0,1,delivery,12:15,0,0,0.0,Dân cư đông,Cơm tấm,Phường Thông Tây Hội
L06739,R055,2026-06-16,Cơm tấm bì,34000,60,14000,2,1,1,delivery,12:15,14000,20000,0.5,Dân cư đông,Cơm tấm,Phường Thông Tây Hội
L06740,R055,2026-06-16,Cơm tấm đặc biệt,38000,56,17000,2,1,1,delivery,12:45,17000,21000,0.5,Dân cư đông,Cơm tấm,Phường Thông Tây Hội
L06741,R056,2026-06-16,Hủ tiếu sa tế,39000,31,27000,4,1,3,delivery,17:15,27000,12000,0.25,Trung tâm,Hủ tiếu,Phường Nhiêu Lộc
L06742,R056,2026-06-16,Hủ tiếu bò kho,50000,41,30000,5,3,2,delivery,17:00,90000,60000,0.6,Trung tâm,Hủ tiếu,Phường Nhiêu Lộc
L06743,R057,2026-06-16,Bún bò thập cẩm,49000,47,26000,1,0,1,pickup,18:30,0,0,0.0,Sinh viên,Bún bò,Phường Bình Trưng
L06744,R057,2026-06-16,Bún bò Huế đặc biệt,47000,50,24000,1,0,1,pickup,18:15,0,0,0.0,Sinh viên,Bún bò,Phường Bình Trưng
L06745,R058,2026-06-16,Bánh mì xíu mại,30000,35,20000,1,0,1,pickup,19:30,0,0,0.0,Trung tâm,Bánh mì,Phường Cầu Kiệu
L06746,R058,2026-06-16,Bánh mì thịt nguội,24000,37,15000,1,0,1,pickup,19:30,0,0,0.0,Trung tâm,Bánh mì,Phường Cầu Kiệu
L06747,R058,2026-06-16,Bánh mì chả lụa,22000,32,15000,1,0,1,pickup,19:30,0,0,0.0,Trung tâm,Bánh mì,Phường Cầu Kiệu
L06748,R058,2026-06-16,Bánh mì gà,22000,39,13000,1,0,1,pickup,19:00,0,0,0.0,Trung tâm,Bánh mì,Phường Cầu Kiệu
L06749,R059,2026-06-16,Cơm tấm sườn bì chả,39000,33,26000,1,0,1,delivery,14:30,0,0,0.0,Sinh viên,Cơm tấm,Phường Tam Bình
L06750,R059,2026-06-16,Cơm tấm đặc biệt,36000,30,25000,2,0,2,delivery,14:15,0,0,0.0,Sinh viên,Cơm tấm,Phường Tam Bình
L06751,R060,2026-06-16,Phở gà,59000,60,24000,2,1,1,delivery,10:30,24000,35000,0.5,Công nhân,Phở,Phường Tân Đông Hiệp
L06752,R061,2026-06-16,Cơm tấm sườn trứng,33000,44,18000,5,2,3,pickup,15:15,36000,30000,0.4,Sinh viên,Cơm tấm,Phường Tam Bình
L06753,R061,2026-06-16,Cơm tấm bì,33000,43,19000,3,1,2,pickup,15:45,19000,14000,0.333,Sinh viên,Cơm tấm,Phường Tam Bình
L06754,R062,2026-06-16,Phở bò chín,50000,30,35000,1,0,1,delivery,10:45,0,0,0.0,Dân cư đông,Phở,Phường Hạnh Thông
L06755,R062,2026-06-16,Phở gà,44000,30,31000,1,0,1,delivery,10:15,0,0,0.0,Dân cư đông,Phở,Phường Hạnh Thông
L06756,R062,2026-06-16,Phở bò viên,63000,30,44000,1,0,1,delivery,10:00,0,0,0.0,Dân cư đông,Phở,Phường Hạnh Thông
L06757,R062,2026-06-16,Phở bò tái nạm,57000,37,36000,1,0,1,delivery,10:15,0,0,0.0,Dân cư đông,Phở,Phường Hạnh Thông
L06758,R062,2026-06-16,Phở bò tái,43000,32,29000,1,0,1,delivery,10:00,0,0,0.0,Dân cư đông,Phở,Phường Hạnh Thông
L06759,R063,2026-06-16,Hủ tiếu bò kho,59000,39,36000,4,2,2,delivery,19:45,72000,46000,0.5,Công nhân,Hủ tiếu,Phường Thuận Giao
L06760,R063,2026-06-16,Hủ tiếu mì,50000,43,28000,4,2,2,delivery,19:30,56000,44000,0.5,Công nhân,Hủ tiếu,Phường Thuận Giao
L06761,R063,2026-06-16,Hủ tiếu sa tế,45000,42,26000,4,3,1,delivery,19:45,78000,57000,0.75,Công nhân,Hủ tiếu,Phường Thuận Giao
L06762,R064,2026-06-16,Bún bò gân,41000,40,25000,3,2,1,delivery,10:45,50000,32000,0.667,Sinh viên,Bún bò,Phường Tăng Nhơn Phú
L06763,R064,2026-06-16,Bún bò thập cẩm,49000,39,30000,3,1,2,delivery,10:30,30000,19000,0.333,Sinh viên,Bún bò,Phường Tăng Nhơn Phú
L06764,R064,2026-06-16,Bún bò giò heo,48000,43,27000,2,1,1,delivery,10:30,27000,21000,0.5,Sinh viên,Bún bò,Phường Tăng Nhơn Phú
L06765,R065,2026-06-16,Cơm tấm bì,26000,56,11000,2,1,1,pickup,19:45,11000,15000,0.5,Công nhân,Cơm tấm,Phường Đông Hòa
L06766,R065,2026-06-16,Cơm tấm sườn nướng,40000,49,20000,2,1,1,pickup,19:45,20000,20000,0.5,Công nhân,Cơm tấm,Phường Đông Hòa
L06767,R065,2026-06-16,Cơm tấm đặc biệt,37000,55,17000,2,1,1,pickup,19:30,17000,20000,0.5,Công nhân,Cơm tấm,Phường Đông Hòa
L06768,R066,2026-06-16,Cơm canh chua,45000,58,19000,5,3,2,pickup,09:15,57000,78000,0.6,Sinh viên,Cơm văn phòng,Phường An Khánh
L06769,R066,2026-06-16,Cơm thịt kho trứng,33000,60,13000,5,4,1,pickup,09:45,52000,80000,0.8,Sinh viên,Cơm văn phòng,Phường An Khánh
L06770,R066,2026-06-16,Cơm sườn đậu hũ,52000,60,21000,4,3,1,pickup,09:45,63000,93000,0.75,Sinh viên,Cơm văn phòng,Phường An Khánh
L06771,R067,2026-06-16,Cơm sườn đậu hũ,36000,47,19000,1,0,1,delivery,19:15,0,0,0.0,Dân cư đông,Cơm văn phòng,Phường An Hội Đông
L06772,R067,2026-06-16,Cơm canh chua,42000,47,22000,1,0,1,pickup,19:00,0,0,0.0,Dân cư đông,Cơm văn phòng,Phường An Hội Đông
L06773,R067,2026-06-16,Cơm thịt kho trứng,32000,50,16000,1,0,1,pickup,19:15,0,0,0.0,Dân cư đông,Cơm văn phòng,Phường An Hội Đông
L06774,R067,2026-06-16,Cơm gà xối mỡ,53000,49,27000,1,0,1,pickup,19:30,0,0,0.0,Dân cư đông,Cơm văn phòng,Phường An Hội Đông
L06775,R067,2026-06-16,Cơm gà luộc,30000,42,17000,1,0,1,delivery,19:45,0,0,0.0,Dân cư đông,Cơm văn phòng,Phường An Hội Đông
L06776,R068,2026-06-16,Bún riêu cua mọc,40000,37,25000,1,0,1,delivery,19:30,0,0,0.0,Trung tâm,Bún riêu,Phường Xuân Hòa
L06777,R068,2026-06-16,Bún riêu cua,50000,33,34000,1,0,1,delivery,19:30,0,0,0.0,Trung tâm,Bún riêu,Phường Xuân Hòa
L06778,R068,2026-06-16,Bún riêu thập cẩm,46000,30,32000,1,0,1,delivery,19:00,0,0,0.0,Trung tâm,Bún riêu,Phường Xuân Hòa
L06779,R069,2026-06-16,Bánh mì thịt nguội,24000,46,13000,1,0,1,pickup,20:00,0,0,0.0,Ngoại ô,Bánh mì,Xã Xuân Thới Sơn
L06780,R069,2026-06-16,Bánh mì xíu mại,33000,52,16000,1,0,1,delivery,20:30,0,0,0.0,Ngoại ô,Bánh mì,Xã Xuân Thới Sơn
L06781,R069,2026-06-16,Bánh mì gà,22000,43,13000,1,0,1,pickup,20:30,0,0,0.0,Ngoại ô,Bánh mì,Xã Xuân Thới Sơn
L06782,R070,2026-06-16,Hủ tiếu thập cẩm,45000,58,19000,1,0,1,pickup,19:30,0,0,0.0,Dân cư đông,Hủ tiếu,Phường Gò Vấp
L06783,R070,2026-06-16,Hủ tiếu mì,49000,60,20000,1,0,1,pickup,19:45,0,0,0.0,Dân cư đông,Hủ tiếu,Phường Gò Vấp
L06784,R070,2026-06-16,Hủ tiếu bò kho,56000,56,25000,1,0,1,delivery,19:00,0,0,0.0,Dân cư đông,Hủ tiếu,Phường Gò Vấp
L06785,R070,2026-06-16,Hủ tiếu Nam Vang,59000,60,24000,1,0,1,pickup,19:30,0,0,0.0,Dân cư đông,Hủ tiếu,Phường Gò Vấp
L06786,R071,2026-06-16,Cơm tấm sườn nướng,45000,36,29000,3,1,2,pickup,11:15,29000,16000,0.333,Sinh viên,Cơm tấm,Phường Bình Trưng
L06787,R071,2026-06-16,Cơm tấm bì,36000,30,25000,3,1,2,pickup,11:30,25000,11000,0.333,Sinh viên,Cơm tấm,Phường Bình Trưng
L06788,R071,2026-06-16,Cơm tấm sườn trứng,52000,39,32000,3,1,2,delivery,11:00,32000,20000,0.333,Sinh viên,Cơm tấm,Phường Bình Trưng
L06789,R071,2026-06-16,Cơm tấm đặc biệt,38000,39,23000,3,1,2,delivery,11:00,23000,15000,0.333,Sinh viên,Cơm tấm,Phường Bình Trưng
L06790,R071,2026-06-16,Cơm tấm sườn bì chả,44000,35,29000,3,1,2,delivery,11:30,29000,15000,0.333,Sinh viên,Cơm tấm,Phường Bình Trưng
L06791,R072,2026-06-16,Cơm gà xối mỡ,34000,55,15000,5,3,2,delivery,14:15,45000,57000,0.6,Trung tâm,Cơm văn phòng,Phường Bến Thành
L06792,R072,2026-06-16,Cơm canh chua,36000,56,16000,4,2,2,delivery,14:45,32000,40000,0.5,Trung tâm,Cơm văn phòng,Phường Bến Thành
L06793,R073,2026-06-16,Bánh mì chả lụa,20000,49,10000,2,1,1,delivery,16:30,10000,10000,0.5,Dân cư đông,Bánh mì,Phường Vĩnh Hội
L06794,R073,2026-06-16,Bánh mì thịt nguội,25000,41,15000,2,1,1,pickup,16:30,15000,10000,0.5,Dân cư đông,Bánh mì,Phường Vĩnh Hội
L06795,R074,2026-06-16,Cơm thịt kho trứng,36000,32,24000,2,0,2,pickup,17:00,0,0,0.0,Dân cư đông,Cơm văn phòng,Phường Bình Lợi Trung
L06796,R074,2026-06-16,Cơm sườn đậu hũ,50000,30,35000,1,0,1,pickup,17:45,0,0,0.0,Dân cư đông,Cơm văn phòng,Phường Bình Lợi Trung
L06797,R074,2026-06-16,Cơm gà xối mỡ,27000,31,19000,2,0,2,pickup,17:15,0,0,0.0,Dân cư đông,Cơm văn phòng,Phường Bình Lợi Trung
L06798,R074,2026-06-16,Cơm canh chua,41000,35,27000,1,0,1,pickup,17:00,0,0,0.0,Dân cư đông,Cơm văn phòng,Phường Bình Lợi Trung
L06799,R074,2026-06-16,Cơm gà luộc,28000,30,20000,2,0,2,pickup,17:00,0,0,0.0,Dân cư đông,Cơm văn phòng,Phường Bình Lợi Trung
L06800,R075,2026-06-16,Cơm tấm sườn trứng,35000,55,16000,3,2,1,pickup,15:15,32000,38000,0.667,Dân cư đông,Cơm tấm,Phường Vĩnh Hội
L06801,R075,2026-06-16,Cơm tấm sườn bì chả,37000,50,18000,2,1,1,delivery,15:00,18000,19000,0.5,Dân cư đông,Cơm tấm,Phường Vĩnh Hội
L06802,R075,2026-06-16,Cơm tấm bì,37000,50,18000,3,2,1,delivery,15:00,36000,38000,0.667,Dân cư đông,Cơm tấm,Phường Vĩnh Hội
L06803,R076,2026-06-16,Phở gà,42000,44,24000,7,5,2,pickup,12:30,120000,90000,0.714,Dân cư đông,Phở,Phường An Nhơn
L06804,R076,2026-06-16,Phở bò viên,46000,47,24000,7,4,3,pickup,12:30,96000,88000,0.571,Dân cư đông,Phở,Phường An Nhơn
L06805,R076,2026-06-16,Phở bò tái,55000,44,31000,5,3,2,pickup,12:45,93000,72000,0.6,Dân cư đông,Phở,Phường An Nhơn
L06806,R077,2026-06-16,Cơm tấm sườn bì chả,41000,46,22000,2,1,1,pickup,14:00,22000,19000,0.5,Trung tâm,Cơm tấm,Phường Xuân Hòa
L06807,R077,2026-06-16,Cơm tấm sườn nướng,53000,42,31000,2,1,1,delivery,14:00,31000,22000,0.5,Trung tâm,Cơm tấm,Phường Xuân Hòa
L06808,R077,2026-06-16,Cơm tấm đặc biệt,38000,43,22000,3,1,2,delivery,14:15,22000,16000,0.333,Trung tâm,Cơm tấm,Phường Xuân Hòa
L06809,R078,2026-06-16,Bún riêu cua,40000,42,23000,2,1,1,pickup,13:00,23000,17000,0.5,Công nhân,Bún riêu,Phường Tân Đông Hiệp
L06810,R078,2026-06-16,Bún riêu thập cẩm,46000,38,29000,2,0,2,pickup,13:15,0,0,0.0,Công nhân,Bún riêu,Phường Tân Đông Hiệp
L06811,R078,2026-06-16,Bún riêu cua đồng,49000,42,28000,2,1,1,pickup,13:30,28000,21000,0.5,Công nhân,Bún riêu,Phường Tân Đông Hiệp
L06812,R078,2026-06-16,Bún riêu cua mọc,36000,37,23000,2,1,1,pickup,13:30,23000,13000,0.5,Công nhân,Bún riêu,Phường Tân Đông Hiệp
L06813,R079,2026-06-16,Cơm tấm bì,49000,49,25000,9,6,3,pickup,16:00,150000,144000,0.667,Sinh viên,Cơm tấm,Phường Bình Trưng
L06814,R080,2026-06-16,Cơm tấm đặc biệt,48000,51,24000,1,0,1,delivery,09:45,0,0,0.0,Dân cư đông,Cơm tấm,Phường An Hội Đông
L06815,R080,2026-06-16,Cơm tấm sườn trứng,43000,50,22000,2,1,1,pickup,09:45,22000,21000,0.5,Dân cư đông,Cơm tấm,Phường An Hội Đông
L06816,R080,2026-06-16,Cơm tấm bì,49000,41,29000,2,1,1,pickup,09:00,29000,20000,0.5,Dân cư đông,Cơm tấm,Phường An Hội Đông
L06817,R080,2026-06-16,Cơm tấm sườn bì chả,53000,51,26000,1,0,1,delivery,09:45,0,0,0.0,Dân cư đông,Cơm tấm,Phường An Hội Đông
L06818,R080,2026-06-16,Cơm tấm sườn nướng,45000,46,24000,1,0,1,delivery,09:30,0,0,0.0,Dân cư đông,Cơm tấm,Phường An Hội Đông
L06819,R081,2026-06-16,Bún riêu thập cẩm,42000,56,18000,4,3,1,pickup,09:15,54000,72000,0.75,Công nhân,Bún riêu,Phường Đông Hòa
L06820,R081,2026-06-16,Bún riêu cua,39000,56,17000,4,3,1,pickup,09:15,51000,66000,0.75,Công nhân,Bún riêu,Phường Đông Hòa
L06821,R081,2026-06-16,Bún riêu cua đồng,39000,54,18000,3,2,1,pickup,09:00,36000,42000,0.667,Công nhân,Bún riêu,Phường Đông Hòa
L06822,R081,2026-06-16,Bún riêu cua mọc,37000,58,16000,3,2,1,pickup,09:00,32000,42000,0.667,Công nhân,Bún riêu,Phường Đông Hòa
L06823,R082,2026-06-16,Hủ tiếu Nam Vang,58000,58,24000,9,6,3,delivery,19:45,144000,204000,0.667,Sinh viên,Hủ tiếu,Phường Tăng Nhơn Phú
L06824,R082,2026-06-16,Hủ tiếu mì,51000,49,26000,11,8,3,delivery,19:45,208000,200000,0.727,Sinh viên,Hủ tiếu,Phường Tăng Nhơn Phú
L06825,R083,2026-06-16,Cơm tấm sườn trứng,27000,31,19000,2,0,2,pickup,14:45,0,0,0.0,Trung tâm,Cơm tấm,Phường Sài Gòn
L06826,R083,2026-06-16,Cơm tấm sườn nướng,35000,32,24000,2,1,1,pickup,14:45,24000,11000,0.5,Trung tâm,Cơm tấm,Phường Sài Gòn
L06827,R083,2026-06-16,Cơm tấm sườn bì chả,38000,34,25000,1,0,1,delivery,14:15,0,0,0.0,Trung tâm,Cơm tấm,Phường Sài Gòn
L06828,R084,2026-06-16,Bún riêu cua mọc,39000,36,25000,1,0,1,delivery,18:30,0,0,0.0,Sinh viên,Bún riêu,Phường Hiệp Bình
L06829,R085,2026-06-16,Bánh mì chả lụa,24000,53,11000,16,14,2,pickup,20:30,154000,182000,0.875,Sinh viên,Bánh mì,Phường Tăng Nhơn Phú
L06830,R086,2026-06-16,Phở bò tái nạm,60000,50,30000,1,0,1,delivery,10:45,0,0,0.0,Dân cư đông,Phở,Phường Tân Sơn Nhất
L06831,R086,2026-06-16,Phở bò tái,37000,59,15000,1,0,1,delivery,10:15,0,0,0.0,Dân cư đông,Phở,Phường Tân Sơn Nhất
L06832,R086,2026-06-16,Phở bò viên,47000,52,23000,1,0,1,delivery,10:45,0,0,0.0,Dân cư đông,Phở,Phường Tân Sơn Nhất
L06833,R086,2026-06-16,Phở gà,55000,52,26000,1,0,1,delivery,10:30,0,0,0.0,Dân cư đông,Phở,Phường Tân Sơn Nhất
L06834,R086,2026-06-16,Phở bò chín,55000,57,24000,1,0,1,delivery,10:45,0,0,0.0,Dân cư đông,Phở,Phường Tân Sơn Nhất
L06835,R087,2026-06-16,Phở bò tái nạm,41000,36,26000,15,5,10,pickup,13:00,130000,75000,0.333,Công nhân,Phở,Phường Thuận An
L06836,R087,2026-06-16,Phở bò chín,47000,38,29000,15,9,6,pickup,13:00,261000,162000,0.6,Công nhân,Phở,Phường Thuận An
L06837,R088,2026-06-16,Cơm tấm đặc biệt,31000,60,12000,2,1,1,delivery,09:45,12000,19000,0.5,Dân cư đông,Cơm tấm,Phường Gò Vấp
L06838,R088,2026-06-16,Cơm tấm bì,37000,60,15000,2,1,1,delivery,09:45,15000,22000,0.5,Dân cư đông,Cơm tấm,Phường Gò Vấp
L06839,R088,2026-06-16,Cơm tấm sườn trứng,37000,53,17000,3,2,1,delivery,09:45,34000,40000,0.667,Dân cư đông,Cơm tấm,Phường Gò Vấp
L06840,R088,2026-06-16,Cơm tấm sườn bì chả,45000,60,18000,3,2,1,pickup,09:30,36000,54000,0.667,Dân cư đông,Cơm tấm,Phường Gò Vấp
L06841,R088,2026-06-16,Cơm tấm sườn nướng,42000,60,17000,2,1,1,pickup,09:30,17000,25000,0.5,Dân cư đông,Cơm tấm,Phường Gò Vấp
L06842,R089,2026-06-16,Hủ tiếu thập cẩm,55000,37,35000,1,0,1,delivery,15:30,0,0,0.0,Công nhân,Hủ tiếu,Phường Đông Hòa
L06843,R089,2026-06-16,Hủ tiếu mì,45000,33,30000,1,0,1,delivery,15:30,0,0,0.0,Công nhân,Hủ tiếu,Phường Đông Hòa
L06844,R089,2026-06-16,Hủ tiếu bò kho,48000,30,34000,1,0,1,pickup,15:45,0,0,0.0,Công nhân,Hủ tiếu,Phường Đông Hòa
L06845,R089,2026-06-16,Hủ tiếu sa tế,47000,30,33000,1,0,1,delivery,15:00,0,0,0.0,Công nhân,Hủ tiếu,Phường Đông Hòa
L06846,R090,2026-06-16,Hủ tiếu Nam Vang,44000,35,29000,13,6,7,delivery,09:15,174000,90000,0.462,Sinh viên,Hủ tiếu,Phường Thủ Đức
L06847,R091,2026-06-16,Bánh mì chả lụa,27000,56,12000,2,1,1,delivery,12:15,12000,15000,0.5,Dân cư đông,Bánh mì,Phường Xóm Chiếu
L06848,R092,2026-06-16,Cơm tấm sườn bì chả,30000,38,19000,2,1,1,pickup,17:30,19000,11000,0.5,Dân cư đông,Cơm tấm,Phường Gia Định
L06849,R092,2026-06-16,Cơm tấm sườn nướng,39000,40,23000,2,1,1,delivery,17:00,23000,16000,0.5,Dân cư đông,Cơm tấm,Phường Gia Định
L06850,R092,2026-06-16,Cơm tấm sườn trứng,28000,30,20000,3,1,2,delivery,17:15,20000,8000,0.333,Dân cư đông,Cơm tấm,Phường Gia Định
L06851,R092,2026-06-16,Cơm tấm bì,46000,37,29000,2,1,1,pickup,17:45,29000,17000,0.5,Dân cư đông,Cơm tấm,Phường Gia Định
L06852,R092,2026-06-16,Cơm tấm đặc biệt,39000,32,27000,2,0,2,delivery,17:00,0,0,0.0,Dân cư đông,Cơm tấm,Phường Gia Định
L06853,R093,2026-06-16,Phở bò tái,46000,35,30000,6,3,3,delivery,09:45,90000,48000,0.5,Công nhân,Phở,Phường Tân Đông Hiệp
L06854,R093,2026-06-16,Phở gà,62000,31,43000,6,3,3,pickup,09:00,129000,57000,0.5,Công nhân,Phở,Phường Tân Đông Hiệp
L06855,R093,2026-06-16,Phở bò viên,52000,38,32000,5,1,4,delivery,09:00,32000,20000,0.2,Công nhân,Phở,Phường Tân Đông Hiệp
L06856,R093,2026-06-16,Phở bò tái nạm,49000,36,31000,6,2,4,pickup,09:30,62000,36000,0.333,Công nhân,Phở,Phường Tân Đông Hiệp
L06857,R094,2026-06-16,Hủ tiếu thập cẩm,46000,57,20000,7,5,2,pickup,12:45,100000,130000,0.714,Dân cư đông,Hủ tiếu,Phường Bình Lợi Trung
L06858,R095,2026-06-16,Cơm tấm sườn trứng,43000,60,17000,2,1,1,pickup,14:15,17000,26000,0.5,Công nhân,Cơm tấm,Phường Lái Thiêu
L06859,R095,2026-06-16,Cơm tấm bì,35000,60,14000,2,1,1,pickup,14:15,14000,21000,0.5,Công nhân,Cơm tấm,Phường Lái Thiêu
L06860,R095,2026-06-16,Cơm tấm sườn nướng,45000,60,18000,2,1,1,delivery,14:45,18000,27000,0.5,Công nhân,Cơm tấm,Phường Lái Thiêu
L06861,R095,2026-06-16,Cơm tấm đặc biệt,31000,60,12000,2,1,1,pickup,14:30,12000,19000,0.5,Công nhân,Cơm tấm,Phường Lái Thiêu
L06862,R096,2026-06-16,Cơm thịt kho trứng,48000,48,25000,8,6,2,pickup,14:00,150000,138000,0.75,Công nhân,Cơm văn phòng,Phường Lái Thiêu
L06863,R096,2026-06-16,Cơm sườn đậu hũ,35000,41,21000,9,6,3,pickup,14:30,126000,84000,0.667,Công nhân,Cơm văn phòng,Phường Lái Thiêu
L06864,R097,2026-06-16,Hủ tiếu sa tế,43000,52,21000,2,1,1,pickup,20:45,21000,22000,0.5,Công nhân,Hủ tiếu,Phường Tân Đông Hiệp
L06865,R097,2026-06-16,Hủ tiếu mì,57000,48,30000,2,1,1,delivery,20:00,30000,27000,0.5,Công nhân,Hủ tiếu,Phường Tân Đông Hiệp
L06866,R097,2026-06-16,Hủ tiếu thập cẩm,45000,50,22000,2,1,1,delivery,20:00,22000,23000,0.5,Công nhân,Hủ tiếu,Phường Tân Đông Hiệp
L06867,R098,2026-06-16,Bún riêu thập cẩm,48000,43,27000,3,2,1,delivery,16:30,54000,42000,0.667,Trung tâm,Bún riêu,Phường Xuân Hòa
L06868,R099,2026-06-16,Cơm gà xối mỡ,47000,56,21000,1,0,1,pickup,09:45,0,0,0.0,Sinh viên,Cơm văn phòng,Phường An Khánh
L06869,R099,2026-06-16,Cơm sườn đậu hũ,39000,58,16000,1,0,1,pickup,09:15,0,0,0.0,Sinh viên,Cơm văn phòng,Phường An Khánh
L06870,R099,2026-06-16,Cơm canh chua,46000,60,18000,1,0,1,pickup,09:00,0,0,0.0,Sinh viên,Cơm văn phòng,Phường An Khánh
L06871,R099,2026-06-16,Cơm thịt kho trứng,28000,54,13000,1,0,1,pickup,09:15,0,0,0.0,Sinh viên,Cơm văn phòng,Phường An Khánh
L06872,R099,2026-06-16,Cơm gà luộc,29000,57,12000,1,0,1,pickup,09:45,0,0,0.0,Sinh viên,Cơm văn phòng,Phường An Khánh
L06873,R100,2026-06-16,Hủ tiếu sa tế,51000,39,31000,3,1,2,delivery,15:30,31000,20000,0.333,Trung tâm,Hủ tiếu,Phường Tân Định
L06874,R100,2026-06-16,Hủ tiếu bò kho,46000,38,29000,2,0,2,delivery,15:15,0,0,0.0,Trung tâm,Hủ tiếu,Phường Tân Định
L06875,R101,2026-06-16,Phở bò viên,47000,36,30000,1,0,1,pickup,09:15,0,0,0.0,Công nhân,Phở,Phường Bình Hòa
L06876,R101,2026-06-16,Phở bò tái nạm,54000,30,38000,1,0,1,pickup,09:45,0,0,0.0,Công nhân,Phở,Phường Bình Hòa
L06877,R101,2026-06-16,Phở bò chín,49000,35,32000,1,0,1,pickup,09:00,0,0,0.0,Công nhân,Phở,Phường Bình Hòa
L06878,R102,2026-06-16,Bún bò thập cẩm,38000,49,19000,2,1,1,pickup,15:15,19000,19000,0.5,Sinh viên,Bún bò,Phường Thủ Đức
L06879,R102,2026-06-16,Bún bò giò heo,48000,51,24000,1,0,1,delivery,15:45,0,0,0.0,Sinh viên,Bún bò,Phường Thủ Đức
L06880,R102,2026-06-16,Bún bò gân,39000,49,20000,2,1,1,delivery,15:00,20000,19000,0.5,Sinh viên,Bún bò,Phường Thủ Đức
L06881,R102,2026-06-16,Bún bò Huế đặc biệt,54000,49,28000,2,1,1,delivery,15:30,28000,26000,0.5,Sinh viên,Bún bò,Phường Thủ Đức
L06882,R103,2026-06-16,Cơm gà xối mỡ,35000,40,21000,8,6,2,pickup,11:30,126000,84000,0.75,Công nhân,Cơm văn phòng,Phường Đông Hòa
L06883,R103,2026-06-16,Cơm sườn đậu hũ,51000,36,33000,8,5,3,pickup,11:00,165000,90000,0.625,Công nhân,Cơm văn phòng,Phường Đông Hòa
L06884,R103,2026-06-16,Cơm canh chua,42000,38,26000,6,3,3,delivery,11:00,78000,48000,0.5,Công nhân,Cơm văn phòng,Phường Đông Hòa
L06885,R104,2026-06-16,Bánh mì trứng,28000,54,13000,1,0,1,pickup,19:00,0,0,0.0,Dân cư đông,Bánh mì,Phường Thông Tây Hội
L06886,R104,2026-06-16,Bánh mì chả lụa,24000,45,13000,1,0,1,pickup,19:45,0,0,0.0,Dân cư đông,Bánh mì,Phường Thông Tây Hội
L06887,R104,2026-06-16,Bánh mì gà,26000,52,12000,1,0,1,pickup,19:15,0,0,0.0,Dân cư đông,Bánh mì,Phường Thông Tây Hội
L06888,R104,2026-06-16,Bánh mì xíu mại,22000,45,12000,1,0,1,pickup,19:45,0,0,0.0,Dân cư đông,Bánh mì,Phường Thông Tây Hội
L06889,R104,2026-06-16,Bánh mì thịt nguội,21000,54,10000,1,0,1,pickup,19:00,0,0,0.0,Dân cư đông,Bánh mì,Phường Thông Tây Hội
L06890,R105,2026-06-16,Bánh mì chả lụa,20000,37,13000,5,2,3,pickup,16:00,26000,14000,0.4,Sinh viên,Bánh mì,Phường Tam Bình
L06891,R105,2026-06-16,Bánh mì xíu mại,21000,36,13000,4,2,2,pickup,16:00,26000,16000,0.5,Sinh viên,Bánh mì,Phường Tam Bình
L06892,R106,2026-06-16,Phở bò chín,57000,53,27000,8,6,2,pickup,11:30,162000,180000,0.75,Công nhân,Phở,Phường An Phú
L06893,R106,2026-06-16,Phở gà,53000,56,23000,8,6,2,pickup,11:15,138000,180000,0.75,Công nhân,Phở,Phường An Phú
L06894,R106,2026-06-16,Phở bò tái nạm,54000,55,24000,8,7,1,pickup,11:00,168000,210000,0.875,Công nhân,Phở,Phường An Phú
L06895,R107,2026-06-16,Hủ tiếu bò kho,57000,36,36000,15,5,10,delivery,09:15,180000,105000,0.333,Dân cư đông,Hủ tiếu,Phường Gò Vấp
L06896,R108,2026-06-16,Cơm tấm sườn bì chả,35000,53,16000,4,3,1,delivery,16:15,48000,57000,0.75,Sinh viên,Cơm tấm,Phường Thủ Đức
L06897,R108,2026-06-16,Cơm tấm bì,38000,53,18000,3,2,1,delivery,16:30,36000,40000,0.667,Sinh viên,Cơm tấm,Phường Thủ Đức
L06898,R108,2026-06-16,Cơm tấm sườn nướng,40000,54,18000,4,2,2,delivery,16:15,36000,44000,0.5,Sinh viên,Cơm tấm,Phường Thủ Đức
L06899,R108,2026-06-16,Cơm tấm đặc biệt,35000,49,18000,3,1,2,delivery,16:45,18000,17000,0.333,Sinh viên,Cơm tấm,Phường Thủ Đức
L06900,R109,2026-06-16,Hủ tiếu bò kho,45000,57,19000,1,0,1,delivery,11:15,0,0,0.0,Trung tâm,Hủ tiếu,Phường Sài Gòn
L06901,R109,2026-06-16,Hủ tiếu Nam Vang,46000,60,18000,1,0,1,delivery,11:30,0,0,0.0,Trung tâm,Hủ tiếu,Phường Sài Gòn
L06902,R109,2026-06-16,Hủ tiếu sa tế,59000,55,27000,1,0,1,pickup,11:00,0,0,0.0,Trung tâm,Hủ tiếu,Phường Sài Gòn
L06903,R110,2026-06-16,Phở bò tái,60000,56,26000,4,3,1,pickup,10:15,78000,102000,0.75,Sinh viên,Phở,Phường Hiệp Bình
L06904,R110,2026-06-16,Phở gà,50000,60,20000,3,2,1,delivery,10:00,40000,60000,0.667,Sinh viên,Phở,Phường Hiệp Bình
L06905,R111,2026-06-16,Bánh mì thịt nguội,16000,55,7000,4,3,1,delivery,09:00,21000,27000,0.75,Sinh viên,Bánh mì,Phường Long Bình
L06906,R112,2026-06-16,Hủ tiếu thập cẩm,47000,54,22000,1,0,1,pickup,11:00,0,0,0.0,Dân cư đông,Hủ tiếu,Phường Gò Vấp
L06907,R112,2026-06-16,Hủ tiếu sa tế,58000,49,30000,1,0,1,delivery,11:00,0,0,0.0,Dân cư đông,Hủ tiếu,Phường Gò Vấp
L06908,R112,2026-06-16,Hủ tiếu Nam Vang,50000,51,24000,1,0,1,delivery,11:45,0,0,0.0,Dân cư đông,Hủ tiếu,Phường Gò Vấp
L06909,R112,2026-06-16,Hủ tiếu bò kho,47000,54,22000,1,0,1,delivery,11:00,0,0,0.0,Dân cư đông,Hủ tiếu,Phường Gò Vấp
L06910,R112,2026-06-16,Hủ tiếu mì,42000,49,21000,1,0,1,delivery,11:45,0,0,0.0,Dân cư đông,Hủ tiếu,Phường Gò Vấp
L06911,R113,2026-06-16,Bánh mì gà,31000,50,16000,1,0,1,delivery,10:30,0,0,0.0,Dân cư đông,Bánh mì,Phường Tân Hòa
L06912,R113,2026-06-16,Bánh mì thịt nguội,27000,44,15000,1,0,1,delivery,10:45,0,0,0.0,Dân cư đông,Bánh mì,Phường Tân Hòa
L06913,R113,2026-06-16,Bánh mì xíu mại,23000,48,12000,1,0,1,delivery,10:00,0,0,0.0,Dân cư đông,Bánh mì,Phường Tân Hòa
L06914,R113,2026-06-16,Bánh mì trứng,20000,51,10000,1,0,1,delivery,10:15,0,0,0.0,Dân cư đông,Bánh mì,Phường Tân Hòa
L06915,R113,2026-06-16,Bánh mì chả lụa,26000,53,12000,1,0,1,delivery,10:15,0,0,0.0,Dân cư đông,Bánh mì,Phường Tân Hòa
L06916,R114,2026-06-16,Cơm canh chua,29000,38,18000,1,0,1,delivery,10:45,0,0,0.0,Công nhân,Cơm văn phòng,Phường Bình Hòa
L06917,R114,2026-06-16,Cơm thịt kho trứng,39000,45,21000,1,0,1,delivery,10:45,0,0,0.0,Công nhân,Cơm văn phòng,Phường Bình Hòa
L06918,R114,2026-06-16,Cơm sườn đậu hũ,39000,41,23000,1,0,1,delivery,10:30,0,0,0.0,Công nhân,Cơm văn phòng,Phường Bình Hòa
L06919,R114,2026-06-16,Cơm gà xối mỡ,28000,45,15000,1,0,1,delivery,10:30,0,0,0.0,Công nhân,Cơm văn phòng,Phường Bình Hòa
L06920,R115,2026-06-16,Cơm tấm đặc biệt,46000,38,29000,1,0,1,pickup,14:45,0,0,0.0,Dân cư đông,Cơm tấm,Phường Khánh Hội
L06921,R115,2026-06-16,Cơm tấm sườn trứng,30000,39,18000,1,0,1,delivery,14:15,0,0,0.0,Dân cư đông,Cơm tấm,Phường Khánh Hội
L06922,R116,2026-06-16,Cơm canh chua,38000,41,22000,2,1,1,delivery,20:30,22000,16000,0.5,Dân cư đông,Cơm văn phòng,Phường Bình Lợi Trung
L06923,R116,2026-06-16,Cơm gà luộc,32000,35,21000,2,1,1,pickup,20:45,21000,11000,0.5,Dân cư đông,Cơm văn phòng,Phường Bình Lợi Trung
L06924,R117,2026-06-16,Bánh mì trứng,20000,35,13000,1,0,1,delivery,09:30,0,0,0.0,Sinh viên,Bánh mì,Phường Hiệp Bình
L06925,R117,2026-06-16,Bánh mì chả lụa,21000,39,13000,1,0,1,delivery,09:00,0,0,0.0,Sinh viên,Bánh mì,Phường Hiệp Bình
L06926,R117,2026-06-16,Bánh mì thịt nguội,17000,36,11000,1,0,1,delivery,09:45,0,0,0.0,Sinh viên,Bánh mì,Phường Hiệp Bình
L06927,R118,2026-06-16,Bánh mì thịt nguội,31000,33,21000,2,1,1,pickup,10:15,21000,10000,0.5,Dân cư đông,Bánh mì,Phường Gò Vấp
L06928,R118,2026-06-16,Bánh mì trứng,21000,33,14000,3,0,3,pickup,10:15,0,0,0.0,Dân cư đông,Bánh mì,Phường Gò Vấp
L06929,R118,2026-06-16,Bánh mì chả lụa,21000,34,14000,3,1,2,pickup,10:15,14000,7000,0.333,Dân cư đông,Bánh mì,Phường Gò Vấp
L06930,R119,2026-06-16,Bún bò thập cẩm,50000,49,26000,7,3,4,pickup,14:45,78000,72000,0.429,Công nhân,Bún bò,Phường Đông Hòa
L06931,R120,2026-06-16,Bún bò giò heo,50000,55,22000,1,0,1,pickup,11:45,0,0,0.0,Dân cư đông,Bún bò,Phường Hạnh Thông
L06932,R120,2026-06-16,Bún bò gân,55000,58,23000,1,0,1,pickup,11:45,0,0,0.0,Dân cư đông,Bún bò,Phường Hạnh Thông
L06933,R120,2026-06-16,Bún bò Huế đặc biệt,61000,57,26000,1,0,1,pickup,11:30,0,0,0.0,Dân cư đông,Bún bò,Phường Hạnh Thông
L06934,R120,2026-06-16,Bún bò thập cẩm,46000,56,20000,1,0,1,pickup,11:30,0,0,0.0,Dân cư đông,Bún bò,Phường Hạnh Thông
L06935,R120,2026-06-16,Bún bò viên,48000,58,20000,1,0,1,pickup,11:45,0,0,0.0,Dân cư đông,Bún bò,Phường Hạnh Thông
L06936,R121,2026-06-16,Cơm gà luộc,34000,43,19000,1,0,1,pickup,12:00,0,0,0.0,Dân cư đông,Cơm văn phòng,Phường Gò Vấp
L06937,R121,2026-06-16,Cơm canh chua,31000,35,20000,1,0,1,pickup,12:45,0,0,0.0,Dân cư đông,Cơm văn phòng,Phường Gò Vấp
L06938,R121,2026-06-16,Cơm sườn đậu hũ,40000,39,24000,1,0,1,pickup,12:45,0,0,0.0,Dân cư đông,Cơm văn phòng,Phường Gò Vấp
L06939,R121,2026-06-16,Cơm thịt kho trứng,40000,40,24000,1,0,1,pickup,12:30,0,0,0.0,Dân cư đông,Cơm văn phòng,Phường Gò Vấp
L06940,R121,2026-06-16,Cơm gà xối mỡ,29000,37,18000,1,0,1,pickup,12:00,0,0,0.0,Dân cư đông,Cơm văn phòng,Phường Gò Vấp
L06941,R122,2026-06-16,Bún riêu cua mọc,38000,41,22000,7,5,2,pickup,09:15,110000,80000,0.714,Sinh viên,Bún riêu,Phường Linh Xuân
L06942,R123,2026-06-16,Cơm canh chua,30000,52,14000,14,12,2,delivery,16:45,168000,192000,0.857,Sinh viên,Cơm văn phòng,Phường Bình Trưng
L06943,R124,2026-06-16,Bún bò Huế đặc biệt,59000,36,38000,2,0,2,delivery,15:00,0,0,0.0,Sinh viên,Bún bò,Phường Cát Lái
L06944,R124,2026-06-16,Bún bò gân,49000,30,34000,3,1,2,delivery,15:30,34000,15000,0.333,Sinh viên,Bún bò,Phường Cát Lái
L06945,R124,2026-06-16,Bún bò viên,47000,30,33000,3,1,2,delivery,15:00,33000,14000,0.333,Sinh viên,Bún bò,Phường Cát Lái
L06946,R124,2026-06-16,Bún bò thập cẩm,56000,32,38000,3,1,2,delivery,15:00,38000,18000,0.333,Sinh viên,Bún bò,Phường Cát Lái
L06947,R124,2026-06-16,Bún bò giò heo,63000,36,40000,3,1,2,pickup,15:30,40000,23000,0.333,Sinh viên,Bún bò,Phường Cát Lái
L06948,R125,2026-06-16,Bánh mì trứng,17000,56,7000,3,2,1,pickup,15:30,14000,20000,0.667,Công nhân,Bánh mì,Phường Lái Thiêu
L06949,R125,2026-06-16,Bánh mì xíu mại,22000,48,11000,2,1,1,pickup,15:30,11000,11000,0.5,Công nhân,Bánh mì,Phường Lái Thiêu
L06950,R126,2026-06-16,Phở gà,38000,40,23000,2,1,1,delivery,11:00,23000,15000,0.5,Dân cư đông,Phở,Phường Gò Vấp
L06951,R126,2026-06-16,Phở bò viên,45000,36,29000,2,0,2,delivery,11:45,0,0,0.0,Dân cư đông,Phở,Phường Gò Vấp
L06952,R126,2026-06-16,Phở bò chín,48000,40,29000,3,1,2,delivery,11:15,29000,19000,0.333,Dân cư đông,Phở,Phường Gò Vấp
L06953,R126,2026-06-16,Phở bò tái,46000,36,29000,2,0,2,delivery,11:30,0,0,0.0,Dân cư đông,Phở,Phường Gò Vấp
L06954,R126,2026-06-16,Phở bò tái nạm,55000,37,35000,2,1,1,delivery,11:00,35000,20000,0.5,Dân cư đông,Phở,Phường Gò Vấp
L06955,R127,2026-06-16,Cơm canh chua,45000,32,31000,2,0,2,delivery,18:15,0,0,0.0,Dân cư đông,Cơm văn phòng,Phường Tân Sơn Nhất
L06956,R127,2026-06-16,Cơm sườn đậu hũ,29000,35,19000,2,1,1,delivery,18:00,19000,10000,0.5,Dân cư đông,Cơm văn phòng,Phường Tân Sơn Nhất
L06957,R127,2026-06-16,Cơm gà xối mỡ,44000,39,27000,3,1,2,delivery,18:00,27000,17000,0.333,Dân cư đông,Cơm văn phòng,Phường Tân Sơn Nhất
L06958,R127,2026-06-16,Cơm thịt kho trứng,43000,30,30000,2,0,2,delivery,18:30,0,0,0.0,Dân cư đông,Cơm văn phòng,Phường Tân Sơn Nhất
L06959,R127,2026-06-16,Cơm gà luộc,32000,33,21000,2,0,2,delivery,18:15,0,0,0.0,Dân cư đông,Cơm văn phòng,Phường Tân Sơn Nhất
L06960,R128,2026-06-16,Bánh mì chả lụa,29000,30,20000,4,1,3,pickup,18:30,20000,9000,0.25,Trung tâm,Bánh mì,Phường Đức Nhuận
L06961,R128,2026-06-16,Bánh mì gà,22000,30,15000,3,1,2,delivery,18:30,15000,7000,0.333,Trung tâm,Bánh mì,Phường Đức Nhuận
L06962,R129,2026-06-16,Phở bò chín,45000,50,22000,2,1,1,pickup,11:30,22000,23000,0.5,Công nhân,Phở,Phường Dĩ An
L06963,R129,2026-06-16,Phở gà,50000,52,24000,2,1,1,pickup,11:00,24000,26000,0.5,Công nhân,Phở,Phường Dĩ An
L06964,R129,2026-06-16,Phở bò viên,40000,53,19000,2,1,1,pickup,11:30,19000,21000,0.5,Công nhân,Phở,Phường Dĩ An
L06965,R130,2026-06-16,Phở gà,51000,48,27000,4,2,2,delivery,10:15,54000,48000,0.5,Công nhân,Phở,Phường Lái Thiêu
L06966,R130,2026-06-16,Phở bò chín,52000,44,29000,4,2,2,delivery,10:00,58000,46000,0.5,Công nhân,Phở,Phường Lái Thiêu
L06967,R130,2026-06-16,Phở bò tái nạm,45000,48,23000,4,3,1,delivery,10:15,69000,66000,0.75,Công nhân,Phở,Phường Lái Thiêu
L06968,R130,2026-06-16,Phở bò tái,46000,44,26000,3,1,2,delivery,10:45,26000,20000,0.333,Công nhân,Phở,Phường Lái Thiêu
L06969,R131,2026-06-16,Bún bò giò heo,48000,50,24000,1,0,1,delivery,20:30,0,0,0.0,Sinh viên,Bún bò,Phường Phước Long
L06970,R131,2026-06-16,Bún bò viên,45000,55,20000,1,0,1,delivery,20:15,0,0,0.0,Sinh viên,Bún bò,Phường Phước Long
L06971,R131,2026-06-16,Bún bò thập cẩm,45000,55,20000,1,0,1,delivery,20:30,0,0,0.0,Sinh viên,Bún bò,Phường Phước Long
L06972,R131,2026-06-16,Bún bò Huế đặc biệt,56000,49,29000,1,0,1,pickup,20:00,0,0,0.0,Sinh viên,Bún bò,Phường Phước Long
L06973,R132,2026-06-16,Cơm canh chua,40000,42,23000,4,2,2,pickup,09:00,46000,34000,0.5,Sinh viên,Cơm văn phòng,Phường Linh Xuân
L06974,R132,2026-06-16,Cơm gà luộc,40000,45,22000,4,2,2,pickup,09:00,44000,36000,0.5,Sinh viên,Cơm văn phòng,Phường Linh Xuân
L06975,R132,2026-06-16,Cơm thịt kho trứng,41000,46,22000,3,2,1,delivery,09:15,44000,38000,0.667,Sinh viên,Cơm văn phòng,Phường Linh Xuân
L06976,R133,2026-06-16,Hủ tiếu bò kho,43000,43,25000,12,8,4,delivery,15:15,200000,144000,0.667,Sinh viên,Hủ tiếu,Phường Cát Lái
L06977,R134,2026-06-16,Cơm tấm sườn bì chả,35000,33,23000,1,0,1,delivery,15:30,0,0,0.0,Dân cư đông,Cơm tấm,Phường An Nhơn
L06978,R134,2026-06-16,Cơm tấm đặc biệt,31000,30,22000,1,0,1,delivery,15:45,0,0,0.0,Dân cư đông,Cơm tấm,Phường An Nhơn
L06979,R134,2026-06-16,Cơm tấm bì,35000,31,24000,1,0,1,delivery,15:00,0,0,0.0,Dân cư đông,Cơm tấm,Phường An Nhơn
L06980,R135,2026-06-16,Bún bò thập cẩm,38000,51,19000,5,3,2,pickup,20:45,57000,57000,0.6,Sinh viên,Bún bò,Phường Cát Lái
L06981,R135,2026-06-16,Bún bò Huế đặc biệt,42000,53,20000,6,5,1,pickup,20:00,100000,110000,0.833,Sinh viên,Bún bò,Phường Cát Lái
L06982,R135,2026-06-16,Bún bò gân,38000,52,18000,5,3,2,pickup,20:30,54000,60000,0.6,Sinh viên,Bún bò,Phường Cát Lái
L06983,R136,2026-06-16,Bún bò giò heo,36000,56,16000,6,5,1,delivery,10:45,80000,100000,0.833,Công nhân,Bún bò,Phường Đông Hòa
L06984,R136,2026-06-16,Bún bò gân,54000,53,25000,7,5,2,delivery,10:15,125000,145000,0.714,Công nhân,Bún bò,Phường Đông Hòa
L06985,R136,2026-06-16,Bún bò thập cẩm,49000,53,23000,8,6,2,pickup,10:45,138000,156000,0.75,Công nhân,Bún bò,Phường Đông Hòa
L06986,R137,2026-06-16,Hủ tiếu bò kho,40000,43,23000,1,0,1,delivery,15:15,0,0,0.0,Dân cư đông,Hủ tiếu,Phường Tân Sơn Nhất
L06987,R137,2026-06-16,Hủ tiếu Nam Vang,48000,42,28000,1,0,1,delivery,15:30,0,0,0.0,Dân cư đông,Hủ tiếu,Phường Tân Sơn Nhất
L06988,R137,2026-06-16,Hủ tiếu thập cẩm,39000,42,23000,1,0,1,delivery,15:45,0,0,0.0,Dân cư đông,Hủ tiếu,Phường Tân Sơn Nhất
L06989,R137,2026-06-16,Hủ tiếu sa tế,43000,44,24000,1,0,1,delivery,15:15,0,0,0.0,Dân cư đông,Hủ tiếu,Phường Tân Sơn Nhất
L06990,R137,2026-06-16,Hủ tiếu mì,46000,49,23000,1,0,1,delivery,15:00,0,0,0.0,Dân cư đông,Hủ tiếu,Phường Tân Sơn Nhất
L06991,R138,2026-06-16,Cơm tấm sườn bì chả,41000,57,18000,1,0,1,delivery,16:30,0,0,0.0,Công nhân,Cơm tấm,Phường Đông Hòa
L06992,R138,2026-06-16,Cơm tấm bì,44000,55,20000,1,0,1,delivery,16:30,0,0,0.0,Công nhân,Cơm tấm,Phường Đông Hòa
L06993,R138,2026-06-16,Cơm tấm sườn trứng,39000,60,16000,1,0,1,delivery,16:30,0,0,0.0,Công nhân,Cơm tấm,Phường Đông Hòa
L06994,R138,2026-06-16,Cơm tấm đặc biệt,38000,58,16000,1,0,1,delivery,16:45,0,0,0.0,Công nhân,Cơm tấm,Phường Đông Hòa
L06995,R139,2026-06-16,Bánh mì xíu mại,23000,51,11000,3,2,1,delivery,09:30,22000,24000,0.667,Ngoại ô,Bánh mì,Xã Bà Điểm
L06996,R139,2026-06-16,Bánh mì chả lụa,21000,55,9000,3,2,1,delivery,09:15,18000,24000,0.667,Ngoại ô,Bánh mì,Xã Bà Điểm
L06997,R139,2026-06-16,Bánh mì thịt nguội,24000,54,11000,3,2,1,delivery,09:30,22000,26000,0.667,Ngoại ô,Bánh mì,Xã Bà Điểm
L06998,R140,2026-06-16,Bún riêu cua,36000,35,23000,4,2,2,delivery,17:15,46000,26000,0.5,Ngoại ô,Bún riêu,Xã Hiệp Phước
L06999,R140,2026-06-16,Bún riêu cua mọc,39000,37,25000,6,3,3,pickup,17:00,75000,42000,0.5,Ngoại ô,Bún riêu,Xã Hiệp Phước
L07000,R141,2026-06-16,Cơm thịt kho trứng,50000,35,32000,3,1,2,delivery,15:15,32000,18000,0.333,Sinh viên,Cơm văn phòng,Phường Long Bình
L07001,R141,2026-06-16,Cơm gà luộc,34000,30,24000,2,1,1,delivery,15:00,24000,10000,0.5,Sinh viên,Cơm văn phòng,Phường Long Bình
L07002,R142,2026-06-16,Bún riêu cua,40000,50,20000,4,3,1,pickup,11:00,60000,60000,0.75,Công nhân,Bún riêu,Phường Thuận An
L07003,R142,2026-06-16,Bún riêu thập cẩm,44000,46,24000,5,2,3,pickup,11:00,48000,40000,0.4,Công nhân,Bún riêu,Phường Thuận An
L07004,R142,2026-06-16,Bún riêu cua đồng,48000,43,27000,4,2,2,pickup,11:30,54000,42000,0.5,Công nhân,Bún riêu,Phường Thuận An
L07005,R142,2026-06-16,Bún riêu cua mọc,47000,50,24000,5,3,2,pickup,11:15,72000,69000,0.6,Công nhân,Bún riêu,Phường Thuận An
L07006,R143,2026-06-16,Bánh mì chả lụa,21000,49,11000,3,1,2,delivery,16:15,11000,10000,0.333,Sinh viên,Bánh mì,Phường Cát Lái
L07007,R143,2026-06-16,Bánh mì thịt nguội,22000,44,12000,2,1,1,pickup,16:00,12000,10000,0.5,Sinh viên,Bánh mì,Phường Cát Lái
L07008,R143,2026-06-16,Bánh mì trứng,24000,50,12000,2,1,1,delivery,16:00,12000,12000,0.5,Sinh viên,Bánh mì,Phường Cát Lái
L07009,R143,2026-06-16,Bánh mì gà,21000,49,11000,2,1,1,pickup,16:30,11000,10000,0.5,Sinh viên,Bánh mì,Phường Cát Lái
L07010,R144,2026-06-16,Bún bò viên,45000,58,19000,3,2,1,pickup,15:30,38000,52000,0.667,Sinh viên,Bún bò,Phường Phước Long
L07011,R144,2026-06-16,Bún bò gân,51000,60,20000,3,2,1,pickup,15:15,40000,62000,0.667,Sinh viên,Bún bò,Phường Phước Long
L07012,R144,2026-06-16,Bún bò giò heo,43000,54,20000,3,2,1,pickup,15:45,40000,46000,0.667,Sinh viên,Bún bò,Phường Phước Long
L07013,R145,2026-06-16,Cơm tấm sườn bì chả,37000,48,19000,1,0,1,delivery,19:15,0,0,0.0,Trung tâm,Cơm tấm,Phường Phú Nhuận
L07014,R145,2026-06-16,Cơm tấm sườn trứng,45000,44,25000,2,1,1,delivery,19:15,25000,20000,0.5,Trung tâm,Cơm tấm,Phường Phú Nhuận
L07015,R145,2026-06-16,Cơm tấm đặc biệt,44000,50,22000,1,0,1,pickup,19:15,0,0,0.0,Trung tâm,Cơm tấm,Phường Phú Nhuận
L07016,R145,2026-06-16,Cơm tấm bì,49000,49,25000,1,0,1,delivery,19:00,0,0,0.0,Trung tâm,Cơm tấm,Phường Phú Nhuận
L07017,R146,2026-06-16,Bún bò Huế đặc biệt,55000,55,25000,2,1,1,delivery,16:00,25000,30000,0.5,Công nhân,Bún bò,Phường Tân Đông Hiệp
L07018,R146,2026-06-16,Bún bò gân,56000,54,26000,2,1,1,pickup,16:15,26000,30000,0.5,Công nhân,Bún bò,Phường Tân Đông Hiệp
L07019,R146,2026-06-16,Bún bò viên,43000,49,22000,3,1,2,pickup,16:00,22000,21000,0.333,Công nhân,Bún bò,Phường Tân Đông Hiệp
L07020,R147,2026-06-16,Phở bò tái nạm,45000,30,31000,3,1,2,pickup,14:15,31000,14000,0.333,Công nhân,Phở,Phường Dĩ An
L07021,R147,2026-06-16,Phở bò tái,43000,33,29000,3,0,3,delivery,14:45,0,0,0.0,Công nhân,Phở,Phường Dĩ An
L07022,R148,2026-06-16,Bún bò Huế đặc biệt,39000,30,27000,4,1,3,pickup,17:30,27000,12000,0.25,Trung tâm,Bún bò,Phường Cầu Kiệu
L07023,R148,2026-06-16,Bún bò gân,52000,34,34000,3,1,2,delivery,17:15,34000,18000,0.333,Trung tâm,Bún bò,Phường Cầu Kiệu
L07024,R149,2026-06-16,Bún bò giò heo,43000,36,28000,17,7,10,delivery,13:45,196000,105000,0.412,Sinh viên,Bún bò,Phường An Khánh
L07025,R000,2026-06-17,Bún bò giò heo,61000,33,41000,10,4,6,delivery,18:30,164000,80000,0.4,Công nhân,Bún bò,Phường Đông Hòa
L07026,R000,2026-06-17,Bún bò gân,40000,33,27000,7,2,5,delivery,18:45,54000,26000,0.286,Công nhân,Bún bò,Phường Đông Hòa
L07027,R000,2026-06-17,Bún bò Huế đặc biệt,45000,33,30000,9,4,5,delivery,18:00,120000,60000,0.444,Công nhân,Bún bò,Phường Đông Hòa
L07028,R001,2026-06-17,Cơm tấm sườn nướng,38000,38,24000,2,0,2,pickup,19:15,0,0,0.0,Ngoại ô,Cơm tấm,Xã Bình Chánh
L07029,R001,2026-06-17,Cơm tấm sườn bì chả,43000,38,27000,2,0,2,pickup,19:00,0,0,0.0,Ngoại ô,Cơm tấm,Xã Bình Chánh
L07030,R001,2026-06-17,Cơm tấm bì,34000,43,19000,2,1,1,pickup,19:30,19000,15000,0.5,Ngoại ô,Cơm tấm,Xã Bình Chánh
L07031,R002,2026-06-17,Hủ tiếu mì,53000,35,34000,3,1,2,delivery,20:30,34000,19000,0.333,Dân cư đông,Hủ tiếu,Phường An Nhơn
L07032,R002,2026-06-17,Hủ tiếu sa tế,44000,39,27000,2,1,1,pickup,20:30,27000,17000,0.5,Dân cư đông,Hủ tiếu,Phường An Nhơn
L07033,R002,2026-06-17,Hủ tiếu thập cẩm,57000,34,38000,3,1,2,pickup,20:45,38000,19000,0.333,Dân cư đông,Hủ tiếu,Phường An Nhơn
L07034,R002,2026-06-17,Hủ tiếu Nam Vang,47000,39,29000,3,0,3,pickup,20:15,0,0,0.0,Dân cư đông,Hủ tiếu,Phường An Nhơn
L07035,R002,2026-06-17,Hủ tiếu bò kho,40000,34,26000,3,1,2,pickup,20:30,26000,14000,0.333,Dân cư đông,Hủ tiếu,Phường An Nhơn
L07036,R003,2026-06-17,Phở bò chín,60000,58,25000,7,5,2,delivery,18:15,125000,175000,0.714,Công nhân,Phở,Phường Bình Hòa
L07037,R003,2026-06-17,Phở bò viên,47000,50,24000,6,4,2,delivery,18:45,96000,92000,0.667,Công nhân,Phở,Phường Bình Hòa
L07038,R003,2026-06-17,Phở gà,61000,54,28000,6,4,2,delivery,18:00,112000,132000,0.667,Công nhân,Phở,Phường Bình Hòa
L07039,R003,2026-06-17,Phở bò tái,45000,51,22000,6,4,2,pickup,18:30,88000,92000,0.667,Công nhân,Phở,Phường Bình Hòa
L07040,R004,2026-06-17,Hủ tiếu Nam Vang,51000,54,23000,1,0,1,delivery,16:45,0,0,0.0,Sinh viên,Hủ tiếu,Phường Cát Lái
L07041,R004,2026-06-17,Hủ tiếu mì,39000,53,18000,1,0,1,pickup,16:15,0,0,0.0,Sinh viên,Hủ tiếu,Phường Cát Lái
L07042,R004,2026-06-17,Hủ tiếu thập cẩm,52000,52,25000,1,0,1,pickup,16:30,0,0,0.0,Sinh viên,Hủ tiếu,Phường Cát Lái
L07043,R004,2026-06-17,Hủ tiếu bò kho,42000,51,21000,1,0,1,pickup,16:00,0,0,0.0,Sinh viên,Hủ tiếu,Phường Cát Lái
L07044,R005,2026-06-17,Hủ tiếu bò kho,56000,57,24000,3,2,1,pickup,10:45,48000,64000,0.667,Sinh viên,Hủ tiếu,Phường Long Bình
L07045,R005,2026-06-17,Hủ tiếu mì,44000,55,20000,3,2,1,pickup,10:15,40000,48000,0.667,Sinh viên,Hủ tiếu,Phường Long Bình
L07046,R005,2026-06-17,Hủ tiếu Nam Vang,48000,53,23000,4,3,1,pickup,10:45,69000,75000,0.75,Sinh viên,Hủ tiếu,Phường Long Bình
L07047,R005,2026-06-17,Hủ tiếu sa tế,49000,57,21000,4,2,2,pickup,10:45,42000,56000,0.5,Sinh viên,Hủ tiếu,Phường Long Bình
L07048,R006,2026-06-17,Bún bò viên,56000,38,35000,1,0,1,delivery,17:00,0,0,0.0,Trung tâm,Bún bò,Phường Nhiêu Lộc
L07049,R006,2026-06-17,Bún bò Huế đặc biệt,62000,39,38000,2,0,2,delivery,17:45,0,0,0.0,Trung tâm,Bún bò,Phường Nhiêu Lộc
L07050,R006,2026-06-17,Bún bò thập cẩm,47000,37,30000,1,0,1,delivery,17:30,0,0,0.0,Trung tâm,Bún bò,Phường Nhiêu Lộc
L07051,R006,2026-06-17,Bún bò gân,58000,37,37000,2,1,1,delivery,17:15,37000,21000,0.5,Trung tâm,Bún bò,Phường Nhiêu Lộc
L07052,R007,2026-06-17,Phở bò tái nạm,50000,39,30000,23,11,12,pickup,09:30,330000,220000,0.478,Dân cư đông,Phở,Phường An Hội Đông
L07053,R008,2026-06-17,Hủ tiếu thập cẩm,63000,41,37000,5,3,2,delivery,16:15,111000,78000,0.6,Công nhân,Hủ tiếu,Phường Thuận An
L07054,R008,2026-06-17,Hủ tiếu mì,63000,42,37000,4,3,1,pickup,16:30,111000,78000,0.75,Công nhân,Hủ tiếu,Phường Thuận An
L07055,R008,2026-06-17,Hủ tiếu Nam Vang,48000,44,27000,4,2,2,pickup,16:15,54000,42000,0.5,Công nhân,Hủ tiếu,Phường Thuận An
L07056,R009,2026-06-17,Cơm tấm bì,37000,51,18000,4,3,1,pickup,20:45,54000,57000,0.75,Dân cư đông,Cơm tấm,Phường Tân Bình
L07057,R009,2026-06-17,Cơm tấm đặc biệt,40000,49,20000,3,2,1,pickup,20:30,40000,40000,0.667,Dân cư đông,Cơm tấm,Phường Tân Bình
L07058,R009,2026-06-17,Cơm tấm sườn nướng,45000,50,22000,4,2,2,pickup,20:45,44000,46000,0.5,Dân cư đông,Cơm tấm,Phường Tân Bình
L07059,R010,2026-06-17,Cơm tấm sườn nướng,37000,44,21000,1,0,1,delivery,19:00,0,0,0.0,Trung tâm,Cơm tấm,Phường Đức Nhuận
L07060,R010,2026-06-17,Cơm tấm đặc biệt,44000,47,23000,1,0,1,pickup,19:15,0,0,0.0,Trung tâm,Cơm tấm,Phường Đức Nhuận
L07061,R010,2026-06-17,Cơm tấm sườn trứng,31000,51,15000,1,0,1,delivery,19:15,0,0,0.0,Trung tâm,Cơm tấm,Phường Đức Nhuận
L07062,R011,2026-06-17,Bánh mì xíu mại,19000,38,12000,7,2,5,pickup,20:00,24000,14000,0.286,Ngoại ô,Bánh mì,Xã Hiệp Phước
L07063,R012,2026-06-17,Phở bò tái,44000,54,20000,2,1,1,delivery,20:15,20000,24000,0.5,Dân cư đông,Phở,Phường Khánh Hội
L07064,R012,2026-06-17,Phở bò viên,51000,53,24000,2,1,1,delivery,20:00,24000,27000,0.5,Dân cư đông,Phở,Phường Khánh Hội
L07065,R013,2026-06-17,Phở bò viên,46000,48,24000,3,2,1,delivery,12:30,48000,44000,0.667,Sinh viên,Phở,Phường Long Bình
L07066,R013,2026-06-17,Phở bò chín,47000,48,24000,3,2,1,delivery,12:45,48000,46000,0.667,Sinh viên,Phở,Phường Long Bình
L07067,R013,2026-06-17,Phở bò tái nạm,51000,48,27000,4,2,2,delivery,12:00,54000,48000,0.5,Sinh viên,Phở,Phường Long Bình
L07068,R013,2026-06-17,Phở bò tái,60000,50,30000,3,1,2,pickup,12:15,30000,30000,0.333,Sinh viên,Phở,Phường Long Bình
L07069,R013,2026-06-17,Phở gà,52000,52,25000,4,3,1,delivery,12:15,75000,81000,0.75,Sinh viên,Phở,Phường Long Bình
L07070,R014,2026-06-17,Bánh mì thịt nguội,21000,49,11000,1,0,1,pickup,12:15,0,0,0.0,Sinh viên,Bánh mì,Phường An Khánh
L07071,R014,2026-06-17,Bánh mì chả lụa,31000,50,16000,1,0,1,pickup,12:15,0,0,0.0,Sinh viên,Bánh mì,Phường An Khánh
L07072,R015,2026-06-17,Hủ tiếu bò kho,57000,39,35000,5,2,3,pickup,13:30,70000,44000,0.4,Sinh viên,Hủ tiếu,Phường Hiệp Bình
L07073,R015,2026-06-17,Hủ tiếu thập cẩm,45000,43,26000,4,2,2,pickup,13:00,52000,38000,0.5,Sinh viên,Hủ tiếu,Phường Hiệp Bình
L07074,R015,2026-06-17,Hủ tiếu mì,50000,45,28000,6,4,2,delivery,13:30,112000,88000,0.667,Sinh viên,Hủ tiếu,Phường Hiệp Bình
L07075,R016,2026-06-17,Phở bò tái nạm,48000,43,27000,4,2,2,pickup,16:45,54000,42000,0.5,Sinh viên,Phở,Phường Tăng Nhơn Phú
L07076,R016,2026-06-17,Phở bò tái,51000,50,26000,3,2,1,pickup,16:30,52000,50000,0.667,Sinh viên,Phở,Phường Tăng Nhơn Phú
L07077,R016,2026-06-17,Phở gà,59000,51,29000,3,2,1,pickup,16:00,58000,60000,0.667,Sinh viên,Phở,Phường Tăng Nhơn Phú
L07078,R017,2026-06-17,Cơm tấm bì,35000,32,24000,18,7,11,pickup,13:30,168000,77000,0.389,Công nhân,Cơm tấm,Phường Dĩ An
L07079,R018,2026-06-17,Cơm tấm sườn trứng,38000,48,20000,3,1,2,delivery,16:15,20000,18000,0.333,Công nhân,Cơm tấm,Phường Lái Thiêu
L07080,R019,2026-06-17,Bún bò gân,39000,38,24000,8,2,6,delivery,18:45,48000,30000,0.25,Sinh viên,Bún bò,Phường Long Bình
L07081,R019,2026-06-17,Bún bò Huế đặc biệt,47000,43,27000,7,5,2,pickup,18:15,135000,100000,0.714,Sinh viên,Bún bò,Phường Long Bình
L07082,R020,2026-06-17,Phở bò chín,40000,36,26000,1,0,1,delivery,09:15,0,0,0.0,Công nhân,Phở,Phường Đông Hòa
L07083,R020,2026-06-17,Phở bò tái nạm,44000,39,27000,1,0,1,delivery,09:00,0,0,0.0,Công nhân,Phở,Phường Đông Hòa
L07084,R020,2026-06-17,Phở gà,48000,44,27000,2,1,1,delivery,09:00,27000,21000,0.5,Công nhân,Phở,Phường Đông Hòa
L07085,R020,2026-06-17,Phở bò viên,47000,43,27000,2,1,1,delivery,09:00,27000,20000,0.5,Công nhân,Phở,Phường Đông Hòa
L07086,R021,2026-06-17,Hủ tiếu mì,41000,37,26000,3,1,2,pickup,20:30,26000,15000,0.333,Sinh viên,Hủ tiếu,Phường Bình Trưng
L07087,R021,2026-06-17,Hủ tiếu bò kho,44000,38,27000,3,1,2,pickup,20:30,27000,17000,0.333,Sinh viên,Hủ tiếu,Phường Bình Trưng
L07088,R022,2026-06-17,Bánh mì chả lụa,19000,57,8000,2,1,1,delivery,18:30,8000,11000,0.5,Sinh viên,Bánh mì,Phường Long Bình
L07089,R022,2026-06-17,Bánh mì thịt nguội,28000,56,12000,2,1,1,delivery,18:15,12000,16000,0.5,Sinh viên,Bánh mì,Phường Long Bình
L07090,R022,2026-06-17,Bánh mì trứng,22000,60,9000,2,1,1,pickup,18:45,9000,13000,0.5,Sinh viên,Bánh mì,Phường Long Bình
L07091,R022,2026-06-17,Bánh mì gà,19000,55,9000,1,0,1,pickup,18:30,0,0,0.0,Sinh viên,Bánh mì,Phường Long Bình
L07092,R022,2026-06-17,Bánh mì xíu mại,27000,60,11000,2,1,1,delivery,18:15,11000,16000,0.5,Sinh viên,Bánh mì,Phường Long Bình
L07093,R023,2026-06-17,Bánh mì trứng,22000,35,14000,2,0,2,pickup,17:00,0,0,0.0,Công nhân,Bánh mì,Phường Tân Đông Hiệp
L07094,R023,2026-06-17,Bánh mì thịt nguội,23000,35,15000,2,0,2,delivery,17:45,0,0,0.0,Công nhân,Bánh mì,Phường Tân Đông Hiệp
L07095,R024,2026-06-17,Hủ tiếu Nam Vang,42000,47,22000,14,11,3,pickup,14:00,242000,220000,0.786,Công nhân,Hủ tiếu,Phường An Phú
L07096,R025,2026-06-17,Cơm canh chua,32000,34,21000,2,1,1,pickup,11:15,21000,11000,0.5,Dân cư đông,Cơm văn phòng,Phường An Hội Đông
L07097,R025,2026-06-17,Cơm thịt kho trứng,42000,37,26000,1,0,1,pickup,11:45,0,0,0.0,Dân cư đông,Cơm văn phòng,Phường An Hội Đông
L07098,R025,2026-06-17,Cơm gà luộc,37000,32,25000,1,0,1,delivery,11:30,0,0,0.0,Dân cư đông,Cơm văn phòng,Phường An Hội Đông
L07099,R025,2026-06-17,Cơm sườn đậu hũ,36000,30,25000,1,0,1,delivery,11:45,0,0,0.0,Dân cư đông,Cơm văn phòng,Phường An Hội Đông
L07100,R025,2026-06-17,Cơm gà xối mỡ,41000,31,28000,2,1,1,pickup,11:30,28000,13000,0.5,Dân cư đông,Cơm văn phòng,Phường An Hội Đông
L07101,R026,2026-06-17,Bún riêu cua,52000,42,30000,3,1,2,delivery,16:30,30000,22000,0.333,Sinh viên,Bún riêu,Phường Tam Bình
L07102,R027,2026-06-17,Bún bò gân,59000,35,38000,3,1,2,pickup,17:00,38000,21000,0.333,Công nhân,Bún bò,Phường Hòa Lợi
L07103,R028,2026-06-17,Bánh mì thịt nguội,21000,55,9000,6,4,2,delivery,14:15,36000,48000,0.667,Công nhân,Bánh mì,Phường Tân Đông Hiệp
L07104,R029,2026-06-17,Phở bò chín,50000,55,22000,1,0,1,delivery,19:00,0,0,0.0,Trung tâm,Phở,Phường Bến Thành
L07105,R029,2026-06-17,Phở gà,39000,57,17000,1,0,1,pickup,19:45,0,0,0.0,Trung tâm,Phở,Phường Bến Thành
L07106,R029,2026-06-17,Phở bò tái nạm,39000,52,19000,1,0,1,pickup,19:30,0,0,0.0,Trung tâm,Phở,Phường Bến Thành
L07107,R029,2026-06-17,Phở bò tái,60000,55,27000,1,0,1,pickup,19:45,0,0,0.0,Trung tâm,Phở,Phường Bến Thành
L07108,R030,2026-06-17,Bún bò viên,56000,50,28000,12,10,2,pickup,15:30,280000,280000,0.833,Công nhân,Bún bò,Phường An Phú
L07109,R030,2026-06-17,Bún bò thập cẩm,58000,51,28000,12,9,3,delivery,15:00,252000,270000,0.75,Công nhân,Bún bò,Phường An Phú
L07110,R031,2026-06-17,Phở bò viên,51000,40,31000,4,2,2,delivery,09:15,62000,40000,0.5,Sinh viên,Phở,Phường Phước Long
L07111,R031,2026-06-17,Phở bò tái,59000,46,32000,4,2,2,delivery,09:00,64000,54000,0.5,Sinh viên,Phở,Phường Phước Long
L07112,R032,2026-06-17,Cơm canh chua,36000,42,21000,4,2,2,delivery,13:15,42000,30000,0.5,Trung tâm,Cơm văn phòng,Phường Cầu Ông Lãnh
L07113,R033,2026-06-17,Cơm tấm đặc biệt,44000,43,25000,1,0,1,pickup,13:45,0,0,0.0,Dân cư đông,Cơm tấm,Phường Tân Hòa
L07114,R033,2026-06-17,Cơm tấm bì,33000,44,18000,1,0,1,pickup,13:00,0,0,0.0,Dân cư đông,Cơm tấm,Phường Tân Hòa
L07115,R033,2026-06-17,Cơm tấm sườn bì chả,36000,43,21000,2,1,1,pickup,13:30,21000,15000,0.5,Dân cư đông,Cơm tấm,Phường Tân Hòa
L07116,R033,2026-06-17,Cơm tấm sườn nướng,30000,44,17000,1,0,1,pickup,13:30,0,0,0.0,Dân cư đông,Cơm tấm,Phường Tân Hòa
L07117,R033,2026-06-17,Cơm tấm sườn trứng,43000,48,22000,2,1,1,pickup,13:45,22000,21000,0.5,Dân cư đông,Cơm tấm,Phường Tân Hòa
L07118,R034,2026-06-17,Bún bò giò heo,60000,30,42000,6,2,4,delivery,18:00,84000,36000,0.333,Ngoại ô,Bún bò,Xã Bình Chánh
L07119,R034,2026-06-17,Bún bò gân,41000,30,29000,6,3,3,delivery,18:15,87000,36000,0.5,Ngoại ô,Bún bò,Xã Bình Chánh
L07120,R035,2026-06-17,Bánh mì thịt nguội,18000,57,8000,1,0,1,delivery,12:15,0,0,0.0,Dân cư đông,Bánh mì,Phường Tân Sơn Nhất
L07121,R035,2026-06-17,Bánh mì trứng,18000,58,8000,1,0,1,delivery,12:30,0,0,0.0,Dân cư đông,Bánh mì,Phường Tân Sơn Nhất
L07122,R035,2026-06-17,Bánh mì xíu mại,32000,60,13000,1,0,1,delivery,12:15,0,0,0.0,Dân cư đông,Bánh mì,Phường Tân Sơn Nhất
L07123,R035,2026-06-17,Bánh mì chả lụa,30000,60,12000,1,0,1,delivery,12:45,0,0,0.0,Dân cư đông,Bánh mì,Phường Tân Sơn Nhất
L07124,R035,2026-06-17,Bánh mì gà,18000,58,8000,1,0,1,delivery,12:15,0,0,0.0,Dân cư đông,Bánh mì,Phường Tân Sơn Nhất
L07125,R036,2026-06-17,Bún bò gân,50000,32,34000,4,2,2,delivery,14:15,68000,32000,0.5,Sinh viên,Bún bò,Phường Phước Long
L07126,R036,2026-06-17,Bún bò giò heo,44000,35,29000,4,1,3,delivery,14:30,29000,15000,0.25,Sinh viên,Bún bò,Phường Phước Long
L07127,R036,2026-06-17,Bún bò Huế đặc biệt,51000,33,34000,4,1,3,pickup,14:00,34000,17000,0.25,Sinh viên,Bún bò,Phường Phước Long
L07128,R037,2026-06-17,Bún bò thập cẩm,41000,42,24000,8,6,2,delivery,15:15,144000,102000,0.75,Trung tâm,Bún bò,Phường Tân Định
L07129,R038,2026-06-17,Bún bò viên,49000,53,23000,1,0,1,pickup,17:00,0,0,0.0,Công nhân,Bún bò,Phường Thuận Giao
L07130,R038,2026-06-17,Bún bò gân,54000,51,26000,2,1,1,pickup,17:00,26000,28000,0.5,Công nhân,Bún bò,Phường Thuận Giao
L07131,R039,2026-06-17,Bún riêu cua,40000,58,17000,18,13,5,delivery,09:30,221000,299000,0.722,Công nhân,Bún riêu,Phường Đông Hòa
L07132,R040,2026-06-17,Bún bò thập cẩm,51000,60,20000,1,0,1,delivery,14:15,0,0,0.0,Sinh viên,Bún bò,Phường Bình Trưng
L07133,R041,2026-06-17,Phở bò tái nạm,39000,46,21000,3,1,2,delivery,15:30,21000,18000,0.333,Công nhân,Phở,Phường Tân Khánh
L07134,R041,2026-06-17,Phở bò viên,50000,41,30000,3,1,2,pickup,15:45,30000,20000,0.333,Công nhân,Phở,Phường Tân Khánh
L07135,R042,2026-06-17,Cơm tấm đặc biệt,40000,55,18000,3,2,1,delivery,11:15,36000,44000,0.667,Trung tâm,Cơm tấm,Phường Tân Định
L07136,R042,2026-06-17,Cơm tấm sườn nướng,29000,60,12000,2,1,1,pickup,11:15,12000,17000,0.5,Trung tâm,Cơm tấm,Phường Tân Định
L07137,R042,2026-06-17,Cơm tấm sườn bì chả,41000,55,18000,3,2,1,pickup,11:15,36000,46000,0.667,Trung tâm,Cơm tấm,Phường Tân Định
L07138,R043,2026-06-17,Cơm gà luộc,39000,60,16000,3,2,1,pickup,16:00,32000,46000,0.667,Dân cư đông,Cơm văn phòng,Phường Bảy Hiền
L07139,R043,2026-06-17,Cơm sườn đậu hũ,34000,60,14000,2,1,1,pickup,16:45,14000,20000,0.5,Dân cư đông,Cơm văn phòng,Phường Bảy Hiền
L07140,R043,2026-06-17,Cơm gà xối mỡ,37000,54,17000,2,1,1,pickup,16:00,17000,20000,0.5,Dân cư đông,Cơm văn phòng,Phường Bảy Hiền
L07141,R043,2026-06-17,Cơm thịt kho trứng,53000,60,21000,2,1,1,pickup,16:30,21000,32000,0.5,Dân cư đông,Cơm văn phòng,Phường Bảy Hiền
L07142,R043,2026-06-17,Cơm canh chua,39000,54,18000,3,2,1,pickup,16:45,36000,42000,0.667,Dân cư đông,Cơm văn phòng,Phường Bảy Hiền
L07143,R044,2026-06-17,Hủ tiếu sa tế,43000,50,22000,3,2,1,delivery,13:30,44000,42000,0.667,Sinh viên,Hủ tiếu,Phường Tam Bình
L07144,R044,2026-06-17,Hủ tiếu Nam Vang,51000,49,26000,3,2,1,pickup,13:00,52000,50000,0.667,Sinh viên,Hủ tiếu,Phường Tam Bình
L07145,R044,2026-06-17,Hủ tiếu mì,45000,47,24000,2,1,1,pickup,13:45,24000,21000,0.5,Sinh viên,Hủ tiếu,Phường Tam Bình
L07146,R045,2026-06-17,Bún bò viên,36000,38,22000,4,2,2,delivery,17:00,44000,28000,0.5,Công nhân,Bún bò,Phường Thuận An
L07147,R045,2026-06-17,Bún bò thập cẩm,50000,39,30000,4,1,3,pickup,17:15,30000,20000,0.25,Công nhân,Bún bò,Phường Thuận An
L07148,R045,2026-06-17,Bún bò giò heo,56000,44,31000,3,1,2,delivery,17:45,31000,25000,0.333,Công nhân,Bún bò,Phường Thuận An
L07149,R046,2026-06-17,Bánh mì trứng,20000,52,10000,3,2,1,pickup,13:30,20000,20000,0.667,Sinh viên,Bánh mì,Phường Cát Lái
L07150,R046,2026-06-17,Bánh mì xíu mại,18000,53,8000,2,1,1,pickup,13:00,8000,10000,0.5,Sinh viên,Bánh mì,Phường Cát Lái
L07151,R046,2026-06-17,Bánh mì chả lụa,29000,59,12000,3,2,1,pickup,13:30,24000,34000,0.667,Sinh viên,Bánh mì,Phường Cát Lái
L07152,R046,2026-06-17,Bánh mì gà,30000,55,13000,3,2,1,pickup,13:30,26000,34000,0.667,Sinh viên,Bánh mì,Phường Cát Lái
L07153,R046,2026-06-17,Bánh mì thịt nguội,27000,58,11000,3,2,1,pickup,13:00,22000,32000,0.667,Sinh viên,Bánh mì,Phường Cát Lái
L07154,R047,2026-06-17,Bún bò gân,45000,45,25000,27,20,7,delivery,17:30,500000,400000,0.741,Công nhân,Bún bò,Phường Tân Khánh
L07155,R048,2026-06-17,Bánh mì trứng,25000,51,12000,3,2,1,delivery,18:45,24000,26000,0.667,Công nhân,Bánh mì,Phường An Phú
L07156,R048,2026-06-17,Bánh mì xíu mại,23000,55,10000,4,2,2,delivery,18:30,20000,26000,0.5,Công nhân,Bánh mì,Phường An Phú
L07157,R049,2026-06-17,Phở bò viên,42000,36,27000,1,0,1,delivery,12:00,0,0,0.0,Sinh viên,Phở,Phường Thủ Đức
L07158,R049,2026-06-17,Phở bò tái nạm,44000,37,28000,1,0,1,pickup,12:30,0,0,0.0,Sinh viên,Phở,Phường Thủ Đức
L07159,R049,2026-06-17,Phở gà,49000,38,30000,1,0,1,pickup,12:30,0,0,0.0,Sinh viên,Phở,Phường Thủ Đức
L07160,R049,2026-06-17,Phở bò tái,48000,45,26000,1,0,1,pickup,12:00,0,0,0.0,Sinh viên,Phở,Phường Thủ Đức
L07161,R050,2026-06-17,Bánh mì gà,17000,43,10000,1,0,1,pickup,17:45,0,0,0.0,Ngoại ô,Bánh mì,Xã Hưng Long
L07162,R051,2026-06-17,Hủ tiếu bò kho,52000,59,21000,5,3,2,delivery,13:30,63000,93000,0.6,Dân cư đông,Hủ tiếu,Phường Hạnh Thông
L07163,R052,2026-06-17,Cơm tấm sườn trứng,39000,41,23000,3,2,1,delivery,18:15,46000,32000,0.667,Dân cư đông,Cơm tấm,Phường Xóm Chiếu
L07164,R052,2026-06-17,Cơm tấm sườn bì chả,52000,37,33000,4,1,3,delivery,18:45,33000,19000,0.25,Dân cư đông,Cơm tấm,Phường Xóm Chiếu
L07165,R052,2026-06-17,Cơm tấm sườn nướng,40000,34,26000,4,2,2,delivery,18:45,52000,28000,0.5,Dân cư đông,Cơm tấm,Phường Xóm Chiếu
L07166,R053,2026-06-17,Bánh mì chả lụa,19000,55,9000,4,3,1,pickup,17:30,27000,30000,0.75,Dân cư đông,Bánh mì,Phường Gia Định
L07167,R053,2026-06-17,Bánh mì trứng,32000,57,14000,3,2,1,delivery,17:30,28000,36000,0.667,Dân cư đông,Bánh mì,Phường Gia Định
L07168,R053,2026-06-17,Bánh mì xíu mại,25000,60,10000,3,1,2,delivery,17:00,10000,15000,0.333,Dân cư đông,Bánh mì,Phường Gia Định
L07169,R053,2026-06-17,Bánh mì gà,22000,60,9000,3,2,1,delivery,17:00,18000,26000,0.667,Dân cư đông,Bánh mì,Phường Gia Định
L07170,R053,2026-06-17,Bánh mì thịt nguội,22000,60,9000,4,3,1,pickup,17:00,27000,39000,0.75,Dân cư đông,Bánh mì,Phường Gia Định
L07171,R054,2026-06-17,Bánh mì xíu mại,22000,56,10000,3,2,1,delivery,11:45,20000,24000,0.667,Công nhân,Bánh mì,Phường Bình Hòa
L07172,R054,2026-06-17,Bánh mì gà,22000,50,11000,4,3,1,pickup,11:45,33000,33000,0.75,Công nhân,Bánh mì,Phường Bình Hòa
L07173,R054,2026-06-17,Bánh mì trứng,27000,56,12000,3,2,1,pickup,11:30,24000,30000,0.667,Công nhân,Bánh mì,Phường Bình Hòa
L07174,R054,2026-06-17,Bánh mì thịt nguội,22000,53,10000,3,2,1,delivery,11:15,20000,24000,0.667,Công nhân,Bánh mì,Phường Bình Hòa
L07175,R055,2026-06-17,Cơm tấm bì,47000,60,19000,1,0,1,pickup,12:00,0,0,0.0,Dân cư đông,Cơm tấm,Phường Thông Tây Hội
L07176,R055,2026-06-17,Cơm tấm đặc biệt,37000,60,15000,2,1,1,delivery,12:00,15000,22000,0.5,Dân cư đông,Cơm tấm,Phường Thông Tây Hội
L07177,R055,2026-06-17,Cơm tấm sườn bì chả,31000,60,12000,1,0,1,delivery,12:00,0,0,0.0,Dân cư đông,Cơm tấm,Phường Thông Tây Hội
L07178,R055,2026-06-17,Cơm tấm sườn trứng,47000,57,20000,2,1,1,delivery,12:30,20000,27000,0.5,Dân cư đông,Cơm tấm,Phường Thông Tây Hội
L07179,R055,2026-06-17,Cơm tấm sườn nướng,36000,60,14000,1,0,1,delivery,12:00,0,0,0.0,Dân cư đông,Cơm tấm,Phường Thông Tây Hội
L07180,R056,2026-06-17,Hủ tiếu Nam Vang,59000,38,37000,5,2,3,pickup,17:45,74000,44000,0.4,Trung tâm,Hủ tiếu,Phường Nhiêu Lộc
L07181,R056,2026-06-17,Hủ tiếu thập cẩm,44000,36,28000,3,0,3,delivery,17:00,0,0,0.0,Trung tâm,Hủ tiếu,Phường Nhiêu Lộc
L07182,R057,2026-06-17,Bún bò giò heo,43000,53,20000,1,0,1,pickup,18:30,0,0,0.0,Sinh viên,Bún bò,Phường Bình Trưng
L07183,R057,2026-06-17,Bún bò thập cẩm,60000,44,34000,1,0,1,pickup,18:30,0,0,0.0,Sinh viên,Bún bò,Phường Bình Trưng
L07184,R058,2026-06-17,Bánh mì trứng,26000,39,16000,1,0,1,pickup,19:15,0,0,0.0,Trung tâm,Bánh mì,Phường Cầu Kiệu
L07185,R058,2026-06-17,Bánh mì thịt nguội,24000,38,15000,1,0,1,pickup,19:45,0,0,0.0,Trung tâm,Bánh mì,Phường Cầu Kiệu
L07186,R058,2026-06-17,Bánh mì gà,32000,31,22000,1,0,1,pickup,19:30,0,0,0.0,Trung tâm,Bánh mì,Phường Cầu Kiệu
L07187,R058,2026-06-17,Bánh mì xíu mại,23000,39,14000,1,0,1,pickup,19:45,0,0,0.0,Trung tâm,Bánh mì,Phường Cầu Kiệu
L07188,R059,2026-06-17,Cơm tấm bì,49000,31,34000,2,0,2,delivery,14:30,0,0,0.0,Sinh viên,Cơm tấm,Phường Tam Bình
L07189,R059,2026-06-17,Cơm tấm sườn nướng,37000,30,26000,1,0,1,pickup,14:15,0,0,0.0,Sinh viên,Cơm tấm,Phường Tam Bình
L07190,R060,2026-06-17,Phở gà,48000,56,21000,2,1,1,delivery,10:00,21000,27000,0.5,Công nhân,Phở,Phường Tân Đông Hiệp
L07191,R061,2026-06-17,Cơm tấm sườn bì chả,30000,47,16000,5,3,2,delivery,15:15,48000,42000,0.6,Sinh viên,Cơm tấm,Phường Tam Bình
L07192,R061,2026-06-17,Cơm tấm sườn trứng,30000,49,15000,5,2,3,pickup,15:30,30000,30000,0.4,Sinh viên,Cơm tấm,Phường Tam Bình
L07193,R062,2026-06-17,Phở gà,44000,35,29000,1,0,1,delivery,10:45,0,0,0.0,Dân cư đông,Phở,Phường Hạnh Thông
L07194,R062,2026-06-17,Phở bò tái nạm,44000,34,29000,1,0,1,delivery,10:30,0,0,0.0,Dân cư đông,Phở,Phường Hạnh Thông
L07195,R062,2026-06-17,Phở bò viên,41000,30,29000,1,0,1,delivery,10:30,0,0,0.0,Dân cư đông,Phở,Phường Hạnh Thông
L07196,R062,2026-06-17,Phở bò chín,60000,34,40000,1,0,1,delivery,10:45,0,0,0.0,Dân cư đông,Phở,Phường Hạnh Thông
L07197,R062,2026-06-17,Phở bò tái,46000,32,31000,1,0,1,delivery,10:15,0,0,0.0,Dân cư đông,Phở,Phường Hạnh Thông
L07198,R063,2026-06-17,Hủ tiếu thập cẩm,42000,44,24000,4,2,2,delivery,19:30,48000,36000,0.5,Công nhân,Hủ tiếu,Phường Thuận Giao
L07199,R063,2026-06-17,Hủ tiếu Nam Vang,41000,47,22000,4,2,2,delivery,19:15,44000,38000,0.5,Công nhân,Hủ tiếu,Phường Thuận Giao
L07200,R063,2026-06-17,Hủ tiếu bò kho,58000,40,35000,3,1,2,delivery,19:30,35000,23000,0.333,Công nhân,Hủ tiếu,Phường Thuận Giao
L07201,R064,2026-06-17,Bún bò Huế đặc biệt,54000,42,31000,3,2,1,delivery,10:30,62000,46000,0.667,Sinh viên,Bún bò,Phường Tăng Nhơn Phú
L07202,R064,2026-06-17,Bún bò viên,62000,43,35000,3,1,2,delivery,10:00,35000,27000,0.333,Sinh viên,Bún bò,Phường Tăng Nhơn Phú
L07203,R064,2026-06-17,Bún bò gân,45000,41,27000,2,1,1,delivery,10:30,27000,18000,0.5,Sinh viên,Bún bò,Phường Tăng Nhơn Phú
L07204,R065,2026-06-17,Cơm tấm sườn nướng,49000,55,22000,2,1,1,pickup,19:30,22000,27000,0.5,Công nhân,Cơm tấm,Phường Đông Hòa
L07205,R065,2026-06-17,Cơm tấm bì,27000,49,14000,1,0,1,pickup,19:15,0,0,0.0,Công nhân,Cơm tấm,Phường Đông Hòa
L07206,R065,2026-06-17,Cơm tấm đặc biệt,39000,48,20000,2,1,1,pickup,19:00,20000,19000,0.5,Công nhân,Cơm tấm,Phường Đông Hòa
L07207,R066,2026-06-17,Cơm gà luộc,31000,59,13000,5,4,1,pickup,09:30,52000,72000,0.8,Sinh viên,Cơm văn phòng,Phường An Khánh
L07208,R066,2026-06-17,Cơm thịt kho trứng,32000,60,13000,4,3,1,pickup,09:15,39000,57000,0.75,Sinh viên,Cơm văn phòng,Phường An Khánh
L07209,R066,2026-06-17,Cơm sườn đậu hũ,33000,55,15000,4,2,2,pickup,09:00,30000,36000,0.5,Sinh viên,Cơm văn phòng,Phường An Khánh
L07210,R067,2026-06-17,Cơm gà luộc,38000,43,22000,1,0,1,pickup,19:00,0,0,0.0,Dân cư đông,Cơm văn phòng,Phường An Hội Đông
L07211,R067,2026-06-17,Cơm gà xối mỡ,52000,52,25000,1,0,1,delivery,19:45,0,0,0.0,Dân cư đông,Cơm văn phòng,Phường An Hội Đông
L07212,R067,2026-06-17,Cơm sườn đậu hũ,40000,49,20000,1,0,1,pickup,19:45,0,0,0.0,Dân cư đông,Cơm văn phòng,Phường An Hội Đông
L07213,R067,2026-06-17,Cơm thịt kho trứng,39000,45,21000,1,0,1,delivery,19:45,0,0,0.0,Dân cư đông,Cơm văn phòng,Phường An Hội Đông
L07214,R067,2026-06-17,Cơm canh chua,43000,47,23000,1,0,1,pickup,19:30,0,0,0.0,Dân cư đông,Cơm văn phòng,Phường An Hội Đông
L07215,R068,2026-06-17,Bún riêu thập cẩm,41000,32,28000,1,0,1,delivery,19:30,0,0,0.0,Trung tâm,Bún riêu,Phường Xuân Hòa
L07216,R068,2026-06-17,Bún riêu cua đồng,39000,32,27000,1,0,1,delivery,19:15,0,0,0.0,Trung tâm,Bún riêu,Phường Xuân Hòa
L07217,R068,2026-06-17,Bún riêu cua,47000,38,29000,1,0,1,delivery,19:00,0,0,0.0,Trung tâm,Bún riêu,Phường Xuân Hòa
L07218,R069,2026-06-17,Bánh mì chả lụa,26000,42,15000,1,0,1,pickup,20:45,0,0,0.0,Ngoại ô,Bánh mì,Xã Xuân Thới Sơn
L07219,R069,2026-06-17,Bánh mì gà,20000,45,11000,1,0,1,pickup,20:15,0,0,0.0,Ngoại ô,Bánh mì,Xã Xuân Thới Sơn
L07220,R069,2026-06-17,Bánh mì trứng,19000,45,10000,1,0,1,pickup,20:15,0,0,0.0,Ngoại ô,Bánh mì,Xã Xuân Thới Sơn
L07221,R070,2026-06-17,Hủ tiếu sa tế,54000,59,22000,1,0,1,delivery,19:00,0,0,0.0,Dân cư đông,Hủ tiếu,Phường Gò Vấp
L07222,R070,2026-06-17,Hủ tiếu bò kho,38000,54,17000,1,0,1,delivery,19:30,0,0,0.0,Dân cư đông,Hủ tiếu,Phường Gò Vấp
L07223,R070,2026-06-17,Hủ tiếu Nam Vang,51000,56,22000,1,0,1,delivery,19:30,0,0,0.0,Dân cư đông,Hủ tiếu,Phường Gò Vấp
L07224,R070,2026-06-17,Hủ tiếu mì,56000,60,22000,1,0,1,delivery,19:00,0,0,0.0,Dân cư đông,Hủ tiếu,Phường Gò Vấp
L07225,R071,2026-06-17,Cơm tấm sườn bì chả,37000,32,25000,4,1,3,delivery,11:15,25000,12000,0.25,Sinh viên,Cơm tấm,Phường Bình Trưng
L07226,R071,2026-06-17,Cơm tấm sườn trứng,33000,30,23000,3,1,2,delivery,11:30,23000,10000,0.333,Sinh viên,Cơm tấm,Phường Bình Trưng
L07227,R071,2026-06-17,Cơm tấm sườn nướng,37000,33,25000,3,1,2,delivery,11:00,25000,12000,0.333,Sinh viên,Cơm tấm,Phường Bình Trưng
L07228,R071,2026-06-17,Cơm tấm đặc biệt,26000,31,18000,3,1,2,delivery,11:15,18000,8000,0.333,Sinh viên,Cơm tấm,Phường Bình Trưng
L07229,R071,2026-06-17,Cơm tấm bì,35000,34,23000,3,1,2,delivery,11:00,23000,12000,0.333,Sinh viên,Cơm tấm,Phường Bình Trưng
L07230,R072,2026-06-17,Cơm gà luộc,36000,53,17000,5,3,2,pickup,14:00,51000,57000,0.6,Trung tâm,Cơm văn phòng,Phường Bến Thành
L07231,R072,2026-06-17,Cơm gà xối mỡ,40000,49,20000,5,3,2,delivery,14:30,60000,60000,0.6,Trung tâm,Cơm văn phòng,Phường Bến Thành
L07232,R073,2026-06-17,Bánh mì chả lụa,20000,50,10000,2,1,1,delivery,16:00,10000,10000,0.5,Dân cư đông,Bánh mì,Phường Vĩnh Hội
L07233,R073,2026-06-17,Bánh mì trứng,21000,44,12000,2,1,1,delivery,16:00,12000,9000,0.5,Dân cư đông,Bánh mì,Phường Vĩnh Hội
L07234,R074,2026-06-17,Cơm sườn đậu hũ,43000,30,30000,2,1,1,pickup,17:30,30000,13000,0.5,Dân cư đông,Cơm văn phòng,Phường Bình Lợi Trung
L07235,R074,2026-06-17,Cơm canh chua,34000,30,24000,2,0,2,pickup,17:00,0,0,0.0,Dân cư đông,Cơm văn phòng,Phường Bình Lợi Trung
L07236,R074,2026-06-17,Cơm gà xối mỡ,50000,35,32000,2,0,2,pickup,17:00,0,0,0.0,Dân cư đông,Cơm văn phòng,Phường Bình Lợi Trung
L07237,R074,2026-06-17,Cơm thịt kho trứng,38000,32,26000,2,0,2,pickup,17:00,0,0,0.0,Dân cư đông,Cơm văn phòng,Phường Bình Lợi Trung
L07238,R074,2026-06-17,Cơm gà luộc,36000,30,25000,2,1,1,pickup,17:30,25000,11000,0.5,Dân cư đông,Cơm văn phòng,Phường Bình Lợi Trung
L07239,R075,2026-06-17,Cơm tấm sườn bì chả,32000,55,14000,4,2,2,delivery,15:30,28000,36000,0.5,Dân cư đông,Cơm tấm,Phường Vĩnh Hội
L07240,R075,2026-06-17,Cơm tấm đặc biệt,50000,46,27000,4,2,2,delivery,15:30,54000,46000,0.5,Dân cư đông,Cơm tấm,Phường Vĩnh Hội
L07241,R075,2026-06-17,Cơm tấm bì,37000,45,20000,3,1,2,pickup,15:30,20000,17000,0.333,Dân cư đông,Cơm tấm,Phường Vĩnh Hội
L07242,R076,2026-06-17,Phở bò viên,47000,41,28000,7,3,4,pickup,12:00,84000,57000,0.429,Dân cư đông,Phở,Phường An Nhơn
L07243,R076,2026-06-17,Phở gà,43000,43,25000,5,2,3,pickup,12:00,50000,36000,0.4,Dân cư đông,Phở,Phường An Nhơn
L07244,R076,2026-06-17,Phở bò tái,46000,40,28000,6,3,3,pickup,12:30,84000,54000,0.5,Dân cư đông,Phở,Phường An Nhơn
L07245,R077,2026-06-17,Cơm tấm sườn trứng,41000,42,24000,2,1,1,delivery,14:45,24000,17000,0.5,Trung tâm,Cơm tấm,Phường Xuân Hòa
L07246,R077,2026-06-17,Cơm tấm bì,32000,40,19000,2,1,1,delivery,14:45,19000,13000,0.5,Trung tâm,Cơm tấm,Phường Xuân Hòa
L07247,R077,2026-06-17,Cơm tấm đặc biệt,44000,44,25000,2,1,1,delivery,14:30,25000,19000,0.5,Trung tâm,Cơm tấm,Phường Xuân Hòa
L07248,R078,2026-06-17,Bún riêu cua,49000,37,31000,2,0,2,delivery,13:30,0,0,0.0,Công nhân,Bún riêu,Phường Tân Đông Hiệp
L07249,R078,2026-06-17,Bún riêu cua đồng,37000,42,21000,2,1,1,delivery,13:45,21000,16000,0.5,Công nhân,Bún riêu,Phường Tân Đông Hiệp
L07250,R078,2026-06-17,Bún riêu thập cẩm,50000,41,30000,2,1,1,pickup,13:30,30000,20000,0.5,Công nhân,Bún riêu,Phường Tân Đông Hiệp
L07251,R078,2026-06-17,Bún riêu cua mọc,44000,34,29000,2,0,2,pickup,13:45,0,0,0.0,Công nhân,Bún riêu,Phường Tân Đông Hiệp
L07252,R079,2026-06-17,Cơm tấm sườn bì chả,30000,39,18000,9,3,6,delivery,16:45,54000,36000,0.333,Sinh viên,Cơm tấm,Phường Bình Trưng
L07253,R080,2026-06-17,Cơm tấm sườn nướng,50000,49,26000,1,0,1,delivery,09:45,0,0,0.0,Dân cư đông,Cơm tấm,Phường An Hội Đông
L07254,R080,2026-06-17,Cơm tấm sườn bì chả,28000,49,14000,2,1,1,delivery,09:00,14000,14000,0.5,Dân cư đông,Cơm tấm,Phường An Hội Đông
L07255,R080,2026-06-17,Cơm tấm đặc biệt,45000,41,27000,1,0,1,delivery,09:00,0,0,0.0,Dân cư đông,Cơm tấm,Phường An Hội Đông
L07256,R080,2026-06-17,Cơm tấm bì,33000,45,18000,1,0,1,delivery,09:45,0,0,0.0,Dân cư đông,Cơm tấm,Phường An Hội Đông
L07257,R080,2026-06-17,Cơm tấm sườn trứng,46000,41,27000,1,0,1,delivery,09:00,0,0,0.0,Dân cư đông,Cơm tấm,Phường An Hội Đông
L07258,R081,2026-06-17,Bún riêu cua mọc,49000,56,22000,4,3,1,pickup,09:00,66000,81000,0.75,Công nhân,Bún riêu,Phường Đông Hòa
L07259,R081,2026-06-17,Bún riêu cua,39000,55,18000,4,2,2,pickup,09:30,36000,42000,0.5,Công nhân,Bún riêu,Phường Đông Hòa
L07260,R081,2026-06-17,Bún riêu cua đồng,34000,58,14000,3,2,1,pickup,09:00,28000,40000,0.667,Công nhân,Bún riêu,Phường Đông Hòa
L07261,R081,2026-06-17,Bún riêu thập cẩm,46000,53,22000,3,2,1,pickup,09:30,44000,48000,0.667,Công nhân,Bún riêu,Phường Đông Hòa
L07262,R082,2026-06-17,Hủ tiếu mì,58000,57,25000,9,7,2,pickup,19:30,175000,231000,0.778,Sinh viên,Hủ tiếu,Phường Tăng Nhơn Phú
L07263,R082,2026-06-17,Hủ tiếu Nam Vang,55000,55,25000,8,5,3,delivery,19:15,125000,150000,0.625,Sinh viên,Hủ tiếu,Phường Tăng Nhơn Phú
L07264,R083,2026-06-17,Cơm tấm sườn bì chả,33000,37,21000,2,0,2,delivery,14:00,0,0,0.0,Trung tâm,Cơm tấm,Phường Sài Gòn
L07265,R083,2026-06-17,Cơm tấm sườn nướng,53000,33,36000,1,0,1,delivery,14:15,0,0,0.0,Trung tâm,Cơm tấm,Phường Sài Gòn
L07266,R083,2026-06-17,Cơm tấm đặc biệt,41000,37,26000,1,0,1,delivery,14:30,0,0,0.0,Trung tâm,Cơm tấm,Phường Sài Gòn
L07267,R084,2026-06-17,Bún riêu thập cẩm,42000,45,23000,1,0,1,pickup,18:30,0,0,0.0,Sinh viên,Bún riêu,Phường Hiệp Bình
L07268,R085,2026-06-17,Bánh mì gà,25000,56,11000,12,11,1,pickup,20:15,121000,154000,0.917,Sinh viên,Bánh mì,Phường Tăng Nhơn Phú
L07269,R086,2026-06-17,Phở bò viên,43000,50,22000,1,0,1,delivery,10:45,0,0,0.0,Dân cư đông,Phở,Phường Tân Sơn Nhất
L07270,R086,2026-06-17,Phở gà,47000,52,23000,1,0,1,delivery,10:00,0,0,0.0,Dân cư đông,Phở,Phường Tân Sơn Nhất
L07271,R086,2026-06-17,Phở bò tái nạm,54000,59,22000,1,0,1,delivery,10:00,0,0,0.0,Dân cư đông,Phở,Phường Tân Sơn Nhất
L07272,R086,2026-06-17,Phở bò tái,47000,59,19000,1,0,1,delivery,10:45,0,0,0.0,Dân cư đông,Phở,Phường Tân Sơn Nhất
L07273,R086,2026-06-17,Phở bò chín,48000,50,24000,1,0,1,delivery,10:15,0,0,0.0,Dân cư đông,Phở,Phường Tân Sơn Nhất
L07274,R087,2026-06-17,Phở bò tái nạm,51000,30,36000,16,5,11,pickup,13:00,180000,75000,0.312,Công nhân,Phở,Phường Thuận An
L07275,R087,2026-06-17,Phở bò tái,46000,36,29000,11,5,6,pickup,13:30,145000,85000,0.455,Công nhân,Phở,Phường Thuận An
L07276,R088,2026-06-17,Cơm tấm sườn trứng,33000,56,15000,2,1,1,pickup,09:15,15000,18000,0.5,Dân cư đông,Cơm tấm,Phường Gò Vấp
L07277,R088,2026-06-17,Cơm tấm bì,36000,54,17000,3,2,1,delivery,09:00,34000,38000,0.667,Dân cư đông,Cơm tấm,Phường Gò Vấp
L07278,R088,2026-06-17,Cơm tấm đặc biệt,38000,58,16000,3,1,2,delivery,09:00,16000,22000,0.333,Dân cư đông,Cơm tấm,Phường Gò Vấp
L07279,R088,2026-06-17,Cơm tấm sườn nướng,36000,60,14000,2,1,1,pickup,09:15,14000,22000,0.5,Dân cư đông,Cơm tấm,Phường Gò Vấp
L07280,R088,2026-06-17,Cơm tấm sườn bì chả,47000,60,19000,2,1,1,delivery,09:15,19000,28000,0.5,Dân cư đông,Cơm tấm,Phường Gò Vấp
L07281,R089,2026-06-17,Hủ tiếu bò kho,49000,38,30000,1,0,1,pickup,15:30,0,0,0.0,Công nhân,Hủ tiếu,Phường Đông Hòa
L07282,R089,2026-06-17,Hủ tiếu mì,49000,30,34000,1,0,1,delivery,15:00,0,0,0.0,Công nhân,Hủ tiếu,Phường Đông Hòa
L07283,R089,2026-06-17,Hủ tiếu Nam Vang,51000,35,33000,1,0,1,pickup,15:45,0,0,0.0,Công nhân,Hủ tiếu,Phường Đông Hòa
L07284,R089,2026-06-17,Hủ tiếu thập cẩm,52000,34,34000,1,0,1,pickup,15:00,0,0,0.0,Công nhân,Hủ tiếu,Phường Đông Hòa
L07285,R090,2026-06-17,Hủ tiếu mì,43000,42,25000,14,9,5,delivery,09:15,225000,162000,0.643,Sinh viên,Hủ tiếu,Phường Thủ Đức
L07286,R091,2026-06-17,Bánh mì chả lụa,23000,56,10000,2,1,1,pickup,12:00,10000,13000,0.5,Dân cư đông,Bánh mì,Phường Xóm Chiếu
L07287,R092,2026-06-17,Cơm tấm sườn nướng,38000,33,25000,3,1,2,delivery,17:45,25000,13000,0.333,Dân cư đông,Cơm tấm,Phường Gia Định
L07288,R092,2026-06-17,Cơm tấm bì,34000,37,21000,3,1,2,delivery,17:30,21000,13000,0.333,Dân cư đông,Cơm tấm,Phường Gia Định
L07289,R092,2026-06-17,Cơm tấm sườn trứng,34000,35,22000,3,1,2,delivery,17:15,22000,12000,0.333,Dân cư đông,Cơm tấm,Phường Gia Định
L07290,R092,2026-06-17,Cơm tấm đặc biệt,45000,31,31000,2,0,2,delivery,17:15,0,0,0.0,Dân cư đông,Cơm tấm,Phường Gia Định
L07291,R092,2026-06-17,Cơm tấm sườn bì chả,39000,38,24000,3,1,2,delivery,17:45,24000,15000,0.333,Dân cư đông,Cơm tấm,Phường Gia Định
L07292,R093,2026-06-17,Phở bò viên,48000,41,28000,4,2,2,pickup,09:00,56000,40000,0.5,Công nhân,Phở,Phường Tân Đông Hiệp
L07293,R093,2026-06-17,Phở gà,41000,34,27000,6,1,5,pickup,09:45,27000,14000,0.167,Công nhân,Phở,Phường Tân Đông Hiệp
L07294,R093,2026-06-17,Phở bò chín,46000,31,32000,5,2,3,pickup,09:30,64000,28000,0.4,Công nhân,Phở,Phường Tân Đông Hiệp
L07295,R093,2026-06-17,Phở bò tái nạm,52000,40,31000,5,3,2,delivery,09:45,93000,63000,0.6,Công nhân,Phở,Phường Tân Đông Hiệp
L07296,R094,2026-06-17,Hủ tiếu thập cẩm,48000,54,22000,10,6,4,delivery,12:45,132000,156000,0.6,Dân cư đông,Hủ tiếu,Phường Bình Lợi Trung
L07297,R095,2026-06-17,Cơm tấm đặc biệt,31000,60,12000,2,1,1,pickup,14:00,12000,19000,0.5,Công nhân,Cơm tấm,Phường Lái Thiêu
L07298,R095,2026-06-17,Cơm tấm sườn trứng,43000,56,19000,2,1,1,pickup,14:30,19000,24000,0.5,Công nhân,Cơm tấm,Phường Lái Thiêu
L07299,R095,2026-06-17,Cơm tấm sườn bì chả,46000,58,19000,2,1,1,pickup,14:45,19000,27000,0.5,Công nhân,Cơm tấm,Phường Lái Thiêu
L07300,R095,2026-06-17,Cơm tấm sườn nướng,29000,55,13000,2,1,1,delivery,14:00,13000,16000,0.5,Công nhân,Cơm tấm,Phường Lái Thiêu
L07301,R096,2026-06-17,Cơm thịt kho trứng,40000,39,24000,9,3,6,pickup,14:15,72000,48000,0.333,Công nhân,Cơm văn phòng,Phường Lái Thiêu
L07302,R096,2026-06-17,Cơm gà xối mỡ,51000,47,27000,12,8,4,pickup,14:45,216000,192000,0.667,Công nhân,Cơm văn phòng,Phường Lái Thiêu
L07303,R097,2026-06-17,Hủ tiếu sa tế,59000,52,28000,2,1,1,pickup,20:15,28000,31000,0.5,Công nhân,Hủ tiếu,Phường Tân Đông Hiệp
L07304,R097,2026-06-17,Hủ tiếu mì,55000,58,23000,3,2,1,delivery,20:15,46000,64000,0.667,Công nhân,Hủ tiếu,Phường Tân Đông Hiệp
L07305,R097,2026-06-17,Hủ tiếu bò kho,44000,52,21000,2,1,1,delivery,20:30,21000,23000,0.5,Công nhân,Hủ tiếu,Phường Tân Đông Hiệp
L07306,R098,2026-06-17,Bún riêu cua mọc,40000,37,25000,3,1,2,delivery,16:45,25000,15000,0.333,Trung tâm,Bún riêu,Phường Xuân Hòa
L07307,R099,2026-06-17,Cơm gà xối mỡ,46000,60,18000,1,0,1,pickup,09:15,0,0,0.0,Sinh viên,Cơm văn phòng,Phường An Khánh
L07308,R099,2026-06-17,Cơm sườn đậu hũ,49000,55,22000,1,0,1,pickup,09:00,0,0,0.0,Sinh viên,Cơm văn phòng,Phường An Khánh
L07309,R099,2026-06-17,Cơm canh chua,40000,55,18000,1,0,1,pickup,09:00,0,0,0.0,Sinh viên,Cơm văn phòng,Phường An Khánh
L07310,R099,2026-06-17,Cơm gà luộc,48000,55,22000,1,0,1,pickup,09:45,0,0,0.0,Sinh viên,Cơm văn phòng,Phường An Khánh
L07311,R099,2026-06-17,Cơm thịt kho trứng,37000,60,15000,1,0,1,pickup,09:45,0,0,0.0,Sinh viên,Cơm văn phòng,Phường An Khánh
L07312,R100,2026-06-17,Hủ tiếu sa tế,49000,41,29000,2,1,1,pickup,15:00,29000,20000,0.5,Trung tâm,Hủ tiếu,Phường Tân Định
L07313,R100,2026-06-17,Hủ tiếu mì,42000,44,24000,2,1,1,delivery,15:15,24000,18000,0.5,Trung tâm,Hủ tiếu,Phường Tân Định
L07314,R101,2026-06-17,Phở bò tái nạm,45000,35,29000,1,0,1,pickup,09:00,0,0,0.0,Công nhân,Phở,Phường Bình Hòa
L07315,R101,2026-06-17,Phở bò chín,56000,35,36000,1,0,1,pickup,09:30,0,0,0.0,Công nhân,Phở,Phường Bình Hòa
L07316,R101,2026-06-17,Phở gà,54000,33,36000,1,0,1,pickup,09:00,0,0,0.0,Công nhân,Phở,Phường Bình Hòa
L07317,R102,2026-06-17,Bún bò gân,51000,53,24000,1,0,1,pickup,15:00,0,0,0.0,Sinh viên,Bún bò,Phường Thủ Đức
L07318,R102,2026-06-17,Bún bò viên,41000,52,20000,2,1,1,delivery,15:15,20000,21000,0.5,Sinh viên,Bún bò,Phường Thủ Đức
L07319,R102,2026-06-17,Bún bò giò heo,40000,56,18000,2,1,1,pickup,15:00,18000,22000,0.5,Sinh viên,Bún bò,Phường Thủ Đức
L07320,R102,2026-06-17,Bún bò thập cẩm,41000,55,18000,2,1,1,pickup,15:00,18000,23000,0.5,Sinh viên,Bún bò,Phường Thủ Đức
L07321,R103,2026-06-17,Cơm sườn đậu hũ,52000,41,31000,7,5,2,delivery,11:15,155000,105000,0.714,Công nhân,Cơm văn phòng,Phường Đông Hòa
L07322,R103,2026-06-17,Cơm canh chua,47000,36,30000,7,3,4,delivery,11:45,90000,51000,0.429,Công nhân,Cơm văn phòng,Phường Đông Hòa
L07323,R103,2026-06-17,Cơm thịt kho trứng,37000,31,26000,5,3,2,delivery,11:30,78000,33000,0.6,Công nhân,Cơm văn phòng,Phường Đông Hòa
L07324,R104,2026-06-17,Bánh mì trứng,22000,44,12000,1,0,1,pickup,19:00,0,0,0.0,Dân cư đông,Bánh mì,Phường Thông Tây Hội
L07325,R104,2026-06-17,Bánh mì gà,23000,49,12000,1,0,1,pickup,19:15,0,0,0.0,Dân cư đông,Bánh mì,Phường Thông Tây Hội
L07326,R104,2026-06-17,Bánh mì xíu mại,22000,51,11000,1,0,1,pickup,19:30,0,0,0.0,Dân cư đông,Bánh mì,Phường Thông Tây Hội
L07327,R104,2026-06-17,Bánh mì chả lụa,20000,45,11000,1,0,1,pickup,19:15,0,0,0.0,Dân cư đông,Bánh mì,Phường Thông Tây Hội
L07328,R104,2026-06-17,Bánh mì thịt nguội,21000,48,11000,1,0,1,pickup,19:15,0,0,0.0,Dân cư đông,Bánh mì,Phường Thông Tây Hội
L07329,R105,2026-06-17,Bánh mì chả lụa,25000,37,16000,4,1,3,pickup,16:15,16000,9000,0.25,Sinh viên,Bánh mì,Phường Tam Bình
L07330,R105,2026-06-17,Bánh mì thịt nguội,24000,35,16000,4,2,2,pickup,16:30,32000,16000,0.5,Sinh viên,Bánh mì,Phường Tam Bình
L07331,R106,2026-06-17,Phở bò tái,40000,53,19000,6,5,1,pickup,11:30,95000,105000,0.833,Công nhân,Phở,Phường An Phú
L07332,R106,2026-06-17,Phở bò viên,56000,60,22000,8,6,2,pickup,11:30,132000,204000,0.75,Công nhân,Phở,Phường An Phú
L07333,R106,2026-06-17,Phở bò tái nạm,56000,55,25000,7,6,1,pickup,11:00,150000,186000,0.857,Công nhân,Phở,Phường An Phú
L07334,R107,2026-06-17,Hủ tiếu bò kho,37000,33,25000,15,7,8,delivery,09:30,175000,84000,0.467,Dân cư đông,Hủ tiếu,Phường Gò Vấp
L07335,R108,2026-06-17,Cơm tấm đặc biệt,46000,44,26000,3,1,2,pickup,16:15,26000,20000,0.333,Sinh viên,Cơm tấm,Phường Thủ Đức
L07336,R108,2026-06-17,Cơm tấm sườn bì chả,38000,52,18000,4,2,2,delivery,16:00,36000,40000,0.5,Sinh viên,Cơm tấm,Phường Thủ Đức
L07337,R108,2026-06-17,Cơm tấm bì,43000,52,21000,3,2,1,delivery,16:30,42000,44000,0.667,Sinh viên,Cơm tấm,Phường Thủ Đức
L07338,R108,2026-06-17,Cơm tấm sườn nướng,46000,44,26000,3,2,1,pickup,16:00,52000,40000,0.667,Sinh viên,Cơm tấm,Phường Thủ Đức
L07339,R109,2026-06-17,Hủ tiếu thập cẩm,49000,53,23000,1,0,1,pickup,11:15,0,0,0.0,Trung tâm,Hủ tiếu,Phường Sài Gòn
L07340,R109,2026-06-17,Hủ tiếu Nam Vang,61000,54,28000,1,0,1,delivery,11:15,0,0,0.0,Trung tâm,Hủ tiếu,Phường Sài Gòn
L07341,R109,2026-06-17,Hủ tiếu mì,56000,57,24000,1,0,1,delivery,11:30,0,0,0.0,Trung tâm,Hủ tiếu,Phường Sài Gòn
L07342,R110,2026-06-17,Phở bò tái,53000,60,21000,4,3,1,delivery,10:00,63000,96000,0.75,Sinh viên,Phở,Phường Hiệp Bình
L07343,R110,2026-06-17,Phở bò tái nạm,59000,59,24000,4,3,1,delivery,10:15,72000,105000,0.75,Sinh viên,Phở,Phường Hiệp Bình
L07344,R111,2026-06-17,Bánh mì thịt nguội,20000,54,9000,4,2,2,delivery,09:45,18000,22000,0.5,Sinh viên,Bánh mì,Phường Long Bình
L07345,R112,2026-06-17,Hủ tiếu bò kho,38000,51,19000,1,0,1,delivery,11:15,0,0,0.0,Dân cư đông,Hủ tiếu,Phường Gò Vấp
L07346,R112,2026-06-17,Hủ tiếu thập cẩm,52000,50,26000,1,0,1,delivery,11:30,0,0,0.0,Dân cư đông,Hủ tiếu,Phường Gò Vấp
L07347,R112,2026-06-17,Hủ tiếu sa tế,55000,55,25000,1,0,1,delivery,11:45,0,0,0.0,Dân cư đông,Hủ tiếu,Phường Gò Vấp
L07348,R112,2026-06-17,Hủ tiếu Nam Vang,56000,45,31000,1,0,1,pickup,11:00,0,0,0.0,Dân cư đông,Hủ tiếu,Phường Gò Vấp
L07349,R112,2026-06-17,Hủ tiếu mì,41000,52,20000,1,0,1,delivery,11:15,0,0,0.0,Dân cư đông,Hủ tiếu,Phường Gò Vấp
L07350,R113,2026-06-17,Bánh mì chả lụa,21000,47,11000,1,0,1,delivery,10:15,0,0,0.0,Dân cư đông,Bánh mì,Phường Tân Hòa
L07351,R113,2026-06-17,Bánh mì gà,30000,43,17000,1,0,1,delivery,10:30,0,0,0.0,Dân cư đông,Bánh mì,Phường Tân Hòa
L07352,R113,2026-06-17,Bánh mì thịt nguội,24000,43,14000,1,0,1,delivery,10:00,0,0,0.0,Dân cư đông,Bánh mì,Phường Tân Hòa
L07353,R113,2026-06-17,Bánh mì trứng,24000,51,12000,1,0,1,delivery,10:30,0,0,0.0,Dân cư đông,Bánh mì,Phường Tân Hòa
L07354,R113,2026-06-17,Bánh mì xíu mại,21000,50,10000,1,0,1,delivery,10:15,0,0,0.0,Dân cư đông,Bánh mì,Phường Tân Hòa
L07355,R114,2026-06-17,Cơm gà xối mỡ,47000,40,28000,1,0,1,pickup,10:00,0,0,0.0,Công nhân,Cơm văn phòng,Phường Bình Hòa
L07356,R114,2026-06-17,Cơm canh chua,33000,44,18000,1,0,1,delivery,10:00,0,0,0.0,Công nhân,Cơm văn phòng,Phường Bình Hòa
L07357,R114,2026-06-17,Cơm gà luộc,35000,45,19000,2,1,1,delivery,10:15,19000,16000,0.5,Công nhân,Cơm văn phòng,Phường Bình Hòa
L07358,R114,2026-06-17,Cơm sườn đậu hũ,32000,43,18000,1,0,1,pickup,10:45,0,0,0.0,Công nhân,Cơm văn phòng,Phường Bình Hòa
L07359,R115,2026-06-17,Cơm tấm sườn nướng,35000,40,21000,1,0,1,pickup,14:30,0,0,0.0,Dân cư đông,Cơm tấm,Phường Khánh Hội
L07360,R115,2026-06-17,Cơm tấm đặc biệt,47000,44,26000,1,0,1,pickup,14:15,0,0,0.0,Dân cư đông,Cơm tấm,Phường Khánh Hội
L07361,R116,2026-06-17,Cơm canh chua,43000,37,27000,2,0,2,pickup,20:00,0,0,0.0,Dân cư đông,Cơm văn phòng,Phường Bình Lợi Trung
L07362,R116,2026-06-17,Cơm sườn đậu hũ,35000,44,20000,2,1,1,delivery,20:45,20000,15000,0.5,Dân cư đông,Cơm văn phòng,Phường Bình Lợi Trung
L07363,R117,2026-06-17,Bánh mì gà,25000,40,15000,1,0,1,delivery,09:15,0,0,0.0,Sinh viên,Bánh mì,Phường Hiệp Bình
L07364,R117,2026-06-17,Bánh mì xíu mại,21000,43,12000,1,0,1,delivery,09:30,0,0,0.0,Sinh viên,Bánh mì,Phường Hiệp Bình
L07365,R117,2026-06-17,Bánh mì thịt nguội,28000,36,18000,1,0,1,delivery,09:00,0,0,0.0,Sinh viên,Bánh mì,Phường Hiệp Bình
L07366,R118,2026-06-17,Bánh mì thịt nguội,22000,30,15000,3,0,3,pickup,10:45,0,0,0.0,Dân cư đông,Bánh mì,Phường Gò Vấp
L07367,R118,2026-06-17,Bánh mì chả lụa,22000,30,15000,4,1,3,pickup,10:00,15000,7000,0.25,Dân cư đông,Bánh mì,Phường Gò Vấp
L07368,R118,2026-06-17,Bánh mì xíu mại,19000,34,13000,3,1,2,pickup,10:00,13000,6000,0.333,Dân cư đông,Bánh mì,Phường Gò Vấp
L07369,R119,2026-06-17,Bún bò giò heo,58000,55,26000,5,4,1,pickup,14:15,104000,128000,0.8,Công nhân,Bún bò,Phường Đông Hòa
L07370,R120,2026-06-17,Bún bò viên,43000,54,20000,1,0,1,pickup,11:15,0,0,0.0,Dân cư đông,Bún bò,Phường Hạnh Thông
L07371,R120,2026-06-17,Bún bò thập cẩm,46000,56,20000,1,0,1,pickup,11:30,0,0,0.0,Dân cư đông,Bún bò,Phường Hạnh Thông
L07372,R120,2026-06-17,Bún bò gân,51000,59,21000,1,0,1,pickup,11:15,0,0,0.0,Dân cư đông,Bún bò,Phường Hạnh Thông
L07373,R120,2026-06-17,Bún bò giò heo,60000,56,26000,2,1,1,pickup,11:00,26000,34000,0.5,Dân cư đông,Bún bò,Phường Hạnh Thông
L07374,R120,2026-06-17,Bún bò Huế đặc biệt,58000,60,23000,1,0,1,pickup,11:45,0,0,0.0,Dân cư đông,Bún bò,Phường Hạnh Thông
L07375,R121,2026-06-17,Cơm thịt kho trứng,32000,38,20000,1,0,1,pickup,12:15,0,0,0.0,Dân cư đông,Cơm văn phòng,Phường Gò Vấp
L07376,R121,2026-06-17,Cơm sườn đậu hũ,35000,39,21000,1,0,1,pickup,12:00,0,0,0.0,Dân cư đông,Cơm văn phòng,Phường Gò Vấp
L07377,R121,2026-06-17,Cơm gà xối mỡ,48000,37,30000,1,0,1,pickup,12:45,0,0,0.0,Dân cư đông,Cơm văn phòng,Phường Gò Vấp
L07378,R121,2026-06-17,Cơm canh chua,32000,40,19000,1,0,1,pickup,12:30,0,0,0.0,Dân cư đông,Cơm văn phòng,Phường Gò Vấp
L07379,R121,2026-06-17,Cơm gà luộc,36000,34,24000,1,0,1,pickup,12:45,0,0,0.0,Dân cư đông,Cơm văn phòng,Phường Gò Vấp
L07380,R122,2026-06-17,Bún riêu thập cẩm,42000,48,22000,6,3,3,pickup,09:45,66000,60000,0.5,Sinh viên,Bún riêu,Phường Linh Xuân
L07381,R123,2026-06-17,Cơm canh chua,47000,59,19000,15,13,2,pickup,16:00,247000,364000,0.867,Sinh viên,Cơm văn phòng,Phường Bình Trưng
L07382,R124,2026-06-17,Bún bò giò heo,42000,34,28000,2,0,2,pickup,15:45,0,0,0.0,Sinh viên,Bún bò,Phường Cát Lái
L07383,R124,2026-06-17,Bún bò gân,49000,35,32000,2,0,2,delivery,15:30,0,0,0.0,Sinh viên,Bún bò,Phường Cát Lái
L07384,R124,2026-06-17,Bún bò thập cẩm,61000,33,41000,3,1,2,pickup,15:45,41000,20000,0.333,Sinh viên,Bún bò,Phường Cát Lái
L07385,R124,2026-06-17,Bún bò viên,54000,33,36000,3,1,2,pickup,15:00,36000,18000,0.333,Sinh viên,Bún bò,Phường Cát Lái
L07386,R124,2026-06-17,Bún bò Huế đặc biệt,54000,31,37000,2,1,1,pickup,15:15,37000,17000,0.5,Sinh viên,Bún bò,Phường Cát Lái
L07387,R125,2026-06-17,Bánh mì gà,17000,56,7000,2,1,1,delivery,15:15,7000,10000,0.5,Công nhân,Bánh mì,Phường Lái Thiêu
L07388,R125,2026-06-17,Bánh mì thịt nguội,25000,57,11000,2,1,1,delivery,15:15,11000,14000,0.5,Công nhân,Bánh mì,Phường Lái Thiêu
L07389,R126,2026-06-17,Phở bò chín,49000,34,32000,2,0,2,delivery,11:00,0,0,0.0,Dân cư đông,Phở,Phường Gò Vấp
L07390,R126,2026-06-17,Phở bò tái,41000,31,28000,3,0,3,delivery,11:30,0,0,0.0,Dân cư đông,Phở,Phường Gò Vấp
L07391,R126,2026-06-17,Phở bò tái nạm,38000,37,24000,2,0,2,delivery,11:00,0,0,0.0,Dân cư đông,Phở,Phường Gò Vấp
L07392,R126,2026-06-17,Phở bò viên,59000,34,39000,2,0,2,delivery,11:45,0,0,0.0,Dân cư đông,Phở,Phường Gò Vấp
L07393,R126,2026-06-17,Phở gà,54000,38,33000,2,0,2,delivery,11:00,0,0,0.0,Dân cư đông,Phở,Phường Gò Vấp
L07394,R127,2026-06-17,Cơm canh chua,26000,30,18000,2,0,2,delivery,18:00,0,0,0.0,Dân cư đông,Cơm văn phòng,Phường Tân Sơn Nhất
L07395,R127,2026-06-17,Cơm thịt kho trứng,37000,31,26000,2,0,2,delivery,18:00,0,0,0.0,Dân cư đông,Cơm văn phòng,Phường Tân Sơn Nhất
L07396,R127,2026-06-17,Cơm sườn đậu hũ,40000,36,26000,2,0,2,delivery,18:15,0,0,0.0,Dân cư đông,Cơm văn phòng,Phường Tân Sơn Nhất
L07397,R127,2026-06-17,Cơm gà xối mỡ,31000,37,20000,2,0,2,delivery,18:45,0,0,0.0,Dân cư đông,Cơm văn phòng,Phường Tân Sơn Nhất
L07398,R127,2026-06-17,Cơm gà luộc,43000,38,27000,2,0,2,delivery,18:15,0,0,0.0,Dân cư đông,Cơm văn phòng,Phường Tân Sơn Nhất
L07399,R128,2026-06-17,Bánh mì gà,23000,31,16000,3,1,2,delivery,18:45,16000,7000,0.333,Trung tâm,Bánh mì,Phường Đức Nhuận
L07400,R128,2026-06-17,Bánh mì chả lụa,28000,35,18000,3,1,2,pickup,18:45,18000,10000,0.333,Trung tâm,Bánh mì,Phường Đức Nhuận
L07401,R129,2026-06-17,Phở gà,47000,55,21000,2,1,1,pickup,11:30,21000,26000,0.5,Công nhân,Phở,Phường Dĩ An
L07402,R129,2026-06-17,Phở bò tái,43000,55,19000,1,0,1,pickup,11:00,0,0,0.0,Công nhân,Phở,Phường Dĩ An
L07403,R129,2026-06-17,Phở bò chín,59000,53,28000,2,1,1,pickup,11:15,28000,31000,0.5,Công nhân,Phở,Phường Dĩ An
L07404,R130,2026-06-17,Phở bò chín,40000,41,24000,4,2,2,delivery,10:30,48000,32000,0.5,Công nhân,Phở,Phường Lái Thiêu
L07405,R130,2026-06-17,Phở bò tái,40000,46,22000,4,3,1,delivery,10:15,66000,54000,0.75,Công nhân,Phở,Phường Lái Thiêu
L07406,R130,2026-06-17,Phở bò viên,39000,46,21000,4,2,2,delivery,10:30,42000,36000,0.5,Công nhân,Phở,Phường Lái Thiêu
L07407,R130,2026-06-17,Phở bò tái nạm,56000,44,31000,4,3,1,delivery,10:00,93000,75000,0.75,Công nhân,Phở,Phường Lái Thiêu
L07408,R131,2026-06-17,Bún bò thập cẩm,46000,47,24000,1,0,1,pickup,20:15,0,0,0.0,Sinh viên,Bún bò,Phường Phước Long
L07409,R131,2026-06-17,Bún bò viên,49000,49,25000,1,0,1,delivery,20:30,0,0,0.0,Sinh viên,Bún bò,Phường Phước Long
L07410,R131,2026-06-17,Bún bò gân,45000,55,20000,1,0,1,pickup,20:30,0,0,0.0,Sinh viên,Bún bò,Phường Phước Long
L07411,R131,2026-06-17,Bún bò Huế đặc biệt,45000,51,22000,1,0,1,delivery,20:45,0,0,0.0,Sinh viên,Bún bò,Phường Phước Long
L07412,R132,2026-06-17,Cơm gà luộc,34000,46,18000,4,2,2,delivery,09:00,36000,32000,0.5,Sinh viên,Cơm văn phòng,Phường Linh Xuân
L07413,R132,2026-06-17,Cơm gà xối mỡ,44000,41,26000,4,3,1,delivery,09:45,78000,54000,0.75,Sinh viên,Cơm văn phòng,Phường Linh Xuân
L07414,R132,2026-06-17,Cơm canh chua,34000,47,18000,5,3,2,delivery,09:30,54000,48000,0.6,Sinh viên,Cơm văn phòng,Phường Linh Xuân
L07415,R133,2026-06-17,Hủ tiếu thập cẩm,46000,41,27000,15,10,5,delivery,15:15,270000,190000,0.667,Sinh viên,Hủ tiếu,Phường Cát Lái
L07416,R134,2026-06-17,Cơm tấm bì,35000,36,22000,1,0,1,delivery,15:45,0,0,0.0,Dân cư đông,Cơm tấm,Phường An Nhơn
L07417,R134,2026-06-17,Cơm tấm sườn trứng,40000,36,26000,1,0,1,delivery,15:00,0,0,0.0,Dân cư đông,Cơm tấm,Phường An Nhơn
L07418,R134,2026-06-17,Cơm tấm sườn nướng,36000,36,23000,1,0,1,delivery,15:45,0,0,0.0,Dân cư đông,Cơm tấm,Phường An Nhơn
L07419,R135,2026-06-17,Bún bò viên,40000,44,22000,7,4,3,pickup,20:00,88000,72000,0.571,Sinh viên,Bún bò,Phường Cát Lái
L07420,R135,2026-06-17,Bún bò thập cẩm,53000,49,27000,7,4,3,pickup,20:45,108000,104000,0.571,Sinh viên,Bún bò,Phường Cát Lái
L07421,R135,2026-06-17,Bún bò Huế đặc biệt,61000,48,32000,7,4,3,pickup,20:15,128000,116000,0.571,Sinh viên,Bún bò,Phường Cát Lái
L07422,R136,2026-06-17,Bún bò thập cẩm,45000,60,18000,7,6,1,delivery,10:15,108000,162000,0.857,Công nhân,Bún bò,Phường Đông Hòa
L07423,R136,2026-06-17,Bún bò gân,42000,55,19000,8,6,2,pickup,10:45,114000,138000,0.75,Công nhân,Bún bò,Phường Đông Hòa
L07424,R136,2026-06-17,Bún bò viên,37000,58,16000,8,7,1,pickup,10:45,112000,147000,0.875,Công nhân,Bún bò,Phường Đông Hòa
L07425,R137,2026-06-17,Hủ tiếu sa tế,54000,50,27000,1,0,1,delivery,15:30,0,0,0.0,Dân cư đông,Hủ tiếu,Phường Tân Sơn Nhất
L07426,R137,2026-06-17,Hủ tiếu mì,57000,47,30000,1,0,1,delivery,15:00,0,0,0.0,Dân cư đông,Hủ tiếu,Phường Tân Sơn Nhất
L07427,R137,2026-06-17,Hủ tiếu bò kho,42000,49,21000,1,0,1,delivery,15:00,0,0,0.0,Dân cư đông,Hủ tiếu,Phường Tân Sơn Nhất
L07428,R137,2026-06-17,Hủ tiếu thập cẩm,47000,46,25000,1,0,1,delivery,15:30,0,0,0.0,Dân cư đông,Hủ tiếu,Phường Tân Sơn Nhất
L07429,R137,2026-06-17,Hủ tiếu Nam Vang,46000,51,23000,1,0,1,delivery,15:00,0,0,0.0,Dân cư đông,Hủ tiếu,Phường Tân Sơn Nhất
L07430,R138,2026-06-17,Cơm tấm đặc biệt,37000,60,15000,1,0,1,delivery,16:45,0,0,0.0,Công nhân,Cơm tấm,Phường Đông Hòa
L07431,R138,2026-06-17,Cơm tấm sườn nướng,31000,58,13000,1,0,1,delivery,16:45,0,0,0.0,Công nhân,Cơm tấm,Phường Đông Hòa
L07432,R138,2026-06-17,Cơm tấm bì,35000,60,14000,1,0,1,delivery,16:30,0,0,0.0,Công nhân,Cơm tấm,Phường Đông Hòa
L07433,R138,2026-06-17,Cơm tấm sườn trứng,48000,59,20000,1,0,1,delivery,16:45,0,0,0.0,Công nhân,Cơm tấm,Phường Đông Hòa
L07434,R139,2026-06-17,Bánh mì thịt nguội,27000,55,12000,3,2,1,delivery,09:15,24000,30000,0.667,Ngoại ô,Bánh mì,Xã Bà Điểm
L07435,R139,2026-06-17,Bánh mì gà,20000,54,9000,3,2,1,delivery,09:45,18000,22000,0.667,Ngoại ô,Bánh mì,Xã Bà Điểm
L07436,R139,2026-06-17,Bánh mì chả lụa,20000,60,8000,3,2,1,delivery,09:45,16000,24000,0.667,Ngoại ô,Bánh mì,Xã Bà Điểm
L07437,R140,2026-06-17,Bún riêu cua mọc,40000,39,24000,5,1,4,pickup,17:30,24000,16000,0.2,Ngoại ô,Bún riêu,Xã Hiệp Phước
L07438,R140,2026-06-17,Bún riêu cua đồng,34000,38,21000,4,1,3,pickup,17:45,21000,13000,0.25,Ngoại ô,Bún riêu,Xã Hiệp Phước
L07439,R141,2026-06-17,Cơm gà luộc,35000,33,23000,3,1,2,delivery,15:30,23000,12000,0.333,Sinh viên,Cơm văn phòng,Phường Long Bình
L07440,R141,2026-06-17,Cơm thịt kho trứng,40000,30,28000,3,1,2,delivery,15:45,28000,12000,0.333,Sinh viên,Cơm văn phòng,Phường Long Bình
L07441,R142,2026-06-17,Bún riêu cua,52000,50,26000,4,3,1,pickup,11:15,78000,78000,0.75,Công nhân,Bún riêu,Phường Thuận An
L07442,R142,2026-06-17,Bún riêu cua đồng,34000,46,18000,5,3,2,pickup,11:15,54000,48000,0.6,Công nhân,Bún riêu,Phường Thuận An
L07443,R142,2026-06-17,Bún riêu thập cẩm,39000,43,22000,6,3,3,pickup,11:15,66000,51000,0.5,Công nhân,Bún riêu,Phường Thuận An
L07444,R142,2026-06-17,Bún riêu cua mọc,42000,45,23000,4,2,2,pickup,11:15,46000,38000,0.5,Công nhân,Bún riêu,Phường Thuận An
L07445,R143,2026-06-17,Bánh mì trứng,28000,44,16000,3,2,1,pickup,16:00,32000,24000,0.667,Sinh viên,Bánh mì,Phường Cát Lái
L07446,R143,2026-06-17,Bánh mì gà,23000,44,13000,2,1,1,pickup,16:45,13000,10000,0.5,Sinh viên,Bánh mì,Phường Cát Lái
L07447,R143,2026-06-17,Bánh mì chả lụa,26000,52,12000,3,2,1,pickup,16:15,24000,28000,0.667,Sinh viên,Bánh mì,Phường Cát Lái
L07448,R143,2026-06-17,Bánh mì xíu mại,24000,51,12000,2,1,1,pickup,16:15,12000,12000,0.5,Sinh viên,Bánh mì,Phường Cát Lái
L07449,R144,2026-06-17,Bún bò viên,46000,54,21000,4,3,1,pickup,15:30,63000,75000,0.75,Sinh viên,Bún bò,Phường Phước Long
L07450,R144,2026-06-17,Bún bò giò heo,45000,56,20000,3,2,1,pickup,15:30,40000,50000,0.667,Sinh viên,Bún bò,Phường Phước Long
L07451,R144,2026-06-17,Bún bò Huế đặc biệt,48000,56,21000,3,2,1,pickup,15:15,42000,54000,0.667,Sinh viên,Bún bò,Phường Phước Long
L07452,R145,2026-06-17,Cơm tấm sườn bì chả,39000,41,23000,1,0,1,pickup,19:45,0,0,0.0,Trung tâm,Cơm tấm,Phường Phú Nhuận
L07453,R145,2026-06-17,Cơm tấm đặc biệt,34000,46,18000,2,1,1,pickup,19:00,18000,16000,0.5,Trung tâm,Cơm tấm,Phường Phú Nhuận
L07454,R145,2026-06-17,Cơm tấm sườn trứng,41000,45,23000,2,1,1,pickup,19:45,23000,18000,0.5,Trung tâm,Cơm tấm,Phường Phú Nhuận
L07455,R145,2026-06-17,Cơm tấm sườn nướng,35000,50,18000,2,1,1,delivery,19:00,18000,17000,0.5,Trung tâm,Cơm tấm,Phường Phú Nhuận
L07456,R146,2026-06-17,Bún bò thập cẩm,55000,53,26000,2,1,1,pickup,16:30,26000,29000,0.5,Công nhân,Bún bò,Phường Tân Đông Hiệp
L07457,R146,2026-06-17,Bún bò Huế đặc biệt,44000,54,20000,3,2,1,delivery,16:45,40000,48000,0.667,Công nhân,Bún bò,Phường Tân Đông Hiệp
L07458,R146,2026-06-17,Bún bò viên,61000,52,29000,2,1,1,pickup,16:30,29000,32000,0.5,Công nhân,Bún bò,Phường Tân Đông Hiệp
L07459,R147,2026-06-17,Phở gà,50000,37,32000,4,2,2,delivery,14:00,64000,36000,0.5,Công nhân,Phở,Phường Dĩ An
L07460,R147,2026-06-17,Phở bò chín,48000,36,31000,4,2,2,pickup,14:15,62000,34000,0.5,Công nhân,Phở,Phường Dĩ An
L07461,R148,2026-06-17,Bún bò Huế đặc biệt,54000,30,38000,4,2,2,delivery,17:30,76000,32000,0.5,Trung tâm,Bún bò,Phường Cầu Kiệu
L07462,R148,2026-06-17,Bún bò viên,58000,30,41000,3,0,3,delivery,17:30,0,0,0.0,Trung tâm,Bún bò,Phường Cầu Kiệu
L07463,R149,2026-06-17,Bún bò viên,54000,34,36000,14,4,10,pickup,13:45,144000,72000,0.286,Sinh viên,Bún bò,Phường An Khánh
L07464,R000,2026-06-18,Bún bò viên,43000,34,28000,9,2,7,pickup,18:45,56000,30000,0.222,Công nhân,Bún bò,Phường Đông Hòa
L07465,R000,2026-06-18,Bún bò thập cẩm,52000,36,33000,9,3,6,pickup,18:30,99000,57000,0.333,Công nhân,Bún bò,Phường Đông Hòa
L07466,R000,2026-06-18,Bún bò giò heo,39000,31,27000,8,5,3,delivery,18:00,135000,60000,0.625,Công nhân,Bún bò,Phường Đông Hòa
L07467,R001,2026-06-18,Cơm tấm sườn bì chả,48000,43,27000,2,1,1,pickup,19:30,27000,21000,0.5,Ngoại ô,Cơm tấm,Xã Bình Chánh
L07468,R001,2026-06-18,Cơm tấm đặc biệt,33000,39,20000,1,0,1,pickup,19:30,0,0,0.0,Ngoại ô,Cơm tấm,Xã Bình Chánh
L07469,R001,2026-06-18,Cơm tấm sườn trứng,43000,35,28000,1,0,1,pickup,19:30,0,0,0.0,Ngoại ô,Cơm tấm,Xã Bình Chánh
L07470,R002,2026-06-18,Hủ tiếu Nam Vang,43000,32,29000,2,0,2,delivery,20:00,0,0,0.0,Dân cư đông,Hủ tiếu,Phường An Nhơn
L07471,R002,2026-06-18,Hủ tiếu sa tế,55000,42,32000,2,1,1,delivery,20:00,32000,23000,0.5,Dân cư đông,Hủ tiếu,Phường An Nhơn
L07472,R002,2026-06-18,Hủ tiếu mì,39000,35,25000,3,1,2,pickup,20:15,25000,14000,0.333,Dân cư đông,Hủ tiếu,Phường An Nhơn
L07473,R002,2026-06-18,Hủ tiếu thập cẩm,41000,39,25000,3,1,2,delivery,20:15,25000,16000,0.333,Dân cư đông,Hủ tiếu,Phường An Nhơn
L07474,R002,2026-06-18,Hủ tiếu bò kho,42000,39,26000,3,1,2,delivery,20:45,26000,16000,0.333,Dân cư đông,Hủ tiếu,Phường An Nhơn
L07475,R003,2026-06-18,Phở bò chín,50000,50,25000,7,6,1,pickup,18:45,150000,150000,0.857,Công nhân,Phở,Phường Bình Hòa
L07476,R003,2026-06-18,Phở bò viên,40000,53,19000,7,4,3,delivery,18:15,76000,84000,0.571,Công nhân,Phở,Phường Bình Hòa
L07477,R003,2026-06-18,Phở gà,51000,57,22000,5,3,2,delivery,18:00,66000,87000,0.6,Công nhân,Phở,Phường Bình Hòa
L07478,R003,2026-06-18,Phở bò tái,62000,54,29000,7,4,3,delivery,18:45,116000,132000,0.571,Công nhân,Phở,Phường Bình Hòa
L07479,R004,2026-06-18,Hủ tiếu bò kho,45000,53,21000,1,0,1,pickup,16:00,0,0,0.0,Sinh viên,Hủ tiếu,Phường Cát Lái
L07480,R004,2026-06-18,Hủ tiếu sa tế,52000,55,23000,1,0,1,pickup,16:30,0,0,0.0,Sinh viên,Hủ tiếu,Phường Cát Lái
L07481,R004,2026-06-18,Hủ tiếu Nam Vang,47000,56,21000,1,0,1,delivery,16:30,0,0,0.0,Sinh viên,Hủ tiếu,Phường Cát Lái
L07482,R004,2026-06-18,Hủ tiếu thập cẩm,53000,53,25000,1,0,1,pickup,16:45,0,0,0.0,Sinh viên,Hủ tiếu,Phường Cát Lái
L07483,R005,2026-06-18,Hủ tiếu sa tế,60000,54,28000,3,2,1,pickup,10:00,56000,64000,0.667,Sinh viên,Hủ tiếu,Phường Long Bình
L07484,R005,2026-06-18,Hủ tiếu mì,53000,49,27000,3,2,1,pickup,10:45,54000,52000,0.667,Sinh viên,Hủ tiếu,Phường Long Bình
L07485,R005,2026-06-18,Hủ tiếu thập cẩm,46000,53,22000,3,2,1,pickup,10:45,44000,48000,0.667,Sinh viên,Hủ tiếu,Phường Long Bình
L07486,R005,2026-06-18,Hủ tiếu bò kho,53000,54,24000,3,2,1,pickup,10:00,48000,58000,0.667,Sinh viên,Hủ tiếu,Phường Long Bình
L07487,R006,2026-06-18,Bún bò giò heo,46000,41,27000,2,1,1,delivery,17:45,27000,19000,0.5,Trung tâm,Bún bò,Phường Nhiêu Lộc
L07488,R006,2026-06-18,Bún bò Huế đặc biệt,40000,37,25000,2,1,1,delivery,17:30,25000,15000,0.5,Trung tâm,Bún bò,Phường Nhiêu Lộc
L07489,R006,2026-06-18,Bún bò thập cẩm,55000,44,31000,1,0,1,delivery,17:00,0,0,0.0,Trung tâm,Bún bò,Phường Nhiêu Lộc
L07490,R006,2026-06-18,Bún bò viên,40000,39,24000,1,0,1,delivery,17:00,0,0,0.0,Trung tâm,Bún bò,Phường Nhiêu Lộc
L07491,R007,2026-06-18,Phở gà,58000,34,38000,22,9,13,pickup,09:30,342000,180000,0.409,Dân cư đông,Phở,Phường An Hội Đông
L07492,R008,2026-06-18,Hủ tiếu Nam Vang,39000,44,22000,5,2,3,delivery,16:15,44000,34000,0.4,Công nhân,Hủ tiếu,Phường Thuận An
L07493,R008,2026-06-18,Hủ tiếu mì,50000,43,28000,5,2,3,delivery,16:30,56000,44000,0.4,Công nhân,Hủ tiếu,Phường Thuận An
L07494,R008,2026-06-18,Hủ tiếu bò kho,49000,42,28000,5,3,2,delivery,16:15,84000,63000,0.6,Công nhân,Hủ tiếu,Phường Thuận An
L07495,R009,2026-06-18,Cơm tấm đặc biệt,39000,52,19000,4,2,2,pickup,20:00,38000,40000,0.5,Dân cư đông,Cơm tấm,Phường Tân Bình
L07496,R009,2026-06-18,Cơm tấm sườn nướng,34000,55,15000,4,3,1,pickup,20:30,45000,57000,0.75,Dân cư đông,Cơm tấm,Phường Tân Bình
L07497,R009,2026-06-18,Cơm tấm sườn trứng,40000,58,17000,5,3,2,pickup,20:45,51000,69000,0.6,Dân cư đông,Cơm tấm,Phường Tân Bình
L07498,R010,2026-06-18,Cơm tấm sườn bì chả,31000,50,16000,1,0,1,delivery,19:45,0,0,0.0,Trung tâm,Cơm tấm,Phường Đức Nhuận
L07499,R010,2026-06-18,Cơm tấm bì,47000,42,27000,1,0,1,delivery,19:15,0,0,0.0,Trung tâm,Cơm tấm,Phường Đức Nhuận
L07500,R010,2026-06-18,Cơm tấm đặc biệt,34000,43,19000,1,0,1,pickup,19:00,0,0,0.0,Trung tâm,Cơm tấm,Phường Đức Nhuận
L07501,R011,2026-06-18,Bánh mì trứng,31000,31,21000,6,2,4,delivery,20:00,42000,20000,0.333,Ngoại ô,Bánh mì,Xã Hiệp Phước
L07502,R012,2026-06-18,Phở bò chín,40000,60,16000,2,1,1,delivery,20:00,16000,24000,0.5,Dân cư đông,Phở,Phường Khánh Hội
L07503,R012,2026-06-18,Phở bò tái,46000,60,18000,2,1,1,delivery,20:15,18000,28000,0.5,Dân cư đông,Phở,Phường Khánh Hội
L07504,R013,2026-06-18,Phở bò chín,39000,50,20000,3,2,1,pickup,12:30,40000,38000,0.667,Sinh viên,Phở,Phường Long Bình
L07505,R013,2026-06-18,Phở bò tái nạm,50000,46,27000,3,1,2,pickup,12:00,27000,23000,0.333,Sinh viên,Phở,Phường Long Bình
L07506,R013,2026-06-18,Phở gà,48000,50,24000,3,2,1,delivery,12:30,48000,48000,0.667,Sinh viên,Phở,Phường Long Bình
L07507,R013,2026-06-18,Phở bò tái,48000,56,21000,3,2,1,pickup,12:45,42000,54000,0.667,Sinh viên,Phở,Phường Long Bình
L07508,R013,2026-06-18,Phở bò viên,50000,53,24000,3,2,1,delivery,12:45,48000,52000,0.667,Sinh viên,Phở,Phường Long Bình
L07509,R014,2026-06-18,Bánh mì chả lụa,18000,57,8000,1,0,1,delivery,12:00,0,0,0.0,Sinh viên,Bánh mì,Phường An Khánh
L07510,R014,2026-06-18,Bánh mì xíu mại,30000,57,13000,1,0,1,pickup,12:15,0,0,0.0,Sinh viên,Bánh mì,Phường An Khánh
L07511,R015,2026-06-18,Hủ tiếu Nam Vang,49000,37,31000,6,3,3,delivery,13:00,93000,54000,0.5,Sinh viên,Hủ tiếu,Phường Hiệp Bình
L07512,R015,2026-06-18,Hủ tiếu thập cẩm,47000,46,25000,5,3,2,pickup,13:00,75000,66000,0.6,Sinh viên,Hủ tiếu,Phường Hiệp Bình
L07513,R015,2026-06-18,Hủ tiếu bò kho,57000,45,31000,6,4,2,delivery,13:45,124000,104000,0.667,Sinh viên,Hủ tiếu,Phường Hiệp Bình
L07514,R016,2026-06-18,Phở bò tái nạm,44000,50,22000,4,3,1,delivery,16:30,66000,66000,0.75,Sinh viên,Phở,Phường Tăng Nhơn Phú
L07515,R016,2026-06-18,Phở bò chín,45000,45,25000,3,1,2,pickup,16:15,25000,20000,0.333,Sinh viên,Phở,Phường Tăng Nhơn Phú
L07516,R016,2026-06-18,Phở gà,47000,43,27000,4,3,1,delivery,16:00,81000,60000,0.75,Sinh viên,Phở,Phường Tăng Nhơn Phú
L07517,R017,2026-06-18,Cơm tấm sườn trứng,31000,30,22000,20,6,14,delivery,13:15,132000,54000,0.3,Công nhân,Cơm tấm,Phường Dĩ An
L07518,R018,2026-06-18,Cơm tấm bì,49000,43,28000,2,1,1,delivery,16:45,28000,21000,0.5,Công nhân,Cơm tấm,Phường Lái Thiêu
L07519,R019,2026-06-18,Bún bò viên,50000,43,28000,7,3,4,delivery,18:15,84000,66000,0.429,Sinh viên,Bún bò,Phường Long Bình
L07520,R019,2026-06-18,Bún bò Huế đặc biệt,53000,41,31000,6,3,3,pickup,18:45,93000,66000,0.5,Sinh viên,Bún bò,Phường Long Bình
L07521,R020,2026-06-18,Phở gà,47000,39,29000,1,0,1,delivery,09:15,0,0,0.0,Công nhân,Phở,Phường Đông Hòa
L07522,R020,2026-06-18,Phở bò tái nạm,53000,39,32000,2,0,2,delivery,09:45,0,0,0.0,Công nhân,Phở,Phường Đông Hòa
L07523,R020,2026-06-18,Phở bò tái,50000,36,32000,2,0,2,delivery,09:30,0,0,0.0,Công nhân,Phở,Phường Đông Hòa
L07524,R020,2026-06-18,Phở bò viên,47000,40,28000,2,1,1,delivery,09:15,28000,19000,0.5,Công nhân,Phở,Phường Đông Hòa
L07525,R021,2026-06-18,Hủ tiếu mì,42000,37,26000,3,1,2,pickup,20:45,26000,16000,0.333,Sinh viên,Hủ tiếu,Phường Bình Trưng
L07526,R021,2026-06-18,Hủ tiếu thập cẩm,54000,43,31000,2,1,1,pickup,20:00,31000,23000,0.5,Sinh viên,Hủ tiếu,Phường Bình Trưng
L07527,R022,2026-06-18,Bánh mì gà,22000,60,9000,2,1,1,delivery,18:30,9000,13000,0.5,Sinh viên,Bánh mì,Phường Long Bình
L07528,R022,2026-06-18,Bánh mì thịt nguội,27000,60,11000,2,1,1,pickup,18:00,11000,16000,0.5,Sinh viên,Bánh mì,Phường Long Bình
L07529,R022,2026-06-18,Bánh mì xíu mại,22000,56,10000,2,1,1,delivery,18:30,10000,12000,0.5,Sinh viên,Bánh mì,Phường Long Bình
L07530,R022,2026-06-18,Bánh mì trứng,22000,60,9000,2,1,1,delivery,18:00,9000,13000,0.5,Sinh viên,Bánh mì,Phường Long Bình
L07531,R022,2026-06-18,Bánh mì chả lụa,31000,55,14000,2,1,1,pickup,18:30,14000,17000,0.5,Sinh viên,Bánh mì,Phường Long Bình
L07532,R023,2026-06-18,Bánh mì thịt nguội,23000,32,16000,3,1,2,delivery,17:15,16000,7000,0.333,Công nhân,Bánh mì,Phường Tân Đông Hiệp
L07533,R023,2026-06-18,Bánh mì xíu mại,21000,36,13000,3,1,2,delivery,17:15,13000,8000,0.333,Công nhân,Bánh mì,Phường Tân Đông Hiệp
L07534,R024,2026-06-18,Hủ tiếu sa tế,57000,50,28000,12,11,1,delivery,14:45,308000,319000,0.917,Công nhân,Hủ tiếu,Phường An Phú
L07535,R025,2026-06-18,Cơm gà xối mỡ,42000,35,27000,1,0,1,delivery,11:15,0,0,0.0,Dân cư đông,Cơm văn phòng,Phường An Hội Đông
L07536,R025,2026-06-18,Cơm gà luộc,34000,31,23000,2,1,1,pickup,11:00,23000,11000,0.5,Dân cư đông,Cơm văn phòng,Phường An Hội Đông
L07537,R025,2026-06-18,Cơm canh chua,30000,30,21000,1,0,1,delivery,11:15,0,0,0.0,Dân cư đông,Cơm văn phòng,Phường An Hội Đông
L07538,R025,2026-06-18,Cơm thịt kho trứng,31000,32,21000,1,0,1,pickup,11:15,0,0,0.0,Dân cư đông,Cơm văn phòng,Phường An Hội Đông
L07539,R025,2026-06-18,Cơm sườn đậu hũ,42000,35,27000,2,0,2,pickup,11:15,0,0,0.0,Dân cư đông,Cơm văn phòng,Phường An Hội Đông
L07540,R026,2026-06-18,Bún riêu cua mọc,44000,44,25000,4,2,2,pickup,16:30,50000,38000,0.5,Sinh viên,Bún riêu,Phường Tam Bình
L07541,R027,2026-06-18,Bún bò gân,48000,30,34000,2,1,1,pickup,17:15,34000,14000,0.5,Công nhân,Bún bò,Phường Hòa Lợi
L07542,R028,2026-06-18,Bánh mì trứng,24000,57,10000,7,5,2,delivery,14:00,50000,70000,0.714,Công nhân,Bánh mì,Phường Tân Đông Hiệp
L07543,R029,2026-06-18,Phở bò viên,62000,54,29000,1,0,1,delivery,19:00,0,0,0.0,Trung tâm,Phở,Phường Bến Thành
L07544,R029,2026-06-18,Phở bò chín,45000,51,22000,1,0,1,delivery,19:15,0,0,0.0,Trung tâm,Phở,Phường Bến Thành
L07545,R029,2026-06-18,Phở bò tái,46000,55,21000,1,0,1,pickup,19:15,0,0,0.0,Trung tâm,Phở,Phường Bến Thành
L07546,R029,2026-06-18,Phở bò tái nạm,55000,59,23000,1,0,1,delivery,19:30,0,0,0.0,Trung tâm,Phở,Phường Bến Thành
L07547,R030,2026-06-18,Bún bò Huế đặc biệt,45000,57,19000,11,10,1,pickup,15:45,190000,260000,0.909,Công nhân,Bún bò,Phường An Phú
L07548,R030,2026-06-18,Bún bò viên,46000,51,23000,13,9,4,delivery,15:15,207000,207000,0.692,Công nhân,Bún bò,Phường An Phú
L07549,R031,2026-06-18,Phở gà,56000,37,35000,5,2,3,pickup,09:15,70000,42000,0.4,Sinh viên,Phở,Phường Phước Long
L07550,R031,2026-06-18,Phở bò chín,41000,40,25000,5,3,2,pickup,09:00,75000,48000,0.6,Sinh viên,Phở,Phường Phước Long
L07551,R032,2026-06-18,Cơm gà luộc,35000,46,19000,4,2,2,delivery,13:00,38000,32000,0.5,Trung tâm,Cơm văn phòng,Phường Cầu Ông Lãnh
L07552,R033,2026-06-18,Cơm tấm đặc biệt,47000,43,27000,1,0,1,pickup,13:30,0,0,0.0,Dân cư đông,Cơm tấm,Phường Tân Hòa
L07553,R033,2026-06-18,Cơm tấm bì,46000,46,25000,1,0,1,pickup,13:15,0,0,0.0,Dân cư đông,Cơm tấm,Phường Tân Hòa
L07554,R033,2026-06-18,Cơm tấm sườn bì chả,40000,46,22000,2,1,1,pickup,13:45,22000,18000,0.5,Dân cư đông,Cơm tấm,Phường Tân Hòa
L07555,R033,2026-06-18,Cơm tấm sườn nướng,40000,43,23000,2,1,1,pickup,13:00,23000,17000,0.5,Dân cư đông,Cơm tấm,Phường Tân Hòa
L07556,R033,2026-06-18,Cơm tấm sườn trứng,29000,52,14000,1,0,1,pickup,13:30,0,0,0.0,Dân cư đông,Cơm tấm,Phường Tân Hòa
L07557,R034,2026-06-18,Bún bò giò heo,43000,31,30000,5,3,2,pickup,18:45,90000,39000,0.6,Ngoại ô,Bún bò,Xã Bình Chánh
L07558,R034,2026-06-18,Bún bò thập cẩm,47000,36,30000,5,3,2,pickup,18:15,90000,51000,0.6,Ngoại ô,Bún bò,Xã Bình Chánh
L07559,R035,2026-06-18,Bánh mì xíu mại,19000,53,9000,1,0,1,delivery,12:00,0,0,0.0,Dân cư đông,Bánh mì,Phường Tân Sơn Nhất
L07560,R035,2026-06-18,Bánh mì trứng,21000,60,8000,1,0,1,delivery,12:00,0,0,0.0,Dân cư đông,Bánh mì,Phường Tân Sơn Nhất
L07561,R035,2026-06-18,Bánh mì thịt nguội,21000,60,8000,1,0,1,delivery,12:00,0,0,0.0,Dân cư đông,Bánh mì,Phường Tân Sơn Nhất
L07562,R035,2026-06-18,Bánh mì chả lụa,29000,53,14000,1,0,1,delivery,12:00,0,0,0.0,Dân cư đông,Bánh mì,Phường Tân Sơn Nhất
L07563,R035,2026-06-18,Bánh mì gà,25000,60,10000,1,0,1,delivery,12:00,0,0,0.0,Dân cư đông,Bánh mì,Phường Tân Sơn Nhất
L07564,R036,2026-06-18,Bún bò Huế đặc biệt,60000,34,40000,4,1,3,delivery,14:45,40000,20000,0.25,Sinh viên,Bún bò,Phường Phước Long
L07565,R036,2026-06-18,Bún bò thập cẩm,47000,37,30000,5,2,3,delivery,14:45,60000,34000,0.4,Sinh viên,Bún bò,Phường Phước Long
L07566,R036,2026-06-18,Bún bò viên,46000,40,28000,4,2,2,pickup,14:00,56000,36000,0.5,Sinh viên,Bún bò,Phường Phước Long
L07567,R037,2026-06-18,Bún bò gân,52000,42,30000,9,5,4,delivery,15:30,150000,110000,0.556,Trung tâm,Bún bò,Phường Tân Định
L07568,R038,2026-06-18,Bún bò giò heo,46000,51,23000,1,0,1,pickup,17:15,0,0,0.0,Công nhân,Bún bò,Phường Thuận Giao
L07569,R038,2026-06-18,Bún bò thập cẩm,50000,45,28000,1,0,1,pickup,17:45,0,0,0.0,Công nhân,Bún bò,Phường Thuận Giao
L07570,R039,2026-06-18,Bún riêu cua,37000,60,15000,23,18,5,delivery,09:00,270000,396000,0.783,Công nhân,Bún riêu,Phường Đông Hòa
L07571,R040,2026-06-18,Bún bò giò heo,37000,56,16000,1,0,1,pickup,14:00,0,0,0.0,Sinh viên,Bún bò,Phường Bình Trưng
L07572,R041,2026-06-18,Phở bò tái,47000,45,26000,4,2,2,pickup,15:30,52000,42000,0.5,Công nhân,Phở,Phường Tân Khánh
L07573,R041,2026-06-18,Phở bò viên,48000,46,26000,4,2,2,delivery,15:15,52000,44000,0.5,Công nhân,Phở,Phường Tân Khánh
L07574,R042,2026-06-18,Cơm tấm sườn nướng,41000,58,17000,3,2,1,delivery,11:45,34000,48000,0.667,Trung tâm,Cơm tấm,Phường Tân Định
L07575,R042,2026-06-18,Cơm tấm bì,40000,60,16000,3,2,1,delivery,11:45,32000,48000,0.667,Trung tâm,Cơm tấm,Phường Tân Định
L07576,R042,2026-06-18,Cơm tấm đặc biệt,37000,54,17000,3,2,1,delivery,11:30,34000,40000,0.667,Trung tâm,Cơm tấm,Phường Tân Định
L07577,R043,2026-06-18,Cơm sườn đậu hũ,39000,57,17000,3,2,1,pickup,16:15,34000,44000,0.667,Dân cư đông,Cơm văn phòng,Phường Bảy Hiền
L07578,R043,2026-06-18,Cơm thịt kho trứng,41000,55,18000,3,2,1,pickup,16:45,36000,46000,0.667,Dân cư đông,Cơm văn phòng,Phường Bảy Hiền
L07579,R043,2026-06-18,Cơm gà luộc,35000,54,16000,2,1,1,pickup,16:15,16000,19000,0.5,Dân cư đông,Cơm văn phòng,Phường Bảy Hiền
L07580,R043,2026-06-18,Cơm canh chua,37000,60,15000,3,2,1,pickup,16:30,30000,44000,0.667,Dân cư đông,Cơm văn phòng,Phường Bảy Hiền
L07581,R043,2026-06-18,Cơm gà xối mỡ,52000,55,23000,2,1,1,pickup,16:15,23000,29000,0.5,Dân cư đông,Cơm văn phòng,Phường Bảy Hiền
L07582,R044,2026-06-18,Hủ tiếu mì,46000,49,23000,2,1,1,pickup,13:45,23000,23000,0.5,Sinh viên,Hủ tiếu,Phường Tam Bình
L07583,R044,2026-06-18,Hủ tiếu thập cẩm,38000,52,18000,3,2,1,pickup,13:30,36000,40000,0.667,Sinh viên,Hủ tiếu,Phường Tam Bình
L07584,R044,2026-06-18,Hủ tiếu bò kho,46000,51,23000,3,2,1,pickup,13:15,46000,46000,0.667,Sinh viên,Hủ tiếu,Phường Tam Bình
L07585,R045,2026-06-18,Bún bò giò heo,48000,45,26000,4,2,2,pickup,17:00,52000,44000,0.5,Công nhân,Bún bò,Phường Thuận An
L07586,R045,2026-06-18,Bún bò viên,48000,37,30000,4,2,2,pickup,17:15,60000,36000,0.5,Công nhân,Bún bò,Phường Thuận An
L07587,R045,2026-06-18,Bún bò Huế đặc biệt,47000,44,26000,3,2,1,delivery,17:45,52000,42000,0.667,Công nhân,Bún bò,Phường Thuận An
L07588,R046,2026-06-18,Bánh mì chả lụa,26000,52,12000,2,1,1,pickup,13:15,12000,14000,0.5,Sinh viên,Bánh mì,Phường Cát Lái
L07589,R046,2026-06-18,Bánh mì xíu mại,24000,54,11000,3,2,1,pickup,13:00,22000,26000,0.667,Sinh viên,Bánh mì,Phường Cát Lái
L07590,R046,2026-06-18,Bánh mì trứng,20000,58,8000,2,1,1,pickup,13:45,8000,12000,0.5,Sinh viên,Bánh mì,Phường Cát Lái
L07591,R046,2026-06-18,Bánh mì thịt nguội,26000,52,12000,3,2,1,pickup,13:45,24000,28000,0.667,Sinh viên,Bánh mì,Phường Cát Lái
L07592,R046,2026-06-18,Bánh mì gà,23000,54,11000,3,2,1,pickup,13:30,22000,24000,0.667,Sinh viên,Bánh mì,Phường Cát Lái
L07593,R047,2026-06-18,Bún bò Huế đặc biệt,46000,42,27000,27,14,13,delivery,17:15,378000,266000,0.519,Công nhân,Bún bò,Phường Tân Khánh
L07594,R048,2026-06-18,Bánh mì xíu mại,27000,55,12000,3,2,1,delivery,18:00,24000,30000,0.667,Công nhân,Bánh mì,Phường An Phú
L07595,R048,2026-06-18,Bánh mì trứng,18000,51,9000,4,2,2,delivery,18:00,18000,18000,0.5,Công nhân,Bánh mì,Phường An Phú
L07596,R049,2026-06-18,Phở bò tái,49000,41,29000,1,0,1,delivery,12:15,0,0,0.0,Sinh viên,Phở,Phường Thủ Đức
L07597,R049,2026-06-18,Phở gà,45000,45,25000,1,0,1,delivery,12:00,0,0,0.0,Sinh viên,Phở,Phường Thủ Đức
L07598,R049,2026-06-18,Phở bò viên,43000,36,28000,1,0,1,delivery,12:30,0,0,0.0,Sinh viên,Phở,Phường Thủ Đức
L07599,R049,2026-06-18,Phở bò tái nạm,43000,36,28000,1,0,1,delivery,12:15,0,0,0.0,Sinh viên,Phở,Phường Thủ Đức
L07600,R050,2026-06-18,Bánh mì gà,25000,48,13000,1,0,1,delivery,17:30,0,0,0.0,Ngoại ô,Bánh mì,Xã Hưng Long
L07601,R051,2026-06-18,Hủ tiếu Nam Vang,43000,58,18000,6,5,1,pickup,13:15,90000,125000,0.833,Dân cư đông,Hủ tiếu,Phường Hạnh Thông
L07602,R052,2026-06-18,Cơm tấm đặc biệt,43000,44,24000,4,2,2,delivery,18:45,48000,38000,0.5,Dân cư đông,Cơm tấm,Phường Xóm Chiếu
L07603,R052,2026-06-18,Cơm tấm bì,41000,40,25000,3,1,2,delivery,18:15,25000,16000,0.333,Dân cư đông,Cơm tấm,Phường Xóm Chiếu
L07604,R052,2026-06-18,Cơm tấm sườn bì chả,47000,38,29000,4,2,2,delivery,18:15,58000,36000,0.5,Dân cư đông,Cơm tấm,Phường Xóm Chiếu
L07605,R053,2026-06-18,Bánh mì gà,27000,60,11000,3,2,1,delivery,17:15,22000,32000,0.667,Dân cư đông,Bánh mì,Phường Gia Định
L07606,R053,2026-06-18,Bánh mì thịt nguội,21000,56,9000,3,2,1,pickup,17:45,18000,24000,0.667,Dân cư đông,Bánh mì,Phường Gia Định
L07607,R053,2026-06-18,Bánh mì trứng,23000,55,10000,3,2,1,pickup,17:15,20000,26000,0.667,Dân cư đông,Bánh mì,Phường Gia Định
L07608,R053,2026-06-18,Bánh mì chả lụa,26000,55,12000,4,3,1,delivery,17:45,36000,42000,0.75,Dân cư đông,Bánh mì,Phường Gia Định
L07609,R053,2026-06-18,Bánh mì xíu mại,18000,54,8000,3,2,1,delivery,17:30,16000,20000,0.667,Dân cư đông,Bánh mì,Phường Gia Định
L07610,R054,2026-06-18,Bánh mì xíu mại,23000,50,12000,4,2,2,delivery,11:45,24000,22000,0.5,Công nhân,Bánh mì,Phường Bình Hòa
L07611,R054,2026-06-18,Bánh mì trứng,20000,55,9000,4,3,1,pickup,11:30,27000,33000,0.75,Công nhân,Bánh mì,Phường Bình Hòa
L07612,R054,2026-06-18,Bánh mì thịt nguội,22000,51,11000,4,2,2,pickup,11:00,22000,22000,0.5,Công nhân,Bánh mì,Phường Bình Hòa
L07613,R054,2026-06-18,Bánh mì chả lụa,23000,50,12000,4,3,1,delivery,11:15,36000,33000,0.75,Công nhân,Bánh mì,Phường Bình Hòa
L07614,R055,2026-06-18,Cơm tấm sườn trứng,28000,56,12000,1,0,1,delivery,12:15,0,0,0.0,Dân cư đông,Cơm tấm,Phường Thông Tây Hội
L07615,R055,2026-06-18,Cơm tấm đặc biệt,50000,55,22000,2,1,1,pickup,12:45,22000,28000,0.5,Dân cư đông,Cơm tấm,Phường Thông Tây Hội
L07616,R055,2026-06-18,Cơm tấm bì,29000,57,12000,2,1,1,pickup,12:15,12000,17000,0.5,Dân cư đông,Cơm tấm,Phường Thông Tây Hội
L07617,R055,2026-06-18,Cơm tấm sườn bì chả,49000,59,20000,2,1,1,delivery,12:15,20000,29000,0.5,Dân cư đông,Cơm tấm,Phường Thông Tây Hội
L07618,R055,2026-06-18,Cơm tấm sườn nướng,42000,60,17000,2,1,1,pickup,12:30,17000,25000,0.5,Dân cư đông,Cơm tấm,Phường Thông Tây Hội
L07619,R056,2026-06-18,Hủ tiếu Nam Vang,50000,33,34000,3,1,2,delivery,17:00,34000,16000,0.333,Trung tâm,Hủ tiếu,Phường Nhiêu Lộc
L07620,R056,2026-06-18,Hủ tiếu sa tế,48000,36,31000,5,1,4,delivery,17:30,31000,17000,0.2,Trung tâm,Hủ tiếu,Phường Nhiêu Lộc
L07621,R057,2026-06-18,Bún bò viên,50000,50,25000,1,0,1,pickup,18:45,0,0,0.0,Sinh viên,Bún bò,Phường Bình Trưng
L07622,R057,2026-06-18,Bún bò giò heo,45000,45,25000,1,0,1,pickup,18:00,0,0,0.0,Sinh viên,Bún bò,Phường Bình Trưng
L07623,R058,2026-06-18,Bánh mì chả lụa,33000,32,22000,1,0,1,pickup,19:00,0,0,0.0,Trung tâm,Bánh mì,Phường Cầu Kiệu
L07624,R058,2026-06-18,Bánh mì trứng,23000,35,15000,1,0,1,pickup,19:00,0,0,0.0,Trung tâm,Bánh mì,Phường Cầu Kiệu
L07625,R058,2026-06-18,Bánh mì xíu mại,20000,39,12000,1,0,1,pickup,19:00,0,0,0.0,Trung tâm,Bánh mì,Phường Cầu Kiệu
L07626,R058,2026-06-18,Bánh mì gà,21000,38,13000,1,0,1,pickup,19:30,0,0,0.0,Trung tâm,Bánh mì,Phường Cầu Kiệu
L07627,R059,2026-06-18,Cơm tấm bì,28000,30,20000,2,1,1,delivery,14:00,20000,8000,0.5,Sinh viên,Cơm tấm,Phường Tam Bình
L07628,R059,2026-06-18,Cơm tấm sườn trứng,34000,32,23000,1,0,1,delivery,14:30,0,0,0.0,Sinh viên,Cơm tấm,Phường Tam Bình
L07629,R060,2026-06-18,Phở gà,59000,60,24000,3,2,1,pickup,10:00,48000,70000,0.667,Công nhân,Phở,Phường Tân Đông Hiệp
L07630,R061,2026-06-18,Cơm tấm đặc biệt,36000,47,19000,4,3,1,delivery,15:45,57000,51000,0.75,Sinh viên,Cơm tấm,Phường Tam Bình
L07631,R061,2026-06-18,Cơm tấm bì,47000,48,24000,4,2,2,delivery,15:00,48000,46000,0.5,Sinh viên,Cơm tấm,Phường Tam Bình
L07632,R062,2026-06-18,Phở gà,44000,32,30000,1,0,1,delivery,10:15,0,0,0.0,Dân cư đông,Phở,Phường Hạnh Thông
L07633,R062,2026-06-18,Phở bò viên,50000,34,33000,1,0,1,delivery,10:00,0,0,0.0,Dân cư đông,Phở,Phường Hạnh Thông
L07634,R062,2026-06-18,Phở bò tái nạm,59000,31,41000,1,0,1,delivery,10:15,0,0,0.0,Dân cư đông,Phở,Phường Hạnh Thông
L07635,R062,2026-06-18,Phở bò tái,43000,36,28000,1,0,1,delivery,10:00,0,0,0.0,Dân cư đông,Phở,Phường Hạnh Thông
L07636,R062,2026-06-18,Phở bò chín,46000,36,29000,1,0,1,delivery,10:30,0,0,0.0,Dân cư đông,Phở,Phường Hạnh Thông
L07637,R063,2026-06-18,Hủ tiếu thập cẩm,61000,40,37000,4,2,2,delivery,19:45,74000,48000,0.5,Công nhân,Hủ tiếu,Phường Thuận Giao
L07638,R063,2026-06-18,Hủ tiếu bò kho,48000,44,27000,4,2,2,delivery,19:45,54000,42000,0.5,Công nhân,Hủ tiếu,Phường Thuận Giao
L07639,R063,2026-06-18,Hủ tiếu mì,41000,40,25000,4,2,2,delivery,19:45,50000,32000,0.5,Công nhân,Hủ tiếu,Phường Thuận Giao
L07640,R064,2026-06-18,Bún bò thập cẩm,44000,45,24000,2,1,1,delivery,10:00,24000,20000,0.5,Sinh viên,Bún bò,Phường Tăng Nhơn Phú
L07641,R064,2026-06-18,Bún bò viên,53000,44,30000,3,1,2,pickup,10:00,30000,23000,0.333,Sinh viên,Bún bò,Phường Tăng Nhơn Phú
L07642,R064,2026-06-18,Bún bò Huế đặc biệt,47000,41,28000,3,1,2,pickup,10:30,28000,19000,0.333,Sinh viên,Bún bò,Phường Tăng Nhơn Phú
L07643,R065,2026-06-18,Cơm tấm sườn trứng,36000,55,16000,2,1,1,pickup,19:00,16000,20000,0.5,Công nhân,Cơm tấm,Phường Đông Hòa
L07644,R065,2026-06-18,Cơm tấm đặc biệt,32000,53,15000,2,1,1,pickup,19:30,15000,17000,0.5,Công nhân,Cơm tấm,Phường Đông Hòa
L07645,R065,2026-06-18,Cơm tấm sườn nướng,30000,58,13000,1,0,1,pickup,19:15,0,0,0.0,Công nhân,Cơm tấm,Phường Đông Hòa
L07646,R066,2026-06-18,Cơm canh chua,36000,60,14000,4,3,1,pickup,09:15,42000,66000,0.75,Sinh viên,Cơm văn phòng,Phường An Khánh
L07647,R066,2026-06-18,Cơm gà luộc,32000,55,14000,5,4,1,pickup,09:00,56000,72000,0.8,Sinh viên,Cơm văn phòng,Phường An Khánh
L07648,R066,2026-06-18,Cơm sườn đậu hũ,29000,60,12000,5,4,1,pickup,09:45,48000,68000,0.8,Sinh viên,Cơm văn phòng,Phường An Khánh
L07649,R067,2026-06-18,Cơm canh chua,33000,50,16000,1,0,1,delivery,19:00,0,0,0.0,Dân cư đông,Cơm văn phòng,Phường An Hội Đông
L07650,R067,2026-06-18,Cơm sườn đậu hũ,38000,46,21000,1,0,1,pickup,19:00,0,0,0.0,Dân cư đông,Cơm văn phòng,Phường An Hội Đông
L07651,R067,2026-06-18,Cơm thịt kho trứng,51000,42,30000,1,0,1,pickup,19:30,0,0,0.0,Dân cư đông,Cơm văn phòng,Phường An Hội Đông
L07652,R067,2026-06-18,Cơm gà luộc,51000,51,25000,1,0,1,delivery,19:45,0,0,0.0,Dân cư đông,Cơm văn phòng,Phường An Hội Đông
L07653,R067,2026-06-18,Cơm gà xối mỡ,47000,51,23000,1,0,1,pickup,19:45,0,0,0.0,Dân cư đông,Cơm văn phòng,Phường An Hội Đông
L07654,R068,2026-06-18,Bún riêu cua,37000,33,25000,1,0,1,delivery,19:30,0,0,0.0,Trung tâm,Bún riêu,Phường Xuân Hòa
L07655,R068,2026-06-18,Bún riêu thập cẩm,54000,38,33000,1,0,1,delivery,19:00,0,0,0.0,Trung tâm,Bún riêu,Phường Xuân Hòa
L07656,R068,2026-06-18,Bún riêu cua đồng,34000,36,22000,1,0,1,delivery,19:15,0,0,0.0,Trung tâm,Bún riêu,Phường Xuân Hòa
L07657,R069,2026-06-18,Bánh mì trứng,27000,46,15000,1,0,1,pickup,20:00,0,0,0.0,Ngoại ô,Bánh mì,Xã Xuân Thới Sơn
L07658,R069,2026-06-18,Bánh mì thịt nguội,30000,51,15000,1,0,1,pickup,20:00,0,0,0.0,Ngoại ô,Bánh mì,Xã Xuân Thới Sơn
L07659,R069,2026-06-18,Bánh mì chả lụa,29000,48,15000,1,0,1,delivery,20:00,0,0,0.0,Ngoại ô,Bánh mì,Xã Xuân Thới Sơn
L07660,R070,2026-06-18,Hủ tiếu mì,53000,60,21000,1,0,1,pickup,19:00,0,0,0.0,Dân cư đông,Hủ tiếu,Phường Gò Vấp
L07661,R070,2026-06-18,Hủ tiếu sa tế,43000,60,17000,1,0,1,delivery,19:30,0,0,0.0,Dân cư đông,Hủ tiếu,Phường Gò Vấp
L07662,R070,2026-06-18,Hủ tiếu thập cẩm,45000,58,19000,1,0,1,delivery,19:00,0,0,0.0,Dân cư đông,Hủ tiếu,Phường Gò Vấp
L07663,R070,2026-06-18,Hủ tiếu Nam Vang,49000,60,20000,1,0,1,pickup,19:15,0,0,0.0,Dân cư đông,Hủ tiếu,Phường Gò Vấp
L07664,R071,2026-06-18,Cơm tấm bì,40000,31,28000,4,2,2,delivery,11:45,56000,24000,0.5,Sinh viên,Cơm tấm,Phường Bình Trưng
L07665,R071,2026-06-18,Cơm tấm sườn trứng,52000,39,32000,3,1,2,pickup,11:00,32000,20000,0.333,Sinh viên,Cơm tấm,Phường Bình Trưng
L07666,R071,2026-06-18,Cơm tấm sườn nướng,30000,35,20000,4,1,3,pickup,11:45,20000,10000,0.25,Sinh viên,Cơm tấm,Phường Bình Trưng
L07667,R071,2026-06-18,Cơm tấm sườn bì chả,28000,33,19000,4,2,2,delivery,11:15,38000,18000,0.5,Sinh viên,Cơm tấm,Phường Bình Trưng
L07668,R071,2026-06-18,Cơm tấm đặc biệt,34000,31,23000,4,2,2,delivery,11:30,46000,22000,0.5,Sinh viên,Cơm tấm,Phường Bình Trưng
L07669,R072,2026-06-18,Cơm thịt kho trứng,47000,53,22000,5,4,1,delivery,14:45,88000,100000,0.8,Trung tâm,Cơm văn phòng,Phường Bến Thành
L07670,R072,2026-06-18,Cơm gà xối mỡ,32000,58,13000,4,2,2,delivery,14:45,26000,38000,0.5,Trung tâm,Cơm văn phòng,Phường Bến Thành
L07671,R073,2026-06-18,Bánh mì thịt nguội,19000,49,10000,2,1,1,delivery,16:45,10000,9000,0.5,Dân cư đông,Bánh mì,Phường Vĩnh Hội
L07672,R073,2026-06-18,Bánh mì trứng,27000,45,15000,2,1,1,delivery,16:15,15000,12000,0.5,Dân cư đông,Bánh mì,Phường Vĩnh Hội
L07673,R074,2026-06-18,Cơm gà luộc,44000,30,31000,2,0,2,pickup,17:45,0,0,0.0,Dân cư đông,Cơm văn phòng,Phường Bình Lợi Trung
L07674,R074,2026-06-18,Cơm gà xối mỡ,50000,30,35000,2,1,1,pickup,17:15,35000,15000,0.5,Dân cư đông,Cơm văn phòng,Phường Bình Lợi Trung
L07675,R074,2026-06-18,Cơm sườn đậu hũ,31000,30,22000,2,0,2,pickup,17:00,0,0,0.0,Dân cư đông,Cơm văn phòng,Phường Bình Lợi Trung
L07676,R074,2026-06-18,Cơm thịt kho trứng,47000,30,33000,2,0,2,pickup,17:00,0,0,0.0,Dân cư đông,Cơm văn phòng,Phường Bình Lợi Trung
L07677,R074,2026-06-18,Cơm canh chua,45000,30,31000,1,0,1,pickup,17:30,0,0,0.0,Dân cư đông,Cơm văn phòng,Phường Bình Lợi Trung
L07678,R075,2026-06-18,Cơm tấm bì,43000,49,22000,4,2,2,pickup,15:30,44000,42000,0.5,Dân cư đông,Cơm tấm,Phường Vĩnh Hội
L07679,R075,2026-06-18,Cơm tấm sườn trứng,48000,50,24000,3,2,1,pickup,15:00,48000,48000,0.667,Dân cư đông,Cơm tấm,Phường Vĩnh Hội
L07680,R075,2026-06-18,Cơm tấm sườn bì chả,34000,50,17000,4,3,1,delivery,15:15,51000,51000,0.75,Dân cư đông,Cơm tấm,Phường Vĩnh Hội
L07681,R076,2026-06-18,Phở bò tái,48000,38,30000,7,2,5,pickup,12:00,60000,36000,0.286,Dân cư đông,Phở,Phường An Nhơn
L07682,R076,2026-06-18,Phở bò viên,47000,47,25000,5,2,3,pickup,12:30,50000,44000,0.4,Dân cư đông,Phở,Phường An Nhơn
L07683,R076,2026-06-18,Phở gà,51000,48,27000,5,3,2,pickup,12:45,81000,72000,0.6,Dân cư đông,Phở,Phường An Nhơn
L07684,R077,2026-06-18,Cơm tấm sườn bì chả,49000,42,28000,3,1,2,delivery,14:30,28000,21000,0.333,Trung tâm,Cơm tấm,Phường Xuân Hòa
L07685,R077,2026-06-18,Cơm tấm bì,42000,49,21000,2,1,1,pickup,14:30,21000,21000,0.5,Trung tâm,Cơm tấm,Phường Xuân Hòa
L07686,R077,2026-06-18,Cơm tấm đặc biệt,37000,43,21000,2,1,1,pickup,14:45,21000,16000,0.5,Trung tâm,Cơm tấm,Phường Xuân Hòa
L07687,R078,2026-06-18,Bún riêu cua đồng,39000,37,25000,2,0,2,delivery,13:15,0,0,0.0,Công nhân,Bún riêu,Phường Tân Đông Hiệp
L07688,R078,2026-06-18,Bún riêu cua,51000,35,33000,2,1,1,delivery,13:15,33000,18000,0.5,Công nhân,Bún riêu,Phường Tân Đông Hiệp
L07689,R078,2026-06-18,Bún riêu thập cẩm,36000,38,22000,2,1,1,delivery,13:15,22000,14000,0.5,Công nhân,Bún riêu,Phường Tân Đông Hiệp
L07690,R078,2026-06-18,Bún riêu cua mọc,35000,40,21000,2,1,1,delivery,13:45,21000,14000,0.5,Công nhân,Bún riêu,Phường Tân Đông Hiệp
L07691,R079,2026-06-18,Cơm tấm đặc biệt,35000,42,20000,8,6,2,pickup,16:30,120000,90000,0.75,Sinh viên,Cơm tấm,Phường Bình Trưng
L07692,R080,2026-06-18,Cơm tấm bì,36000,45,20000,2,1,1,delivery,09:00,20000,16000,0.5,Dân cư đông,Cơm tấm,Phường An Hội Đông
L07693,R080,2026-06-18,Cơm tấm sườn trứng,37000,49,19000,1,0,1,delivery,09:45,0,0,0.0,Dân cư đông,Cơm tấm,Phường An Hội Đông
L07694,R080,2026-06-18,Cơm tấm sườn nướng,32000,44,18000,2,1,1,delivery,09:45,18000,14000,0.5,Dân cư đông,Cơm tấm,Phường An Hội Đông
L07695,R080,2026-06-18,Cơm tấm đặc biệt,52000,42,30000,1,0,1,delivery,09:15,0,0,0.0,Dân cư đông,Cơm tấm,Phường An Hội Đông
L07696,R080,2026-06-18,Cơm tấm sườn bì chả,49000,45,27000,1,0,1,delivery,09:00,0,0,0.0,Dân cư đông,Cơm tấm,Phường An Hội Đông
L07697,R081,2026-06-18,Bún riêu cua mọc,44000,51,22000,3,1,2,pickup,09:30,22000,22000,0.333,Công nhân,Bún riêu,Phường Đông Hòa
L07698,R081,2026-06-18,Bún riêu cua đồng,48000,53,23000,4,2,2,pickup,09:45,46000,50000,0.5,Công nhân,Bún riêu,Phường Đông Hòa
L07699,R081,2026-06-18,Bún riêu cua,36000,52,17000,3,2,1,pickup,09:45,34000,38000,0.667,Công nhân,Bún riêu,Phường Đông Hòa
L07700,R081,2026-06-18,Bún riêu thập cẩm,42000,55,19000,4,3,1,pickup,09:15,57000,69000,0.75,Công nhân,Bún riêu,Phường Đông Hòa
L07701,R082,2026-06-18,Hủ tiếu mì,56000,53,26000,10,9,1,delivery,19:15,234000,270000,0.9,Sinh viên,Hủ tiếu,Phường Tăng Nhơn Phú
L07702,R082,2026-06-18,Hủ tiếu thập cẩm,61000,53,29000,10,9,1,delivery,19:15,261000,288000,0.9,Sinh viên,Hủ tiếu,Phường Tăng Nhơn Phú
L07703,R083,2026-06-18,Cơm tấm sườn trứng,27000,30,19000,1,0,1,delivery,14:00,0,0,0.0,Trung tâm,Cơm tấm,Phường Sài Gòn
L07704,R083,2026-06-18,Cơm tấm đặc biệt,31000,35,20000,2,0,2,delivery,14:30,0,0,0.0,Trung tâm,Cơm tấm,Phường Sài Gòn
L07705,R083,2026-06-18,Cơm tấm sườn bì chả,29000,38,18000,2,0,2,pickup,14:45,0,0,0.0,Trung tâm,Cơm tấm,Phường Sài Gòn
L07706,R084,2026-06-18,Bún riêu thập cẩm,47000,38,29000,1,0,1,pickup,18:00,0,0,0.0,Sinh viên,Bún riêu,Phường Hiệp Bình
L07707,R085,2026-06-18,Bánh mì gà,25000,60,10000,15,11,4,pickup,20:00,110000,165000,0.733,Sinh viên,Bánh mì,Phường Tăng Nhơn Phú
L07708,R086,2026-06-18,Phở bò viên,57000,55,26000,1,0,1,delivery,10:15,0,0,0.0,Dân cư đông,Phở,Phường Tân Sơn Nhất
L07709,R086,2026-06-18,Phở bò chín,43000,52,21000,1,0,1,delivery,10:00,0,0,0.0,Dân cư đông,Phở,Phường Tân Sơn Nhất
L07710,R086,2026-06-18,Phở gà,54000,56,24000,1,0,1,delivery,10:00,0,0,0.0,Dân cư đông,Phở,Phường Tân Sơn Nhất
L07711,R086,2026-06-18,Phở bò tái,45000,59,18000,1,0,1,delivery,10:30,0,0,0.0,Dân cư đông,Phở,Phường Tân Sơn Nhất
L07712,R086,2026-06-18,Phở bò tái nạm,51000,52,24000,1,0,1,delivery,10:00,0,0,0.0,Dân cư đông,Phở,Phường Tân Sơn Nhất
L07713,R087,2026-06-18,Phở bò chín,53000,35,34000,14,4,10,pickup,13:45,136000,76000,0.286,Công nhân,Phở,Phường Thuận An
L07714,R087,2026-06-18,Phở bò viên,44000,39,27000,15,7,8,pickup,13:45,189000,119000,0.467,Công nhân,Phở,Phường Thuận An
L07715,R088,2026-06-18,Cơm tấm sườn nướng,38000,54,17000,2,1,1,delivery,09:00,17000,21000,0.5,Dân cư đông,Cơm tấm,Phường Gò Vấp
L07716,R088,2026-06-18,Cơm tấm sườn bì chả,41000,53,19000,3,2,1,pickup,09:15,38000,44000,0.667,Dân cư đông,Cơm tấm,Phường Gò Vấp
L07717,R088,2026-06-18,Cơm tấm bì,38000,55,17000,3,2,1,delivery,09:15,34000,42000,0.667,Dân cư đông,Cơm tấm,Phường Gò Vấp
L07718,R088,2026-06-18,Cơm tấm sườn trứng,42000,60,17000,2,1,1,delivery,09:45,17000,25000,0.5,Dân cư đông,Cơm tấm,Phường Gò Vấp
L07719,R088,2026-06-18,Cơm tấm đặc biệt,34000,60,14000,3,2,1,pickup,09:15,28000,40000,0.667,Dân cư đông,Cơm tấm,Phường Gò Vấp
L07720,R089,2026-06-18,Hủ tiếu sa tế,45000,37,28000,1,0,1,delivery,15:30,0,0,0.0,Công nhân,Hủ tiếu,Phường Đông Hòa
L07721,R089,2026-06-18,Hủ tiếu bò kho,57000,31,39000,1,0,1,pickup,15:15,0,0,0.0,Công nhân,Hủ tiếu,Phường Đông Hòa
L07722,R089,2026-06-18,Hủ tiếu thập cẩm,41000,36,26000,1,0,1,delivery,15:15,0,0,0.0,Công nhân,Hủ tiếu,Phường Đông Hòa
L07723,R089,2026-06-18,Hủ tiếu mì,44000,37,28000,1,0,1,delivery,15:30,0,0,0.0,Công nhân,Hủ tiếu,Phường Đông Hòa
L07724,R090,2026-06-18,Hủ tiếu thập cẩm,43000,42,25000,14,7,7,delivery,09:15,175000,126000,0.5,Sinh viên,Hủ tiếu,Phường Thủ Đức
L07725,R091,2026-06-18,Bánh mì thịt nguội,23000,59,9000,2,1,1,delivery,12:30,9000,14000,0.5,Dân cư đông,Bánh mì,Phường Xóm Chiếu
L07726,R092,2026-06-18,Cơm tấm sườn trứng,39000,31,27000,3,1,2,delivery,17:00,27000,12000,0.333,Dân cư đông,Cơm tấm,Phường Gia Định
L07727,R092,2026-06-18,Cơm tấm sườn bì chả,30000,30,21000,3,1,2,delivery,17:45,21000,9000,0.333,Dân cư đông,Cơm tấm,Phường Gia Định
L07728,R092,2026-06-18,Cơm tấm đặc biệt,41000,38,25000,3,1,2,delivery,17:15,25000,16000,0.333,Dân cư đông,Cơm tấm,Phường Gia Định
L07729,R092,2026-06-18,Cơm tấm bì,34000,37,21000,2,0,2,delivery,17:00,0,0,0.0,Dân cư đông,Cơm tấm,Phường Gia Định
L07730,R092,2026-06-18,Cơm tấm sườn nướng,38000,39,23000,3,1,2,delivery,17:15,23000,15000,0.333,Dân cư đông,Cơm tấm,Phường Gia Định
L07731,R093,2026-06-18,Phở bò tái nạm,42000,41,25000,5,3,2,delivery,09:45,75000,51000,0.6,Công nhân,Phở,Phường Tân Đông Hiệp
L07732,R093,2026-06-18,Phở bò chín,49000,32,33000,5,2,3,pickup,09:30,66000,32000,0.4,Công nhân,Phở,Phường Tân Đông Hiệp
L07733,R093,2026-06-18,Phở bò tái,51000,40,31000,4,2,2,pickup,09:45,62000,40000,0.5,Công nhân,Phở,Phường Tân Đông Hiệp
L07734,R093,2026-06-18,Phở gà,50000,32,34000,6,2,4,delivery,09:30,68000,32000,0.333,Công nhân,Phở,Phường Tân Đông Hiệp
L07735,R094,2026-06-18,Hủ tiếu sa tế,44000,55,20000,10,6,4,delivery,12:30,120000,144000,0.6,Dân cư đông,Hủ tiếu,Phường Bình Lợi Trung
L07736,R095,2026-06-18,Cơm tấm sườn trứng,45000,60,18000,2,1,1,pickup,14:00,18000,27000,0.5,Công nhân,Cơm tấm,Phường Lái Thiêu
L07737,R095,2026-06-18,Cơm tấm bì,50000,60,20000,2,1,1,delivery,14:45,20000,30000,0.5,Công nhân,Cơm tấm,Phường Lái Thiêu
L07738,R095,2026-06-18,Cơm tấm sườn bì chả,37000,60,15000,2,1,1,delivery,14:00,15000,22000,0.5,Công nhân,Cơm tấm,Phường Lái Thiêu
L07739,R095,2026-06-18,Cơm tấm đặc biệt,39000,55,18000,2,1,1,pickup,14:45,18000,21000,0.5,Công nhân,Cơm tấm,Phường Lái Thiêu
L07740,R096,2026-06-18,Cơm sườn đậu hũ,36000,45,20000,8,4,4,pickup,14:15,80000,64000,0.5,Công nhân,Cơm văn phòng,Phường Lái Thiêu
L07741,R096,2026-06-18,Cơm gà luộc,43000,40,26000,11,6,5,pickup,14:15,156000,102000,0.545,Công nhân,Cơm văn phòng,Phường Lái Thiêu
L07742,R097,2026-06-18,Hủ tiếu mì,53000,50,26000,3,2,1,delivery,20:45,52000,54000,0.667,Công nhân,Hủ tiếu,Phường Tân Đông Hiệp
L07743,R097,2026-06-18,Hủ tiếu sa tế,57000,56,25000,3,2,1,pickup,20:15,50000,64000,0.667,Công nhân,Hủ tiếu,Phường Tân Đông Hiệp
L07744,R097,2026-06-18,Hủ tiếu bò kho,53000,56,23000,2,1,1,pickup,20:45,23000,30000,0.5,Công nhân,Hủ tiếu,Phường Tân Đông Hiệp
L07745,R098,2026-06-18,Bún riêu cua mọc,39000,42,23000,3,1,2,delivery,16:15,23000,16000,0.333,Trung tâm,Bún riêu,Phường Xuân Hòa
L07746,R099,2026-06-18,Cơm canh chua,41000,59,17000,1,0,1,pickup,09:15,0,0,0.0,Sinh viên,Cơm văn phòng,Phường An Khánh
L07747,R099,2026-06-18,Cơm sườn đậu hũ,43000,60,17000,1,0,1,pickup,09:45,0,0,0.0,Sinh viên,Cơm văn phòng,Phường An Khánh
L07748,R099,2026-06-18,Cơm gà luộc,44000,58,18000,1,0,1,pickup,09:15,0,0,0.0,Sinh viên,Cơm văn phòng,Phường An Khánh
L07749,R099,2026-06-18,Cơm thịt kho trứng,29000,60,12000,1,0,1,pickup,09:30,0,0,0.0,Sinh viên,Cơm văn phòng,Phường An Khánh
L07750,R099,2026-06-18,Cơm gà xối mỡ,26000,59,11000,1,0,1,pickup,09:00,0,0,0.0,Sinh viên,Cơm văn phòng,Phường An Khánh
L07751,R100,2026-06-18,Hủ tiếu thập cẩm,41000,42,24000,3,1,2,delivery,15:00,24000,17000,0.333,Trung tâm,Hủ tiếu,Phường Tân Định
L07752,R100,2026-06-18,Hủ tiếu mì,43000,44,24000,3,2,1,pickup,15:00,48000,38000,0.667,Trung tâm,Hủ tiếu,Phường Tân Định
L07753,R101,2026-06-18,Phở gà,44000,35,29000,1,0,1,pickup,09:15,0,0,0.0,Công nhân,Phở,Phường Bình Hòa
L07754,R101,2026-06-18,Phở bò tái nạm,44000,33,29000,1,0,1,pickup,09:45,0,0,0.0,Công nhân,Phở,Phường Bình Hòa
L07755,R101,2026-06-18,Phở bò tái,58000,30,41000,1,0,1,pickup,09:00,0,0,0.0,Công nhân,Phở,Phường Bình Hòa
L07756,R102,2026-06-18,Bún bò Huế đặc biệt,46000,50,23000,1,0,1,delivery,15:15,0,0,0.0,Sinh viên,Bún bò,Phường Thủ Đức
L07757,R102,2026-06-18,Bún bò thập cẩm,56000,51,27000,1,0,1,delivery,15:45,0,0,0.0,Sinh viên,Bún bò,Phường Thủ Đức
L07758,R102,2026-06-18,Bún bò viên,40000,50,20000,2,1,1,delivery,15:45,20000,20000,0.5,Sinh viên,Bún bò,Phường Thủ Đức
L07759,R102,2026-06-18,Bún bò giò heo,48000,58,20000,2,1,1,pickup,15:15,20000,28000,0.5,Sinh viên,Bún bò,Phường Thủ Đức
L07760,R103,2026-06-18,Cơm gà xối mỡ,32000,32,22000,8,3,5,delivery,11:00,66000,30000,0.375,Công nhân,Cơm văn phòng,Phường Đông Hòa
L07761,R103,2026-06-18,Cơm sườn đậu hũ,36000,34,24000,5,1,4,pickup,11:30,24000,12000,0.2,Công nhân,Cơm văn phòng,Phường Đông Hòa
L07762,R103,2026-06-18,Cơm canh chua,41000,33,27000,7,2,5,pickup,11:00,54000,28000,0.286,Công nhân,Cơm văn phòng,Phường Đông Hòa
L07763,R104,2026-06-18,Bánh mì thịt nguội,26000,52,12000,1,0,1,pickup,19:00,0,0,0.0,Dân cư đông,Bánh mì,Phường Thông Tây Hội
L07764,R104,2026-06-18,Bánh mì trứng,27000,54,12000,1,0,1,pickup,19:30,0,0,0.0,Dân cư đông,Bánh mì,Phường Thông Tây Hội
L07765,R104,2026-06-18,Bánh mì chả lụa,27000,52,13000,1,0,1,pickup,19:30,0,0,0.0,Dân cư đông,Bánh mì,Phường Thông Tây Hội
L07766,R104,2026-06-18,Bánh mì xíu mại,30000,51,15000,1,0,1,pickup,19:15,0,0,0.0,Dân cư đông,Bánh mì,Phường Thông Tây Hội
L07767,R104,2026-06-18,Bánh mì gà,25000,50,12000,1,0,1,pickup,19:00,0,0,0.0,Dân cư đông,Bánh mì,Phường Thông Tây Hội
L07768,R105,2026-06-18,Bánh mì chả lụa,22000,30,15000,6,2,4,pickup,16:15,30000,14000,0.333,Sinh viên,Bánh mì,Phường Tam Bình
L07769,R105,2026-06-18,Bánh mì trứng,25000,33,17000,6,1,5,pickup,16:00,17000,8000,0.167,Sinh viên,Bánh mì,Phường Tam Bình
L07770,R106,2026-06-18,Phở gà,44000,60,18000,8,7,1,pickup,11:15,126000,182000,0.875,Công nhân,Phở,Phường An Phú
L07771,R106,2026-06-18,Phở bò tái,39000,58,16000,5,3,2,pickup,11:30,48000,69000,0.6,Công nhân,Phở,Phường An Phú
L07772,R106,2026-06-18,Phở bò viên,56000,59,23000,7,5,2,pickup,11:00,115000,165000,0.714,Công nhân,Phở,Phường An Phú
L07773,R107,2026-06-18,Hủ tiếu bò kho,60000,37,38000,13,5,8,pickup,09:30,190000,110000,0.385,Dân cư đông,Hủ tiếu,Phường Gò Vấp
L07774,R108,2026-06-18,Cơm tấm đặc biệt,28000,45,15000,4,2,2,pickup,16:30,30000,26000,0.5,Sinh viên,Cơm tấm,Phường Thủ Đức
L07775,R108,2026-06-18,Cơm tấm sườn nướng,35000,44,20000,4,3,1,delivery,16:45,60000,45000,0.75,Sinh viên,Cơm tấm,Phường Thủ Đức
L07776,R108,2026-06-18,Cơm tấm sườn bì chả,34000,47,18000,3,1,2,pickup,16:15,18000,16000,0.333,Sinh viên,Cơm tấm,Phường Thủ Đức
L07777,R108,2026-06-18,Cơm tấm bì,37000,49,19000,4,2,2,delivery,16:30,38000,36000,0.5,Sinh viên,Cơm tấm,Phường Thủ Đức
L07778,R109,2026-06-18,Hủ tiếu mì,43000,60,17000,1,0,1,delivery,11:00,0,0,0.0,Trung tâm,Hủ tiếu,Phường Sài Gòn
L07779,R109,2026-06-18,Hủ tiếu thập cẩm,55000,54,25000,1,0,1,delivery,11:00,0,0,0.0,Trung tâm,Hủ tiếu,Phường Sài Gòn
L07780,R109,2026-06-18,Hủ tiếu sa tế,52000,59,21000,1,0,1,delivery,11:30,0,0,0.0,Trung tâm,Hủ tiếu,Phường Sài Gòn
L07781,R110,2026-06-18,Phở bò chín,44000,59,18000,4,2,2,delivery,10:15,36000,52000,0.5,Sinh viên,Phở,Phường Hiệp Bình
L07782,R110,2026-06-18,Phở bò tái,46000,56,20000,4,3,1,delivery,10:45,60000,78000,0.75,Sinh viên,Phở,Phường Hiệp Bình
L07783,R111,2026-06-18,Bánh mì trứng,18000,54,8000,5,3,2,delivery,09:30,24000,30000,0.6,Sinh viên,Bánh mì,Phường Long Bình
L07784,R112,2026-06-18,Hủ tiếu sa tế,59000,45,32000,1,0,1,delivery,11:15,0,0,0.0,Dân cư đông,Hủ tiếu,Phường Gò Vấp
L07785,R112,2026-06-18,Hủ tiếu bò kho,58000,55,26000,1,0,1,pickup,11:30,0,0,0.0,Dân cư đông,Hủ tiếu,Phường Gò Vấp
L07786,R112,2026-06-18,Hủ tiếu thập cẩm,51000,49,26000,1,0,1,delivery,11:45,0,0,0.0,Dân cư đông,Hủ tiếu,Phường Gò Vấp
L07787,R112,2026-06-18,Hủ tiếu mì,49000,49,25000,1,0,1,pickup,11:45,0,0,0.0,Dân cư đông,Hủ tiếu,Phường Gò Vấp
L07788,R112,2026-06-18,Hủ tiếu Nam Vang,53000,48,28000,1,0,1,delivery,11:30,0,0,0.0,Dân cư đông,Hủ tiếu,Phường Gò Vấp
L07789,R113,2026-06-18,Bánh mì trứng,20000,51,10000,1,0,1,delivery,10:15,0,0,0.0,Dân cư đông,Bánh mì,Phường Tân Hòa
L07790,R113,2026-06-18,Bánh mì xíu mại,25000,45,14000,1,0,1,delivery,10:30,0,0,0.0,Dân cư đông,Bánh mì,Phường Tân Hòa
L07791,R113,2026-06-18,Bánh mì thịt nguội,31000,50,16000,1,0,1,delivery,10:00,0,0,0.0,Dân cư đông,Bánh mì,Phường Tân Hòa
L07792,R113,2026-06-18,Bánh mì chả lụa,23000,43,13000,1,0,1,delivery,10:15,0,0,0.0,Dân cư đông,Bánh mì,Phường Tân Hòa
L07793,R113,2026-06-18,Bánh mì gà,29000,43,17000,1,0,1,delivery,10:45,0,0,0.0,Dân cư đông,Bánh mì,Phường Tân Hòa
L07794,R114,2026-06-18,Cơm sườn đậu hũ,47000,47,25000,1,0,1,delivery,10:00,0,0,0.0,Công nhân,Cơm văn phòng,Phường Bình Hòa
L07795,R114,2026-06-18,Cơm gà xối mỡ,35000,38,22000,1,0,1,pickup,10:45,0,0,0.0,Công nhân,Cơm văn phòng,Phường Bình Hòa
L07796,R114,2026-06-18,Cơm thịt kho trứng,38000,37,24000,1,0,1,delivery,10:15,0,0,0.0,Công nhân,Cơm văn phòng,Phường Bình Hòa
L07797,R114,2026-06-18,Cơm canh chua,40000,41,24000,1,0,1,delivery,10:30,0,0,0.0,Công nhân,Cơm văn phòng,Phường Bình Hòa
L07798,R115,2026-06-18,Cơm tấm đặc biệt,29000,39,18000,1,0,1,delivery,14:45,0,0,0.0,Dân cư đông,Cơm tấm,Phường Khánh Hội
L07799,R115,2026-06-18,Cơm tấm bì,46000,43,26000,1,0,1,delivery,14:00,0,0,0.0,Dân cư đông,Cơm tấm,Phường Khánh Hội
L07800,R116,2026-06-18,Cơm gà xối mỡ,43000,38,27000,2,0,2,delivery,20:00,0,0,0.0,Dân cư đông,Cơm văn phòng,Phường Bình Lợi Trung
L07801,R116,2026-06-18,Cơm thịt kho trứng,29000,39,18000,2,0,2,pickup,20:15,0,0,0.0,Dân cư đông,Cơm văn phòng,Phường Bình Lợi Trung
L07802,R117,2026-06-18,Bánh mì xíu mại,20000,42,12000,1,0,1,delivery,09:30,0,0,0.0,Sinh viên,Bánh mì,Phường Hiệp Bình
L07803,R117,2026-06-18,Bánh mì gà,24000,42,14000,1,0,1,delivery,09:30,0,0,0.0,Sinh viên,Bánh mì,Phường Hiệp Bình
L07804,R117,2026-06-18,Bánh mì chả lụa,22000,40,13000,1,0,1,delivery,09:15,0,0,0.0,Sinh viên,Bánh mì,Phường Hiệp Bình
L07805,R118,2026-06-18,Bánh mì thịt nguội,32000,30,22000,3,1,2,pickup,10:00,22000,10000,0.333,Dân cư đông,Bánh mì,Phường Gò Vấp
L07806,R118,2026-06-18,Bánh mì chả lụa,22000,31,15000,3,1,2,pickup,10:30,15000,7000,0.333,Dân cư đông,Bánh mì,Phường Gò Vấp
L07807,R118,2026-06-18,Bánh mì trứng,30000,35,20000,3,1,2,pickup,10:45,20000,10000,0.333,Dân cư đông,Bánh mì,Phường Gò Vấp
L07808,R119,2026-06-18,Bún bò thập cẩm,45000,55,20000,5,3,2,pickup,14:45,60000,75000,0.6,Công nhân,Bún bò,Phường Đông Hòa
L07809,R120,2026-06-18,Bún bò giò heo,62000,54,29000,2,1,1,pickup,11:45,29000,33000,0.5,Dân cư đông,Bún bò,Phường Hạnh Thông
L07810,R120,2026-06-18,Bún bò thập cẩm,47000,55,21000,1,0,1,pickup,11:30,0,0,0.0,Dân cư đông,Bún bò,Phường Hạnh Thông
L07811,R120,2026-06-18,Bún bò gân,58000,54,27000,1,0,1,pickup,11:30,0,0,0.0,Dân cư đông,Bún bò,Phường Hạnh Thông
L07812,R120,2026-06-18,Bún bò viên,60000,51,29000,1,0,1,pickup,11:15,0,0,0.0,Dân cư đông,Bún bò,Phường Hạnh Thông
L07813,R120,2026-06-18,Bún bò Huế đặc biệt,40000,57,17000,2,1,1,pickup,11:15,17000,23000,0.5,Dân cư đông,Bún bò,Phường Hạnh Thông
L07814,R121,2026-06-18,Cơm canh chua,45000,40,27000,1,0,1,pickup,12:00,0,0,0.0,Dân cư đông,Cơm văn phòng,Phường Gò Vấp
L07815,R121,2026-06-18,Cơm thịt kho trứng,31000,41,18000,1,0,1,pickup,12:45,0,0,0.0,Dân cư đông,Cơm văn phòng,Phường Gò Vấp
L07816,R121,2026-06-18,Cơm gà luộc,41000,38,25000,1,0,1,pickup,12:15,0,0,0.0,Dân cư đông,Cơm văn phòng,Phường Gò Vấp
L07817,R121,2026-06-18,Cơm gà xối mỡ,37000,42,21000,1,0,1,pickup,12:00,0,0,0.0,Dân cư đông,Cơm văn phòng,Phường Gò Vấp
L07818,R121,2026-06-18,Cơm sườn đậu hũ,38000,42,22000,1,0,1,pickup,12:45,0,0,0.0,Dân cư đông,Cơm văn phòng,Phường Gò Vấp
L07819,R122,2026-06-18,Bún riêu cua mọc,38000,49,19000,6,4,2,pickup,09:00,76000,76000,0.667,Sinh viên,Bún riêu,Phường Linh Xuân
L07820,R123,2026-06-18,Cơm thịt kho trứng,34000,53,16000,16,11,5,delivery,16:45,176000,198000,0.688,Sinh viên,Cơm văn phòng,Phường Bình Trưng
L07821,R124,2026-06-18,Bún bò gân,52000,35,34000,3,1,2,pickup,15:45,34000,18000,0.333,Sinh viên,Bún bò,Phường Cát Lái
L07822,R124,2026-06-18,Bún bò giò heo,49000,37,31000,2,0,2,pickup,15:45,0,0,0.0,Sinh viên,Bún bò,Phường Cát Lái
L07823,R124,2026-06-18,Bún bò viên,62000,30,43000,3,1,2,delivery,15:45,43000,19000,0.333,Sinh viên,Bún bò,Phường Cát Lái
L07824,R124,2026-06-18,Bún bò thập cẩm,49000,34,32000,3,1,2,pickup,15:15,32000,17000,0.333,Sinh viên,Bún bò,Phường Cát Lái
L07825,R124,2026-06-18,Bún bò Huế đặc biệt,45000,30,31000,3,1,2,pickup,15:00,31000,14000,0.333,Sinh viên,Bún bò,Phường Cát Lái
L07826,R125,2026-06-18,Bánh mì trứng,19000,53,9000,3,2,1,delivery,15:45,18000,20000,0.667,Công nhân,Bánh mì,Phường Lái Thiêu
L07827,R125,2026-06-18,Bánh mì xíu mại,18000,48,9000,3,2,1,pickup,15:15,18000,18000,0.667,Công nhân,Bánh mì,Phường Lái Thiêu
L07828,R126,2026-06-18,Phở bò viên,43000,39,26000,3,1,2,delivery,11:15,26000,17000,0.333,Dân cư đông,Phở,Phường Gò Vấp
L07829,R126,2026-06-18,Phở bò tái nạm,53000,39,32000,3,0,3,delivery,11:15,0,0,0.0,Dân cư đông,Phở,Phường Gò Vấp
L07830,R126,2026-06-18,Phở bò tái,49000,30,34000,2,0,2,delivery,11:45,0,0,0.0,Dân cư đông,Phở,Phường Gò Vấp
L07831,R126,2026-06-18,Phở bò chín,38000,38,24000,3,1,2,delivery,11:30,24000,14000,0.333,Dân cư đông,Phở,Phường Gò Vấp
L07832,R126,2026-06-18,Phở gà,45000,37,28000,2,1,1,delivery,11:15,28000,17000,0.5,Dân cư đông,Phở,Phường Gò Vấp
L07833,R127,2026-06-18,Cơm gà luộc,31000,39,19000,2,1,1,delivery,18:30,19000,12000,0.5,Dân cư đông,Cơm văn phòng,Phường Tân Sơn Nhất
L07834,R127,2026-06-18,Cơm gà xối mỡ,29000,37,18000,2,1,1,delivery,18:45,18000,11000,0.5,Dân cư đông,Cơm văn phòng,Phường Tân Sơn Nhất
L07835,R127,2026-06-18,Cơm canh chua,31000,37,20000,3,1,2,delivery,18:30,20000,11000,0.333,Dân cư đông,Cơm văn phòng,Phường Tân Sơn Nhất
L07836,R127,2026-06-18,Cơm sườn đậu hũ,48000,37,30000,2,0,2,delivery,18:15,0,0,0.0,Dân cư đông,Cơm văn phòng,Phường Tân Sơn Nhất
L07837,R127,2026-06-18,Cơm thịt kho trứng,30000,38,19000,2,1,1,delivery,18:15,19000,11000,0.5,Dân cư đông,Cơm văn phòng,Phường Tân Sơn Nhất
L07838,R128,2026-06-18,Bánh mì trứng,20000,36,13000,4,2,2,delivery,18:15,26000,14000,0.5,Trung tâm,Bánh mì,Phường Đức Nhuận
L07839,R128,2026-06-18,Bánh mì xíu mại,28000,38,17000,3,0,3,delivery,18:15,0,0,0.0,Trung tâm,Bánh mì,Phường Đức Nhuận
L07840,R129,2026-06-18,Phở bò tái nạm,44000,47,23000,1,0,1,pickup,11:30,0,0,0.0,Công nhân,Phở,Phường Dĩ An
L07841,R129,2026-06-18,Phở bò tái,47000,51,23000,1,0,1,pickup,11:30,0,0,0.0,Công nhân,Phở,Phường Dĩ An
L07842,R129,2026-06-18,Phở gà,54000,56,24000,2,1,1,pickup,11:15,24000,30000,0.5,Công nhân,Phở,Phường Dĩ An
L07843,R130,2026-06-18,Phở bò viên,47000,39,29000,4,1,3,delivery,10:15,29000,18000,0.25,Công nhân,Phở,Phường Lái Thiêu
L07844,R130,2026-06-18,Phở bò tái,49000,42,28000,4,2,2,delivery,10:30,56000,42000,0.5,Công nhân,Phở,Phường Lái Thiêu
L07845,R130,2026-06-18,Phở gà,45000,42,26000,3,1,2,delivery,10:30,26000,19000,0.333,Công nhân,Phở,Phường Lái Thiêu
L07846,R130,2026-06-18,Phở bò tái nạm,56000,42,32000,3,1,2,delivery,10:00,32000,24000,0.333,Công nhân,Phở,Phường Lái Thiêu
L07847,R131,2026-06-18,Bún bò viên,45000,47,24000,1,0,1,delivery,20:45,0,0,0.0,Sinh viên,Bún bò,Phường Phước Long
L07848,R131,2026-06-18,Bún bò Huế đặc biệt,56000,48,29000,1,0,1,pickup,20:30,0,0,0.0,Sinh viên,Bún bò,Phường Phước Long
L07849,R131,2026-06-18,Bún bò giò heo,51000,50,26000,1,0,1,delivery,20:15,0,0,0.0,Sinh viên,Bún bò,Phường Phước Long
L07850,R131,2026-06-18,Bún bò gân,52000,54,24000,1,0,1,delivery,20:00,0,0,0.0,Sinh viên,Bún bò,Phường Phước Long
L07851,R132,2026-06-18,Cơm thịt kho trứng,35000,49,18000,4,2,2,pickup,09:00,36000,34000,0.5,Sinh viên,Cơm văn phòng,Phường Linh Xuân
L07852,R132,2026-06-18,Cơm gà xối mỡ,34000,48,18000,3,1,2,delivery,09:00,18000,16000,0.333,Sinh viên,Cơm văn phòng,Phường Linh Xuân
L07853,R132,2026-06-18,Cơm sườn đậu hũ,31000,44,17000,3,1,2,pickup,09:00,17000,14000,0.333,Sinh viên,Cơm văn phòng,Phường Linh Xuân
L07854,R133,2026-06-18,Hủ tiếu bò kho,49000,43,28000,11,6,5,delivery,15:15,168000,126000,0.545,Sinh viên,Hủ tiếu,Phường Cát Lái
L07855,R134,2026-06-18,Cơm tấm sườn nướng,32000,33,21000,1,0,1,delivery,15:30,0,0,0.0,Dân cư đông,Cơm tấm,Phường An Nhơn
L07856,R134,2026-06-18,Cơm tấm sườn bì chả,30000,34,20000,1,0,1,pickup,15:15,0,0,0.0,Dân cư đông,Cơm tấm,Phường An Nhơn
L07857,R134,2026-06-18,Cơm tấm sườn trứng,52000,33,35000,1,0,1,pickup,15:30,0,0,0.0,Dân cư đông,Cơm tấm,Phường An Nhơn
L07858,R135,2026-06-18,Bún bò viên,49000,45,27000,7,4,3,pickup,20:15,108000,88000,0.571,Sinh viên,Bún bò,Phường Cát Lái
L07859,R135,2026-06-18,Bún bò thập cẩm,52000,49,27000,6,4,2,pickup,20:00,108000,100000,0.667,Sinh viên,Bún bò,Phường Cát Lái
L07860,R135,2026-06-18,Bún bò gân,49000,44,27000,7,4,3,pickup,20:30,108000,88000,0.571,Sinh viên,Bún bò,Phường Cát Lái
L07861,R136,2026-06-18,Bún bò thập cẩm,46000,54,21000,6,4,2,delivery,10:15,84000,100000,0.667,Công nhân,Bún bò,Phường Đông Hòa
L07862,R136,2026-06-18,Bún bò gân,53000,51,26000,6,5,1,pickup,10:30,130000,135000,0.833,Công nhân,Bún bò,Phường Đông Hòa
L07863,R136,2026-06-18,Bún bò giò heo,54000,56,24000,6,5,1,delivery,10:15,120000,150000,0.833,Công nhân,Bún bò,Phường Đông Hòa
L07864,R137,2026-06-18,Hủ tiếu bò kho,51000,41,30000,1,0,1,delivery,15:30,0,0,0.0,Dân cư đông,Hủ tiếu,Phường Tân Sơn Nhất
L07865,R137,2026-06-18,Hủ tiếu sa tế,45000,47,24000,1,0,1,delivery,15:00,0,0,0.0,Dân cư đông,Hủ tiếu,Phường Tân Sơn Nhất
L07866,R137,2026-06-18,Hủ tiếu Nam Vang,48000,48,25000,1,0,1,delivery,15:30,0,0,0.0,Dân cư đông,Hủ tiếu,Phường Tân Sơn Nhất
L07867,R137,2026-06-18,Hủ tiếu thập cẩm,48000,48,25000,1,0,1,delivery,15:45,0,0,0.0,Dân cư đông,Hủ tiếu,Phường Tân Sơn Nhất
L07868,R137,2026-06-18,Hủ tiếu mì,62000,51,30000,1,0,1,delivery,15:30,0,0,0.0,Dân cư đông,Hủ tiếu,Phường Tân Sơn Nhất
L07869,R138,2026-06-18,Cơm tấm bì,41000,53,19000,1,0,1,delivery,16:15,0,0,0.0,Công nhân,Cơm tấm,Phường Đông Hòa
L07870,R138,2026-06-18,Cơm tấm sườn trứng,28000,54,13000,1,0,1,delivery,16:00,0,0,0.0,Công nhân,Cơm tấm,Phường Đông Hòa
L07871,R138,2026-06-18,Cơm tấm đặc biệt,49000,60,20000,1,0,1,delivery,16:30,0,0,0.0,Công nhân,Cơm tấm,Phường Đông Hòa
L07872,R138,2026-06-18,Cơm tấm sườn bì chả,35000,60,14000,1,0,1,delivery,16:30,0,0,0.0,Công nhân,Cơm tấm,Phường Đông Hòa
L07873,R139,2026-06-18,Bánh mì gà,23000,60,9000,3,2,1,delivery,09:00,18000,28000,0.667,Ngoại ô,Bánh mì,Xã Bà Điểm
L07874,R139,2026-06-18,Bánh mì xíu mại,21000,53,10000,3,2,1,delivery,09:15,20000,22000,0.667,Ngoại ô,Bánh mì,Xã Bà Điểm
L07875,R139,2026-06-18,Bánh mì thịt nguội,17000,51,8000,2,1,1,delivery,09:00,8000,9000,0.5,Ngoại ô,Bánh mì,Xã Bà Điểm
L07876,R140,2026-06-18,Bún riêu thập cẩm,42000,37,26000,6,2,4,delivery,17:30,52000,32000,0.333,Ngoại ô,Bún riêu,Xã Hiệp Phước
L07877,R140,2026-06-18,Bún riêu cua mọc,40000,36,26000,4,1,3,delivery,17:45,26000,14000,0.25,Ngoại ô,Bún riêu,Xã Hiệp Phước
L07878,R141,2026-06-18,Cơm canh chua,35000,36,22000,2,0,2,delivery,15:00,0,0,0.0,Sinh viên,Cơm văn phòng,Phường Long Bình
L07879,R141,2026-06-18,Cơm sườn đậu hũ,38000,37,24000,2,0,2,delivery,15:15,0,0,0.0,Sinh viên,Cơm văn phòng,Phường Long Bình
L07880,R142,2026-06-18,Bún riêu cua mọc,38000,49,19000,5,3,2,pickup,11:30,57000,57000,0.6,Công nhân,Bún riêu,Phường Thuận An
L07881,R142,2026-06-18,Bún riêu cua,49000,52,24000,4,3,1,pickup,11:15,72000,75000,0.75,Công nhân,Bún riêu,Phường Thuận An
L07882,R142,2026-06-18,Bún riêu cua đồng,41000,51,20000,5,4,1,pickup,11:30,80000,84000,0.8,Công nhân,Bún riêu,Phường Thuận An
L07883,R142,2026-06-18,Bún riêu thập cẩm,38000,43,22000,5,3,2,pickup,11:45,66000,48000,0.6,Công nhân,Bún riêu,Phường Thuận An
L07884,R143,2026-06-18,Bánh mì chả lụa,25000,42,14000,3,1,2,pickup,16:45,14000,11000,0.333,Sinh viên,Bánh mì,Phường Cát Lái
L07885,R143,2026-06-18,Bánh mì thịt nguội,19000,42,11000,3,2,1,pickup,16:00,22000,16000,0.667,Sinh viên,Bánh mì,Phường Cát Lái
L07886,R143,2026-06-18,Bánh mì gà,26000,47,14000,2,1,1,delivery,16:45,14000,12000,0.5,Sinh viên,Bánh mì,Phường Cát Lái
L07887,R143,2026-06-18,Bánh mì xíu mại,26000,52,12000,2,1,1,pickup,16:15,12000,14000,0.5,Sinh viên,Bánh mì,Phường Cát Lái
L07888,R144,2026-06-18,Bún bò gân,53000,60,21000,4,2,2,pickup,15:45,42000,64000,0.5,Sinh viên,Bún bò,Phường Phước Long
L07889,R144,2026-06-18,Bún bò viên,42000,60,17000,4,2,2,pickup,15:15,34000,50000,0.5,Sinh viên,Bún bò,Phường Phước Long
L07890,R144,2026-06-18,Bún bò thập cẩm,43000,60,17000,2,1,1,pickup,15:00,17000,26000,0.5,Sinh viên,Bún bò,Phường Phước Long
L07891,R145,2026-06-18,Cơm tấm bì,39000,51,19000,1,0,1,pickup,19:15,0,0,0.0,Trung tâm,Cơm tấm,Phường Phú Nhuận
L07892,R145,2026-06-18,Cơm tấm đặc biệt,36000,45,20000,1,0,1,pickup,19:30,0,0,0.0,Trung tâm,Cơm tấm,Phường Phú Nhuận
L07893,R145,2026-06-18,Cơm tấm sườn bì chả,41000,42,24000,2,1,1,delivery,19:30,24000,17000,0.5,Trung tâm,Cơm tấm,Phường Phú Nhuận
L07894,R145,2026-06-18,Cơm tấm sườn nướng,39000,47,21000,2,1,1,delivery,19:15,21000,18000,0.5,Trung tâm,Cơm tấm,Phường Phú Nhuận
L07895,R146,2026-06-18,Bún bò gân,47000,58,20000,3,2,1,delivery,16:45,40000,54000,0.667,Công nhân,Bún bò,Phường Tân Đông Hiệp
L07896,R146,2026-06-18,Bún bò thập cẩm,48000,51,24000,2,1,1,delivery,16:45,24000,24000,0.5,Công nhân,Bún bò,Phường Tân Đông Hiệp
L07897,R146,2026-06-18,Bún bò giò heo,41000,57,18000,3,2,1,delivery,16:30,36000,46000,0.667,Công nhân,Bún bò,Phường Tân Đông Hiệp
L07898,R147,2026-06-18,Phở bò viên,46000,35,30000,4,2,2,delivery,14:45,60000,32000,0.5,Công nhân,Phở,Phường Dĩ An
L07899,R147,2026-06-18,Phở bò chín,64000,34,42000,4,2,2,pickup,14:30,84000,44000,0.5,Công nhân,Phở,Phường Dĩ An
L07900,R148,2026-06-18,Bún bò gân,45000,37,28000,3,1,2,pickup,17:00,28000,17000,0.333,Trung tâm,Bún bò,Phường Cầu Kiệu
L07901,R148,2026-06-18,Bún bò Huế đặc biệt,47000,37,30000,4,1,3,delivery,17:00,30000,17000,0.25,Trung tâm,Bún bò,Phường Cầu Kiệu
L07902,R149,2026-06-18,Bún bò Huế đặc biệt,55000,33,37000,13,5,8,delivery,13:15,185000,90000,0.385,Sinh viên,Bún bò,Phường An Khánh
L07903,R000,2026-06-19,Bún bò gân,58000,35,38000,8,4,4,delivery,18:15,152000,80000,0.5,Công nhân,Bún bò,Phường Đông Hòa
L07904,R000,2026-06-19,Bún bò Huế đặc biệt,49000,34,32000,9,4,5,delivery,18:15,128000,68000,0.444,Công nhân,Bún bò,Phường Đông Hòa
L07905,R000,2026-06-19,Bún bò giò heo,56000,30,39000,10,3,7,pickup,18:15,117000,51000,0.3,Công nhân,Bún bò,Phường Đông Hòa
L07906,R001,2026-06-19,Cơm tấm sườn nướng,42000,44,24000,2,1,1,pickup,19:30,24000,18000,0.5,Ngoại ô,Cơm tấm,Xã Bình Chánh
L07907,R001,2026-06-19,Cơm tấm bì,33000,39,20000,2,0,2,pickup,19:30,0,0,0.0,Ngoại ô,Cơm tấm,Xã Bình Chánh
L07908,R001,2026-06-19,Cơm tấm sườn bì chả,39000,40,23000,2,1,1,pickup,19:00,23000,16000,0.5,Ngoại ô,Cơm tấm,Xã Bình Chánh
L07909,R002,2026-06-19,Hủ tiếu thập cẩm,48000,35,31000,2,0,2,pickup,20:30,0,0,0.0,Dân cư đông,Hủ tiếu,Phường An Nhơn
L07910,R002,2026-06-19,Hủ tiếu Nam Vang,56000,36,36000,3,1,2,pickup,20:00,36000,20000,0.333,Dân cư đông,Hủ tiếu,Phường An Nhơn
L07911,R002,2026-06-19,Hủ tiếu mì,48000,34,32000,2,0,2,delivery,20:15,0,0,0.0,Dân cư đông,Hủ tiếu,Phường An Nhơn
L07912,R002,2026-06-19,Hủ tiếu sa tế,39000,35,25000,3,0,3,pickup,20:45,0,0,0.0,Dân cư đông,Hủ tiếu,Phường An Nhơn
L07913,R002,2026-06-19,Hủ tiếu bò kho,45000,39,27000,3,1,2,delivery,20:45,27000,18000,0.333,Dân cư đông,Hủ tiếu,Phường An Nhơn
L07914,R003,2026-06-19,Phở bò chín,46000,54,21000,7,6,1,delivery,18:30,126000,150000,0.857,Công nhân,Phở,Phường Bình Hòa
L07915,R003,2026-06-19,Phở bò viên,49000,52,24000,5,4,1,delivery,18:30,96000,100000,0.8,Công nhân,Phở,Phường Bình Hòa
L07916,R003,2026-06-19,Phở bò tái,48000,57,21000,5,4,1,pickup,18:30,84000,108000,0.8,Công nhân,Phở,Phường Bình Hòa
L07917,R003,2026-06-19,Phở bò tái nạm,48000,57,21000,6,5,1,pickup,18:30,105000,135000,0.833,Công nhân,Phở,Phường Bình Hòa
L07918,R004,2026-06-19,Hủ tiếu Nam Vang,54000,50,27000,1,0,1,delivery,16:15,0,0,0.0,Sinh viên,Hủ tiếu,Phường Cát Lái
L07919,R004,2026-06-19,Hủ tiếu sa tế,47000,47,25000,1,0,1,delivery,16:00,0,0,0.0,Sinh viên,Hủ tiếu,Phường Cát Lái
L07920,R004,2026-06-19,Hủ tiếu thập cẩm,46000,48,24000,1,0,1,delivery,16:30,0,0,0.0,Sinh viên,Hủ tiếu,Phường Cát Lái
L07921,R004,2026-06-19,Hủ tiếu bò kho,55000,47,29000,1,0,1,pickup,16:15,0,0,0.0,Sinh viên,Hủ tiếu,Phường Cát Lái
L07922,R005,2026-06-19,Hủ tiếu mì,43000,48,22000,4,2,2,pickup,10:00,44000,42000,0.5,Sinh viên,Hủ tiếu,Phường Long Bình
L07923,R005,2026-06-19,Hủ tiếu Nam Vang,52000,48,27000,3,1,2,pickup,10:30,27000,25000,0.333,Sinh viên,Hủ tiếu,Phường Long Bình
L07924,R005,2026-06-19,Hủ tiếu sa tế,53000,53,25000,3,2,1,pickup,10:00,50000,56000,0.667,Sinh viên,Hủ tiếu,Phường Long Bình
L07925,R005,2026-06-19,Hủ tiếu bò kho,47000,53,22000,3,2,1,pickup,10:15,44000,50000,0.667,Sinh viên,Hủ tiếu,Phường Long Bình
L07926,R006,2026-06-19,Bún bò viên,37000,37,23000,2,0,2,delivery,17:30,0,0,0.0,Trung tâm,Bún bò,Phường Nhiêu Lộc
L07927,R006,2026-06-19,Bún bò giò heo,52000,38,32000,1,0,1,delivery,17:30,0,0,0.0,Trung tâm,Bún bò,Phường Nhiêu Lộc
L07928,R006,2026-06-19,Bún bò Huế đặc biệt,41000,38,25000,1,0,1,delivery,17:00,0,0,0.0,Trung tâm,Bún bò,Phường Nhiêu Lộc
L07929,R006,2026-06-19,Bún bò gân,58000,37,37000,1,0,1,delivery,17:00,0,0,0.0,Trung tâm,Bún bò,Phường Nhiêu Lộc
L07930,R007,2026-06-19,Phở bò tái nạm,57000,41,34000,23,13,10,pickup,09:00,442000,299000,0.565,Dân cư đông,Phở,Phường An Hội Đông
L07931,R008,2026-06-19,Hủ tiếu Nam Vang,58000,49,30000,4,2,2,delivery,16:00,60000,56000,0.5,Công nhân,Hủ tiếu,Phường Thuận An
L07932,R008,2026-06-19,Hủ tiếu bò kho,39000,39,24000,5,1,4,delivery,16:30,24000,15000,0.2,Công nhân,Hủ tiếu,Phường Thuận An
L07933,R008,2026-06-19,Hủ tiếu sa tế,53000,48,28000,4,2,2,delivery,16:45,56000,50000,0.5,Công nhân,Hủ tiếu,Phường Thuận An
L07934,R009,2026-06-19,Cơm tấm bì,32000,52,15000,5,4,1,pickup,20:15,60000,68000,0.8,Dân cư đông,Cơm tấm,Phường Tân Bình
L07935,R009,2026-06-19,Cơm tấm đặc biệt,48000,56,21000,4,2,2,pickup,20:15,42000,54000,0.5,Dân cư đông,Cơm tấm,Phường Tân Bình
L07936,R009,2026-06-19,Cơm tấm sườn nướng,35000,57,15000,4,2,2,pickup,20:30,30000,40000,0.5,Dân cư đông,Cơm tấm,Phường Tân Bình
L07937,R010,2026-06-19,Cơm tấm đặc biệt,42000,45,23000,1,0,1,pickup,19:30,0,0,0.0,Trung tâm,Cơm tấm,Phường Đức Nhuận
L07938,R010,2026-06-19,Cơm tấm sườn nướng,37000,49,19000,1,0,1,delivery,19:30,0,0,0.0,Trung tâm,Cơm tấm,Phường Đức Nhuận
L07939,R010,2026-06-19,Cơm tấm bì,32000,43,18000,1,0,1,pickup,19:00,0,0,0.0,Trung tâm,Cơm tấm,Phường Đức Nhuận
L07940,R011,2026-06-19,Bánh mì gà,29000,30,20000,6,3,3,delivery,20:30,60000,27000,0.5,Ngoại ô,Bánh mì,Xã Hiệp Phước
L07941,R012,2026-06-19,Phở gà,54000,56,24000,2,1,1,delivery,20:45,24000,30000,0.5,Dân cư đông,Phở,Phường Khánh Hội
L07942,R012,2026-06-19,Phở bò tái,51000,60,20000,2,1,1,delivery,20:30,20000,31000,0.5,Dân cư đông,Phở,Phường Khánh Hội
L07943,R013,2026-06-19,Phở bò chín,51000,51,25000,3,2,1,pickup,12:00,50000,52000,0.667,Sinh viên,Phở,Phường Long Bình
L07944,R013,2026-06-19,Phở bò viên,43000,53,20000,3,2,1,delivery,12:15,40000,46000,0.667,Sinh viên,Phở,Phường Long Bình
L07945,R013,2026-06-19,Phở bò tái nạm,49000,47,26000,4,2,2,delivery,12:45,52000,46000,0.5,Sinh viên,Phở,Phường Long Bình
L07946,R013,2026-06-19,Phở bò tái,63000,54,29000,3,2,1,pickup,12:15,58000,68000,0.667,Sinh viên,Phở,Phường Long Bình
L07947,R013,2026-06-19,Phở gà,55000,47,29000,3,2,1,delivery,12:30,58000,52000,0.667,Sinh viên,Phở,Phường Long Bình
L07948,R014,2026-06-19,Bánh mì xíu mại,21000,58,9000,1,0,1,delivery,12:30,0,0,0.0,Sinh viên,Bánh mì,Phường An Khánh
L07949,R014,2026-06-19,Bánh mì chả lụa,21000,59,9000,1,0,1,delivery,12:15,0,0,0.0,Sinh viên,Bánh mì,Phường An Khánh
L07950,R015,2026-06-19,Hủ tiếu mì,46000,45,25000,5,3,2,delivery,13:30,75000,63000,0.6,Sinh viên,Hủ tiếu,Phường Hiệp Bình
L07951,R015,2026-06-19,Hủ tiếu thập cẩm,47000,37,30000,5,2,3,pickup,13:00,60000,34000,0.4,Sinh viên,Hủ tiếu,Phường Hiệp Bình
L07952,R015,2026-06-19,Hủ tiếu bò kho,48000,47,25000,6,3,3,delivery,13:30,75000,69000,0.5,Sinh viên,Hủ tiếu,Phường Hiệp Bình
L07953,R016,2026-06-19,Phở bò tái,47000,47,25000,4,3,1,pickup,16:30,75000,66000,0.75,Sinh viên,Phở,Phường Tăng Nhơn Phú
L07954,R016,2026-06-19,Phở gà,41000,52,20000,4,3,1,delivery,16:15,60000,63000,0.75,Sinh viên,Phở,Phường Tăng Nhơn Phú
L07955,R016,2026-06-19,Phở bò chín,38000,51,19000,5,4,1,pickup,16:30,76000,76000,0.8,Sinh viên,Phở,Phường Tăng Nhơn Phú
L07956,R017,2026-06-19,Cơm tấm sườn nướng,35000,34,23000,18,11,7,delivery,13:00,253000,132000,0.611,Công nhân,Cơm tấm,Phường Dĩ An
L07957,R018,2026-06-19,Cơm tấm sườn trứng,35000,46,19000,2,1,1,delivery,16:30,19000,16000,0.5,Công nhân,Cơm tấm,Phường Lái Thiêu
L07958,R019,2026-06-19,Bún bò thập cẩm,46000,41,27000,7,3,4,pickup,18:15,81000,57000,0.429,Sinh viên,Bún bò,Phường Long Bình
L07959,R019,2026-06-19,Bún bò giò heo,51000,46,28000,6,4,2,delivery,18:00,112000,92000,0.667,Sinh viên,Bún bò,Phường Long Bình
L07960,R020,2026-06-19,Phở bò tái nạm,36000,39,22000,1,0,1,delivery,09:45,0,0,0.0,Công nhân,Phở,Phường Đông Hòa
L07961,R020,2026-06-19,Phở bò chín,57000,38,35000,2,0,2,delivery,09:00,0,0,0.0,Công nhân,Phở,Phường Đông Hòa
L07962,R020,2026-06-19,Phở gà,51000,35,33000,1,0,1,delivery,09:30,0,0,0.0,Công nhân,Phở,Phường Đông Hòa
L07963,R020,2026-06-19,Phở bò viên,51000,41,30000,2,1,1,delivery,09:30,30000,21000,0.5,Công nhân,Phở,Phường Đông Hòa
L07964,R021,2026-06-19,Hủ tiếu thập cẩm,45000,44,25000,3,1,2,pickup,20:00,25000,20000,0.333,Sinh viên,Hủ tiếu,Phường Bình Trưng
L07965,R021,2026-06-19,Hủ tiếu bò kho,49000,42,28000,3,2,1,pickup,20:30,56000,42000,0.667,Sinh viên,Hủ tiếu,Phường Bình Trưng
L07966,R022,2026-06-19,Bánh mì xíu mại,22000,55,10000,2,1,1,pickup,18:45,10000,12000,0.5,Sinh viên,Bánh mì,Phường Long Bình
L07967,R022,2026-06-19,Bánh mì chả lụa,22000,60,9000,2,1,1,delivery,18:15,9000,13000,0.5,Sinh viên,Bánh mì,Phường Long Bình
L07968,R022,2026-06-19,Bánh mì gà,26000,55,12000,2,1,1,delivery,18:30,12000,14000,0.5,Sinh viên,Bánh mì,Phường Long Bình
L07969,R022,2026-06-19,Bánh mì thịt nguội,25000,54,12000,2,1,1,delivery,18:00,12000,13000,0.5,Sinh viên,Bánh mì,Phường Long Bình
L07970,R022,2026-06-19,Bánh mì trứng,22000,60,9000,1,0,1,delivery,18:15,0,0,0.0,Sinh viên,Bánh mì,Phường Long Bình
L07971,R023,2026-06-19,Bánh mì gà,22000,33,15000,3,1,2,delivery,17:30,15000,7000,0.333,Công nhân,Bánh mì,Phường Tân Đông Hiệp
L07972,R023,2026-06-19,Bánh mì thịt nguội,20000,33,13000,3,1,2,pickup,17:15,13000,7000,0.333,Công nhân,Bánh mì,Phường Tân Đông Hiệp
L07973,R024,2026-06-19,Hủ tiếu bò kho,43000,53,20000,17,14,3,delivery,14:15,280000,322000,0.824,Công nhân,Hủ tiếu,Phường An Phú
L07974,R025,2026-06-19,Cơm gà xối mỡ,53000,34,35000,2,0,2,pickup,11:00,0,0,0.0,Dân cư đông,Cơm văn phòng,Phường An Hội Đông
L07975,R025,2026-06-19,Cơm gà luộc,52000,31,36000,2,1,1,pickup,11:30,36000,16000,0.5,Dân cư đông,Cơm văn phòng,Phường An Hội Đông
L07976,R025,2026-06-19,Cơm thịt kho trứng,48000,30,34000,1,0,1,delivery,11:45,0,0,0.0,Dân cư đông,Cơm văn phòng,Phường An Hội Đông
L07977,R025,2026-06-19,Cơm sườn đậu hũ,41000,33,27000,2,1,1,pickup,11:30,27000,14000,0.5,Dân cư đông,Cơm văn phòng,Phường An Hội Đông
L07978,R025,2026-06-19,Cơm canh chua,26000,30,18000,1,0,1,pickup,11:00,0,0,0.0,Dân cư đông,Cơm văn phòng,Phường An Hội Đông
L07979,R026,2026-06-19,Bún riêu cua,41000,34,27000,4,2,2,delivery,16:30,54000,28000,0.5,Sinh viên,Bún riêu,Phường Tam Bình
L07980,R027,2026-06-19,Bún bò viên,53000,30,37000,2,1,1,pickup,17:15,37000,16000,0.5,Công nhân,Bún bò,Phường Hòa Lợi
L07981,R028,2026-06-19,Bánh mì gà,24000,56,11000,7,5,2,pickup,14:00,55000,65000,0.714,Công nhân,Bánh mì,Phường Tân Đông Hiệp
L07982,R029,2026-06-19,Phở bò tái,52000,51,25000,1,0,1,delivery,19:30,0,0,0.0,Trung tâm,Phở,Phường Bến Thành
L07983,R029,2026-06-19,Phở gà,41000,57,18000,1,0,1,delivery,19:30,0,0,0.0,Trung tâm,Phở,Phường Bến Thành
L07984,R029,2026-06-19,Phở bò viên,44000,52,21000,1,0,1,pickup,19:45,0,0,0.0,Trung tâm,Phở,Phường Bến Thành
L07985,R029,2026-06-19,Phở bò chín,63000,52,30000,1,0,1,delivery,19:45,0,0,0.0,Trung tâm,Phở,Phường Bến Thành
L07986,R030,2026-06-19,Bún bò giò heo,55000,52,26000,11,9,2,delivery,15:00,234000,261000,0.818,Công nhân,Bún bò,Phường An Phú
L07987,R030,2026-06-19,Bún bò viên,53000,54,24000,14,9,5,delivery,15:00,216000,261000,0.643,Công nhân,Bún bò,Phường An Phú
L07988,R031,2026-06-19,Phở bò tái nạm,43000,41,25000,6,4,2,pickup,09:15,100000,72000,0.667,Sinh viên,Phở,Phường Phước Long
L07989,R031,2026-06-19,Phở bò viên,58000,44,32000,4,3,1,delivery,09:00,96000,78000,0.75,Sinh viên,Phở,Phường Phước Long
L07990,R032,2026-06-19,Cơm sườn đậu hũ,44000,44,25000,5,3,2,delivery,13:15,75000,57000,0.6,Trung tâm,Cơm văn phòng,Phường Cầu Ông Lãnh
L07991,R033,2026-06-19,Cơm tấm sườn nướng,42000,50,21000,1,0,1,pickup,13:30,0,0,0.0,Dân cư đông,Cơm tấm,Phường Tân Hòa
L07992,R033,2026-06-19,Cơm tấm sườn trứng,41000,45,23000,2,1,1,pickup,13:15,23000,18000,0.5,Dân cư đông,Cơm tấm,Phường Tân Hòa
L07993,R033,2026-06-19,Cơm tấm đặc biệt,40000,46,22000,2,1,1,pickup,13:45,22000,18000,0.5,Dân cư đông,Cơm tấm,Phường Tân Hòa
L07994,R033,2026-06-19,Cơm tấm bì,49000,44,27000,1,0,1,pickup,13:15,0,0,0.0,Dân cư đông,Cơm tấm,Phường Tân Hòa
L07995,R033,2026-06-19,Cơm tấm sườn bì chả,33000,52,16000,1,0,1,pickup,13:30,0,0,0.0,Dân cư đông,Cơm tấm,Phường Tân Hòa
L07996,R034,2026-06-19,Bún bò viên,48000,32,33000,6,3,3,delivery,18:45,99000,45000,0.5,Ngoại ô,Bún bò,Xã Bình Chánh
L07997,R034,2026-06-19,Bún bò gân,45000,35,29000,5,1,4,pickup,18:45,29000,16000,0.2,Ngoại ô,Bún bò,Xã Bình Chánh
L07998,R035,2026-06-19,Bánh mì thịt nguội,20000,58,8000,1,0,1,delivery,12:15,0,0,0.0,Dân cư đông,Bánh mì,Phường Tân Sơn Nhất
L07999,R035,2026-06-19,Bánh mì xíu mại,32000,56,14000,1,0,1,delivery,12:00,0,0,0.0,Dân cư đông,Bánh mì,Phường Tân Sơn Nhất
L08000,R035,2026-06-19,Bánh mì trứng,24000,52,12000,1,0,1,delivery,12:15,0,0,0.0,Dân cư đông,Bánh mì,Phường Tân Sơn Nhất
L08001,R035,2026-06-19,Bánh mì gà,22000,51,11000,1,0,1,delivery,12:30,0,0,0.0,Dân cư đông,Bánh mì,Phường Tân Sơn Nhất
L08002,R035,2026-06-19,Bánh mì chả lụa,31000,56,14000,1,0,1,delivery,12:00,0,0,0.0,Dân cư đông,Bánh mì,Phường Tân Sơn Nhất
L08003,R036,2026-06-19,Bún bò gân,47000,32,32000,4,1,3,delivery,14:45,32000,15000,0.25,Sinh viên,Bún bò,Phường Phước Long
L08004,R036,2026-06-19,Bún bò giò heo,48000,37,30000,4,1,3,pickup,14:00,30000,18000,0.25,Sinh viên,Bún bò,Phường Phước Long
L08005,R036,2026-06-19,Bún bò thập cẩm,45000,32,31000,5,2,3,delivery,14:45,62000,28000,0.4,Sinh viên,Bún bò,Phường Phước Long
L08006,R037,2026-06-19,Bún bò viên,49000,41,29000,7,4,3,delivery,15:30,116000,80000,0.571,Trung tâm,Bún bò,Phường Tân Định
L08007,R038,2026-06-19,Bún bò viên,43000,54,20000,2,1,1,pickup,17:45,20000,23000,0.5,Công nhân,Bún bò,Phường Thuận Giao
L08008,R038,2026-06-19,Bún bò thập cẩm,46000,44,26000,1,0,1,pickup,17:30,0,0,0.0,Công nhân,Bún bò,Phường Thuận Giao
L08009,R039,2026-06-19,Bún riêu cua mọc,48000,60,19000,24,21,3,pickup,09:00,399000,609000,0.875,Công nhân,Bún riêu,Phường Đông Hòa
L08010,R040,2026-06-19,Bún bò thập cẩm,43000,57,18000,1,0,1,delivery,14:45,0,0,0.0,Sinh viên,Bún bò,Phường Bình Trưng
L08011,R041,2026-06-19,Phở bò tái nạm,56000,47,30000,3,1,2,pickup,15:00,30000,26000,0.333,Công nhân,Phở,Phường Tân Khánh
L08012,R041,2026-06-19,Phở bò viên,49000,42,28000,4,2,2,pickup,15:15,56000,42000,0.5,Công nhân,Phở,Phường Tân Khánh
L08013,R042,2026-06-19,Cơm tấm bì,33000,54,15000,3,2,1,delivery,11:45,30000,36000,0.667,Trung tâm,Cơm tấm,Phường Tân Định
L08014,R042,2026-06-19,Cơm tấm sườn trứng,37000,60,15000,3,2,1,delivery,11:15,30000,44000,0.667,Trung tâm,Cơm tấm,Phường Tân Định
L08015,R042,2026-06-19,Cơm tấm đặc biệt,39000,55,18000,3,2,1,delivery,11:30,36000,42000,0.667,Trung tâm,Cơm tấm,Phường Tân Định
L08016,R043,2026-06-19,Cơm gà luộc,33000,59,14000,2,1,1,pickup,16:00,14000,19000,0.5,Dân cư đông,Cơm văn phòng,Phường Bảy Hiền
L08017,R043,2026-06-19,Cơm thịt kho trứng,44000,57,19000,3,2,1,pickup,16:00,38000,50000,0.667,Dân cư đông,Cơm văn phòng,Phường Bảy Hiền
L08018,R043,2026-06-19,Cơm sườn đậu hũ,39000,60,16000,2,1,1,pickup,16:30,16000,23000,0.5,Dân cư đông,Cơm văn phòng,Phường Bảy Hiền
L08019,R043,2026-06-19,Cơm canh chua,33000,60,13000,3,2,1,pickup,16:45,26000,40000,0.667,Dân cư đông,Cơm văn phòng,Phường Bảy Hiền
L08020,R043,2026-06-19,Cơm gà xối mỡ,49000,58,21000,3,2,1,pickup,16:15,42000,56000,0.667,Dân cư đông,Cơm văn phòng,Phường Bảy Hiền
L08021,R044,2026-06-19,Hủ tiếu Nam Vang,54000,52,26000,3,2,1,pickup,13:15,52000,56000,0.667,Sinh viên,Hủ tiếu,Phường Tam Bình
L08022,R044,2026-06-19,Hủ tiếu mì,48000,51,24000,3,1,2,delivery,13:00,24000,24000,0.333,Sinh viên,Hủ tiếu,Phường Tam Bình
L08023,R044,2026-06-19,Hủ tiếu sa tế,58000,50,29000,2,1,1,delivery,13:45,29000,29000,0.5,Sinh viên,Hủ tiếu,Phường Tam Bình
L08024,R045,2026-06-19,Bún bò Huế đặc biệt,56000,45,31000,4,2,2,delivery,17:30,62000,50000,0.5,Công nhân,Bún bò,Phường Thuận An
L08025,R045,2026-06-19,Bún bò gân,39000,38,24000,3,1,2,delivery,17:30,24000,15000,0.333,Công nhân,Bún bò,Phường Thuận An
L08026,R045,2026-06-19,Bún bò viên,43000,43,25000,5,3,2,delivery,17:30,75000,54000,0.6,Công nhân,Bún bò,Phường Thuận An
L08027,R046,2026-06-19,Bánh mì thịt nguội,24000,56,11000,3,1,2,pickup,13:30,11000,13000,0.333,Sinh viên,Bánh mì,Phường Cát Lái
L08028,R046,2026-06-19,Bánh mì chả lụa,19000,57,8000,2,1,1,pickup,13:30,8000,11000,0.5,Sinh viên,Bánh mì,Phường Cát Lái
L08029,R046,2026-06-19,Bánh mì trứng,21000,52,10000,2,1,1,pickup,13:30,10000,11000,0.5,Sinh viên,Bánh mì,Phường Cát Lái
L08030,R046,2026-06-19,Bánh mì xíu mại,17000,52,8000,3,2,1,pickup,13:00,16000,18000,0.667,Sinh viên,Bánh mì,Phường Cát Lái
L08031,R046,2026-06-19,Bánh mì gà,20000,51,10000,3,2,1,pickup,13:45,20000,20000,0.667,Sinh viên,Bánh mì,Phường Cát Lái
L08032,R047,2026-06-19,Bún bò viên,43000,45,24000,22,14,8,delivery,17:30,336000,266000,0.636,Công nhân,Bún bò,Phường Tân Khánh
L08033,R048,2026-06-19,Bánh mì gà,25000,54,12000,3,2,1,pickup,18:45,24000,26000,0.667,Công nhân,Bánh mì,Phường An Phú
L08034,R048,2026-06-19,Bánh mì xíu mại,24000,50,12000,4,3,1,delivery,18:45,36000,36000,0.75,Công nhân,Bánh mì,Phường An Phú
L08035,R049,2026-06-19,Phở gà,45000,46,24000,1,0,1,pickup,12:30,0,0,0.0,Sinh viên,Phở,Phường Thủ Đức
L08036,R049,2026-06-19,Phở bò viên,43000,37,27000,1,0,1,pickup,12:15,0,0,0.0,Sinh viên,Phở,Phường Thủ Đức
L08037,R049,2026-06-19,Phở bò tái nạm,50000,40,30000,1,0,1,delivery,12:30,0,0,0.0,Sinh viên,Phở,Phường Thủ Đức
L08038,R049,2026-06-19,Phở bò tái,51000,42,30000,1,0,1,pickup,12:00,0,0,0.0,Sinh viên,Phở,Phường Thủ Đức
L08039,R050,2026-06-19,Bánh mì thịt nguội,23000,39,14000,1,0,1,pickup,17:30,0,0,0.0,Ngoại ô,Bánh mì,Xã Hưng Long
L08040,R051,2026-06-19,Hủ tiếu mì,45000,52,22000,6,4,2,delivery,13:15,88000,92000,0.667,Dân cư đông,Hủ tiếu,Phường Hạnh Thông
L08041,R052,2026-06-19,Cơm tấm đặc biệt,45000,35,29000,3,1,2,delivery,18:15,29000,16000,0.333,Dân cư đông,Cơm tấm,Phường Xóm Chiếu
L08042,R052,2026-06-19,Cơm tấm sườn bì chả,46000,36,29000,4,1,3,delivery,18:00,29000,17000,0.25,Dân cư đông,Cơm tấm,Phường Xóm Chiếu
L08043,R052,2026-06-19,Cơm tấm sườn trứng,38000,36,24000,5,2,3,delivery,18:00,48000,28000,0.4,Dân cư đông,Cơm tấm,Phường Xóm Chiếu
L08044,R053,2026-06-19,Bánh mì gà,21000,60,8000,3,2,1,delivery,17:45,16000,26000,0.667,Dân cư đông,Bánh mì,Phường Gia Định
L08045,R053,2026-06-19,Bánh mì chả lụa,20000,60,8000,3,2,1,delivery,17:45,16000,24000,0.667,Dân cư đông,Bánh mì,Phường Gia Định
L08046,R053,2026-06-19,Bánh mì thịt nguội,29000,60,12000,4,2,2,delivery,17:45,24000,34000,0.5,Dân cư đông,Bánh mì,Phường Gia Định
L08047,R053,2026-06-19,Bánh mì xíu mại,34000,58,14000,4,2,2,delivery,17:30,28000,40000,0.5,Dân cư đông,Bánh mì,Phường Gia Định
L08048,R053,2026-06-19,Bánh mì trứng,20000,60,8000,4,3,1,delivery,17:30,24000,36000,0.75,Dân cư đông,Bánh mì,Phường Gia Định
L08049,R054,2026-06-19,Bánh mì xíu mại,23000,57,10000,4,3,1,delivery,11:15,30000,39000,0.75,Công nhân,Bánh mì,Phường Bình Hòa
L08050,R054,2026-06-19,Bánh mì trứng,25000,52,12000,4,3,1,pickup,11:45,36000,39000,0.75,Công nhân,Bánh mì,Phường Bình Hòa
L08051,R054,2026-06-19,Bánh mì chả lụa,24000,50,12000,3,2,1,delivery,11:00,24000,24000,0.667,Công nhân,Bánh mì,Phường Bình Hòa
L08052,R054,2026-06-19,Bánh mì thịt nguội,23000,56,10000,4,2,2,pickup,11:30,20000,26000,0.5,Công nhân,Bánh mì,Phường Bình Hòa
L08053,R055,2026-06-19,Cơm tấm đặc biệt,38000,60,15000,1,0,1,pickup,12:00,0,0,0.0,Dân cư đông,Cơm tấm,Phường Thông Tây Hội
L08054,R055,2026-06-19,Cơm tấm sườn nướng,30000,59,12000,1,0,1,delivery,12:00,0,0,0.0,Dân cư đông,Cơm tấm,Phường Thông Tây Hội
L08055,R055,2026-06-19,Cơm tấm sườn bì chả,34000,60,14000,2,1,1,pickup,12:00,14000,20000,0.5,Dân cư đông,Cơm tấm,Phường Thông Tây Hội
L08056,R055,2026-06-19,Cơm tấm bì,48000,60,19000,1,0,1,pickup,12:30,0,0,0.0,Dân cư đông,Cơm tấm,Phường Thông Tây Hội
L08057,R055,2026-06-19,Cơm tấm sườn trứng,40000,55,18000,1,0,1,pickup,12:00,0,0,0.0,Dân cư đông,Cơm tấm,Phường Thông Tây Hội
L08058,R056,2026-06-19,Hủ tiếu Nam Vang,53000,37,33000,4,1,3,delivery,17:30,33000,20000,0.25,Trung tâm,Hủ tiếu,Phường Nhiêu Lộc
L08059,R056,2026-06-19,Hủ tiếu bò kho,54000,39,33000,5,2,3,delivery,17:00,66000,42000,0.4,Trung tâm,Hủ tiếu,Phường Nhiêu Lộc
L08060,R057,2026-06-19,Bún bò giò heo,55000,49,28000,1,0,1,pickup,18:15,0,0,0.0,Sinh viên,Bún bò,Phường Bình Trưng
L08061,R057,2026-06-19,Bún bò viên,52000,46,28000,1,0,1,pickup,18:30,0,0,0.0,Sinh viên,Bún bò,Phường Bình Trưng
L08062,R058,2026-06-19,Bánh mì xíu mại,21000,31,14000,1,0,1,pickup,19:45,0,0,0.0,Trung tâm,Bánh mì,Phường Cầu Kiệu
L08063,R058,2026-06-19,Bánh mì gà,23000,32,16000,1,0,1,pickup,19:00,0,0,0.0,Trung tâm,Bánh mì,Phường Cầu Kiệu
L08064,R058,2026-06-19,Bánh mì thịt nguội,26000,31,18000,1,0,1,pickup,19:15,0,0,0.0,Trung tâm,Bánh mì,Phường Cầu Kiệu
L08065,R058,2026-06-19,Bánh mì trứng,23000,33,15000,1,0,1,pickup,19:45,0,0,0.0,Trung tâm,Bánh mì,Phường Cầu Kiệu
L08066,R059,2026-06-19,Cơm tấm sườn bì chả,45000,35,29000,1,0,1,delivery,14:15,0,0,0.0,Sinh viên,Cơm tấm,Phường Tam Bình
L08067,R059,2026-06-19,Cơm tấm sườn trứng,40000,31,28000,1,0,1,delivery,14:00,0,0,0.0,Sinh viên,Cơm tấm,Phường Tam Bình
L08068,R060,2026-06-19,Phở bò tái nạm,39000,60,16000,3,2,1,delivery,10:15,32000,46000,0.667,Công nhân,Phở,Phường Tân Đông Hiệp
L08069,R061,2026-06-19,Cơm tấm đặc biệt,35000,46,19000,4,3,1,pickup,15:00,57000,48000,0.75,Sinh viên,Cơm tấm,Phường Tam Bình
L08070,R061,2026-06-19,Cơm tấm bì,47000,44,26000,4,2,2,delivery,15:15,52000,42000,0.5,Sinh viên,Cơm tấm,Phường Tam Bình
L08071,R062,2026-06-19,Phở bò viên,46000,30,32000,1,0,1,delivery,10:30,0,0,0.0,Dân cư đông,Phở,Phường Hạnh Thông
L08072,R062,2026-06-19,Phở gà,59000,30,41000,1,0,1,delivery,10:15,0,0,0.0,Dân cư đông,Phở,Phường Hạnh Thông
L08073,R062,2026-06-19,Phở bò tái nạm,52000,34,34000,1,0,1,delivery,10:45,0,0,0.0,Dân cư đông,Phở,Phường Hạnh Thông
L08074,R062,2026-06-19,Phở bò chín,38000,33,25000,1,0,1,delivery,10:15,0,0,0.0,Dân cư đông,Phở,Phường Hạnh Thông
L08075,R062,2026-06-19,Phở bò tái,55000,30,38000,1,0,1,delivery,10:45,0,0,0.0,Dân cư đông,Phở,Phường Hạnh Thông
L08076,R063,2026-06-19,Hủ tiếu Nam Vang,51000,45,28000,4,3,1,delivery,19:45,84000,69000,0.75,Công nhân,Hủ tiếu,Phường Thuận Giao
L08077,R063,2026-06-19,Hủ tiếu bò kho,44000,42,26000,4,3,1,delivery,19:45,78000,54000,0.75,Công nhân,Hủ tiếu,Phường Thuận Giao
L08078,R063,2026-06-19,Hủ tiếu sa tế,49000,43,28000,4,2,2,delivery,19:15,56000,42000,0.5,Công nhân,Hủ tiếu,Phường Thuận Giao
L08079,R064,2026-06-19,Bún bò gân,48000,38,30000,3,1,2,delivery,10:45,30000,18000,0.333,Sinh viên,Bún bò,Phường Tăng Nhơn Phú
L08080,R064,2026-06-19,Bún bò giò heo,47000,42,27000,3,2,1,pickup,10:15,54000,40000,0.667,Sinh viên,Bún bò,Phường Tăng Nhơn Phú
L08081,R064,2026-06-19,Bún bò Huế đặc biệt,54000,45,30000,3,1,2,delivery,10:00,30000,24000,0.333,Sinh viên,Bún bò,Phường Tăng Nhơn Phú
L08082,R065,2026-06-19,Cơm tấm bì,44000,53,21000,2,1,1,pickup,19:15,21000,23000,0.5,Công nhân,Cơm tấm,Phường Đông Hòa
L08083,R065,2026-06-19,Cơm tấm sườn nướng,41000,49,21000,2,1,1,pickup,19:45,21000,20000,0.5,Công nhân,Cơm tấm,Phường Đông Hòa
L08084,R065,2026-06-19,Cơm tấm sườn trứng,36000,48,19000,1,0,1,pickup,19:00,0,0,0.0,Công nhân,Cơm tấm,Phường Đông Hòa
L08085,R066,2026-06-19,Cơm canh chua,46000,59,19000,5,4,1,pickup,09:45,76000,108000,0.8,Sinh viên,Cơm văn phòng,Phường An Khánh
L08086,R066,2026-06-19,Cơm sườn đậu hũ,46000,60,18000,5,4,1,pickup,09:00,72000,112000,0.8,Sinh viên,Cơm văn phòng,Phường An Khánh
L08087,R066,2026-06-19,Cơm thịt kho trứng,39000,58,16000,4,3,1,pickup,09:30,48000,69000,0.75,Sinh viên,Cơm văn phòng,Phường An Khánh
L08088,R067,2026-06-19,Cơm canh chua,41000,44,23000,1,0,1,pickup,19:00,0,0,0.0,Dân cư đông,Cơm văn phòng,Phường An Hội Đông
L08089,R067,2026-06-19,Cơm gà xối mỡ,48000,49,24000,1,0,1,delivery,19:45,0,0,0.0,Dân cư đông,Cơm văn phòng,Phường An Hội Đông
L08090,R067,2026-06-19,Cơm sườn đậu hũ,38000,45,21000,1,0,1,pickup,19:00,0,0,0.0,Dân cư đông,Cơm văn phòng,Phường An Hội Đông
L08091,R067,2026-06-19,Cơm gà luộc,53000,43,30000,1,0,1,delivery,19:15,0,0,0.0,Dân cư đông,Cơm văn phòng,Phường An Hội Đông
L08092,R067,2026-06-19,Cơm thịt kho trứng,35000,44,20000,1,0,1,delivery,19:00,0,0,0.0,Dân cư đông,Cơm văn phòng,Phường An Hội Đông
L08093,R068,2026-06-19,Bún riêu thập cẩm,40000,33,27000,1,0,1,delivery,19:45,0,0,0.0,Trung tâm,Bún riêu,Phường Xuân Hòa
L08094,R068,2026-06-19,Bún riêu cua,45000,36,29000,1,0,1,delivery,19:00,0,0,0.0,Trung tâm,Bún riêu,Phường Xuân Hòa
L08095,R068,2026-06-19,Bún riêu cua mọc,43000,30,30000,1,0,1,delivery,19:45,0,0,0.0,Trung tâm,Bún riêu,Phường Xuân Hòa
L08096,R069,2026-06-19,Bánh mì gà,23000,43,13000,1,0,1,delivery,20:45,0,0,0.0,Ngoại ô,Bánh mì,Xã Xuân Thới Sơn
L08097,R069,2026-06-19,Bánh mì trứng,24000,43,14000,1,0,1,delivery,20:45,0,0,0.0,Ngoại ô,Bánh mì,Xã Xuân Thới Sơn
L08098,R069,2026-06-19,Bánh mì thịt nguội,27000,43,15000,1,0,1,delivery,20:00,0,0,0.0,Ngoại ô,Bánh mì,Xã Xuân Thới Sơn
L08099,R070,2026-06-19,Hủ tiếu sa tế,42000,57,18000,1,0,1,delivery,19:00,0,0,0.0,Dân cư đông,Hủ tiếu,Phường Gò Vấp
L08100,R070,2026-06-19,Hủ tiếu Nam Vang,52000,55,23000,1,0,1,pickup,19:00,0,0,0.0,Dân cư đông,Hủ tiếu,Phường Gò Vấp
L08101,R070,2026-06-19,Hủ tiếu bò kho,50000,54,23000,1,0,1,delivery,19:45,0,0,0.0,Dân cư đông,Hủ tiếu,Phường Gò Vấp
L08102,R070,2026-06-19,Hủ tiếu mì,41000,60,16000,1,0,1,pickup,19:30,0,0,0.0,Dân cư đông,Hủ tiếu,Phường Gò Vấp
L08103,R071,2026-06-19,Cơm tấm đặc biệt,26000,33,17000,3,1,2,pickup,11:15,17000,9000,0.333,Sinh viên,Cơm tấm,Phường Bình Trưng
L08104,R071,2026-06-19,Cơm tấm sườn trứng,37000,39,23000,4,2,2,delivery,11:15,46000,28000,0.5,Sinh viên,Cơm tấm,Phường Bình Trưng
L08105,R071,2026-06-19,Cơm tấm sườn bì chả,39000,39,24000,4,2,2,pickup,11:30,48000,30000,0.5,Sinh viên,Cơm tấm,Phường Bình Trưng
L08106,R071,2026-06-19,Cơm tấm bì,50000,30,35000,3,1,2,delivery,11:00,35000,15000,0.333,Sinh viên,Cơm tấm,Phường Bình Trưng
L08107,R071,2026-06-19,Cơm tấm sườn nướng,29000,30,20000,4,1,3,pickup,11:15,20000,9000,0.25,Sinh viên,Cơm tấm,Phường Bình Trưng
L08108,R072,2026-06-19,Cơm canh chua,30000,54,14000,4,3,1,delivery,14:00,42000,48000,0.75,Trung tâm,Cơm văn phòng,Phường Bến Thành
L08109,R072,2026-06-19,Cơm gà xối mỡ,49000,58,21000,4,3,1,delivery,14:15,63000,84000,0.75,Trung tâm,Cơm văn phòng,Phường Bến Thành
L08110,R073,2026-06-19,Bánh mì thịt nguội,27000,40,16000,2,1,1,delivery,16:00,16000,11000,0.5,Dân cư đông,Bánh mì,Phường Vĩnh Hội
L08111,R073,2026-06-19,Bánh mì xíu mại,24000,49,12000,2,1,1,pickup,16:15,12000,12000,0.5,Dân cư đông,Bánh mì,Phường Vĩnh Hội
L08112,R074,2026-06-19,Cơm sườn đậu hũ,42000,33,28000,2,1,1,pickup,17:15,28000,14000,0.5,Dân cư đông,Cơm văn phòng,Phường Bình Lợi Trung
L08113,R074,2026-06-19,Cơm gà luộc,32000,34,21000,2,1,1,pickup,17:30,21000,11000,0.5,Dân cư đông,Cơm văn phòng,Phường Bình Lợi Trung
L08114,R074,2026-06-19,Cơm thịt kho trứng,44000,30,31000,2,1,1,pickup,17:30,31000,13000,0.5,Dân cư đông,Cơm văn phòng,Phường Bình Lợi Trung
L08115,R074,2026-06-19,Cơm canh chua,40000,30,28000,2,1,1,pickup,17:15,28000,12000,0.5,Dân cư đông,Cơm văn phòng,Phường Bình Lợi Trung
L08116,R074,2026-06-19,Cơm gà xối mỡ,32000,30,22000,2,1,1,pickup,17:15,22000,10000,0.5,Dân cư đông,Cơm văn phòng,Phường Bình Lợi Trung
L08117,R075,2026-06-19,Cơm tấm sườn bì chả,48000,54,22000,3,2,1,delivery,15:15,44000,52000,0.667,Dân cư đông,Cơm tấm,Phường Vĩnh Hội
L08118,R075,2026-06-19,Cơm tấm sườn nướng,44000,46,24000,4,2,2,pickup,15:15,48000,40000,0.5,Dân cư đông,Cơm tấm,Phường Vĩnh Hội
L08119,R075,2026-06-19,Cơm tấm sườn trứng,31000,49,16000,3,2,1,delivery,15:30,32000,30000,0.667,Dân cư đông,Cơm tấm,Phường Vĩnh Hội
L08120,R076,2026-06-19,Phở gà,43000,40,26000,5,3,2,pickup,12:00,78000,51000,0.6,Dân cư đông,Phở,Phường An Nhơn
L08121,R076,2026-06-19,Phở bò viên,40000,38,25000,5,2,3,pickup,12:45,50000,30000,0.4,Dân cư đông,Phở,Phường An Nhơn
L08122,R076,2026-06-19,Phở bò chín,44000,42,26000,6,4,2,pickup,12:00,104000,72000,0.667,Dân cư đông,Phở,Phường An Nhơn
L08123,R077,2026-06-19,Cơm tấm sườn trứng,29000,47,15000,2,1,1,pickup,14:45,15000,14000,0.5,Trung tâm,Cơm tấm,Phường Xuân Hòa
L08124,R077,2026-06-19,Cơm tấm đặc biệt,43000,48,22000,2,1,1,pickup,14:15,22000,21000,0.5,Trung tâm,Cơm tấm,Phường Xuân Hòa
L08125,R077,2026-06-19,Cơm tấm sườn bì chả,28000,44,16000,2,1,1,pickup,14:45,16000,12000,0.5,Trung tâm,Cơm tấm,Phường Xuân Hòa
L08126,R078,2026-06-19,Bún riêu cua mọc,41000,34,27000,2,1,1,delivery,13:30,27000,14000,0.5,Công nhân,Bún riêu,Phường Tân Đông Hiệp
L08127,R078,2026-06-19,Bún riêu cua,47000,39,29000,2,1,1,delivery,13:30,29000,18000,0.5,Công nhân,Bún riêu,Phường Tân Đông Hiệp
L08128,R078,2026-06-19,Bún riêu cua đồng,35000,35,23000,2,0,2,delivery,13:30,0,0,0.0,Công nhân,Bún riêu,Phường Tân Đông Hiệp
L08129,R078,2026-06-19,Bún riêu thập cẩm,44000,35,29000,2,0,2,pickup,13:45,0,0,0.0,Công nhân,Bún riêu,Phường Tân Đông Hiệp
L08130,R079,2026-06-19,Cơm tấm bì,27000,43,15000,8,5,3,pickup,16:30,75000,60000,0.625,Sinh viên,Cơm tấm,Phường Bình Trưng
L08131,R080,2026-06-19,Cơm tấm bì,35000,49,18000,2,1,1,delivery,09:30,18000,17000,0.5,Dân cư đông,Cơm tấm,Phường An Hội Đông
L08132,R080,2026-06-19,Cơm tấm sườn nướng,33000,44,18000,2,1,1,delivery,09:00,18000,15000,0.5,Dân cư đông,Cơm tấm,Phường An Hội Đông
L08133,R080,2026-06-19,Cơm tấm sườn bì chả,45000,43,26000,1,0,1,delivery,09:30,0,0,0.0,Dân cư đông,Cơm tấm,Phường An Hội Đông
L08134,R080,2026-06-19,Cơm tấm sườn trứng,37000,43,21000,2,1,1,pickup,09:45,21000,16000,0.5,Dân cư đông,Cơm tấm,Phường An Hội Đông
L08135,R080,2026-06-19,Cơm tấm đặc biệt,35000,42,20000,1,0,1,delivery,09:30,0,0,0.0,Dân cư đông,Cơm tấm,Phường An Hội Đông
L08136,R081,2026-06-19,Bún riêu thập cẩm,45000,49,23000,4,2,2,pickup,09:15,46000,44000,0.5,Công nhân,Bún riêu,Phường Đông Hòa
L08137,R081,2026-06-19,Bún riêu cua đồng,39000,52,19000,3,2,1,pickup,09:00,38000,40000,0.667,Công nhân,Bún riêu,Phường Đông Hòa
L08138,R081,2026-06-19,Bún riêu cua,42000,53,20000,3,1,2,pickup,09:15,20000,22000,0.333,Công nhân,Bún riêu,Phường Đông Hòa
L08139,R081,2026-06-19,Bún riêu cua mọc,38000,59,16000,3,2,1,pickup,09:15,32000,44000,0.667,Công nhân,Bún riêu,Phường Đông Hòa
L08140,R082,2026-06-19,Hủ tiếu bò kho,58000,50,29000,11,10,1,delivery,19:00,290000,290000,0.909,Sinh viên,Hủ tiếu,Phường Tăng Nhơn Phú
L08141,R082,2026-06-19,Hủ tiếu sa tế,61000,55,27000,9,6,3,pickup,19:00,162000,204000,0.667,Sinh viên,Hủ tiếu,Phường Tăng Nhơn Phú
L08142,R083,2026-06-19,Cơm tấm đặc biệt,31000,33,21000,2,1,1,pickup,14:15,21000,10000,0.5,Trung tâm,Cơm tấm,Phường Sài Gòn
L08143,R083,2026-06-19,Cơm tấm sườn nướng,32000,35,21000,2,1,1,delivery,14:00,21000,11000,0.5,Trung tâm,Cơm tấm,Phường Sài Gòn
L08144,R083,2026-06-19,Cơm tấm bì,48000,32,33000,2,1,1,pickup,14:00,33000,15000,0.5,Trung tâm,Cơm tấm,Phường Sài Gòn
L08145,R084,2026-06-19,Bún riêu cua mọc,50000,41,30000,1,0,1,pickup,18:45,0,0,0.0,Sinh viên,Bún riêu,Phường Hiệp Bình
L08146,R085,2026-06-19,Bánh mì trứng,20000,54,9000,16,11,5,pickup,20:45,99000,121000,0.688,Sinh viên,Bánh mì,Phường Tăng Nhơn Phú
L08147,R086,2026-06-19,Phở bò viên,41000,55,18000,1,0,1,delivery,10:45,0,0,0.0,Dân cư đông,Phở,Phường Tân Sơn Nhất
L08148,R086,2026-06-19,Phở bò tái,59000,56,26000,1,0,1,delivery,10:00,0,0,0.0,Dân cư đông,Phở,Phường Tân Sơn Nhất
L08149,R086,2026-06-19,Phở bò chín,52000,55,23000,1,0,1,delivery,10:00,0,0,0.0,Dân cư đông,Phở,Phường Tân Sơn Nhất
L08150,R086,2026-06-19,Phở bò tái nạm,51000,60,20000,1,0,1,delivery,10:45,0,0,0.0,Dân cư đông,Phở,Phường Tân Sơn Nhất
L08151,R086,2026-06-19,Phở gà,58000,54,27000,1,0,1,delivery,10:45,0,0,0.0,Dân cư đông,Phở,Phường Tân Sơn Nhất
L08152,R087,2026-06-19,Phở bò chín,37000,34,24000,15,8,7,pickup,13:45,192000,104000,0.533,Công nhân,Phở,Phường Thuận An
L08153,R087,2026-06-19,Phở bò tái nạm,53000,33,36000,15,6,9,pickup,13:15,216000,102000,0.4,Công nhân,Phở,Phường Thuận An
L08154,R088,2026-06-19,Cơm tấm bì,35000,53,16000,2,1,1,delivery,09:15,16000,19000,0.5,Dân cư đông,Cơm tấm,Phường Gò Vấp
L08155,R088,2026-06-19,Cơm tấm sườn trứng,38000,60,15000,2,1,1,pickup,09:00,15000,23000,0.5,Dân cư đông,Cơm tấm,Phường Gò Vấp
L08156,R088,2026-06-19,Cơm tấm sườn bì chả,37000,54,17000,2,1,1,pickup,09:30,17000,20000,0.5,Dân cư đông,Cơm tấm,Phường Gò Vấp
L08157,R088,2026-06-19,Cơm tấm đặc biệt,31000,56,14000,2,1,1,delivery,09:30,14000,17000,0.5,Dân cư đông,Cơm tấm,Phường Gò Vấp
L08158,R088,2026-06-19,Cơm tấm sườn nướng,32000,60,13000,2,1,1,pickup,09:30,13000,19000,0.5,Dân cư đông,Cơm tấm,Phường Gò Vấp
L08159,R089,2026-06-19,Hủ tiếu sa tế,45000,39,27000,1,0,1,pickup,15:45,0,0,0.0,Công nhân,Hủ tiếu,Phường Đông Hòa
L08160,R089,2026-06-19,Hủ tiếu Nam Vang,53000,34,35000,1,0,1,delivery,15:00,0,0,0.0,Công nhân,Hủ tiếu,Phường Đông Hòa
L08161,R089,2026-06-19,Hủ tiếu mì,49000,37,31000,1,0,1,delivery,15:00,0,0,0.0,Công nhân,Hủ tiếu,Phường Đông Hòa
L08162,R089,2026-06-19,Hủ tiếu thập cẩm,48000,37,30000,1,0,1,pickup,15:30,0,0,0.0,Công nhân,Hủ tiếu,Phường Đông Hòa
L08163,R090,2026-06-19,Hủ tiếu mì,42000,44,24000,13,9,4,delivery,09:15,216000,162000,0.692,Sinh viên,Hủ tiếu,Phường Thủ Đức
L08164,R091,2026-06-19,Bánh mì thịt nguội,29000,55,13000,2,1,1,pickup,12:00,13000,16000,0.5,Dân cư đông,Bánh mì,Phường Xóm Chiếu
L08165,R092,2026-06-19,Cơm tấm sườn bì chả,41000,33,27000,3,1,2,pickup,17:45,27000,14000,0.333,Dân cư đông,Cơm tấm,Phường Gia Định
L08166,R092,2026-06-19,Cơm tấm đặc biệt,46000,35,30000,2,1,1,delivery,17:00,30000,16000,0.5,Dân cư đông,Cơm tấm,Phường Gia Định
L08167,R092,2026-06-19,Cơm tấm sườn nướng,42000,38,26000,3,1,2,pickup,17:30,26000,16000,0.333,Dân cư đông,Cơm tấm,Phường Gia Định
L08168,R092,2026-06-19,Cơm tấm sườn trứng,28000,31,19000,3,1,2,delivery,17:00,19000,9000,0.333,Dân cư đông,Cơm tấm,Phường Gia Định
L08169,R092,2026-06-19,Cơm tấm bì,34000,35,22000,2,0,2,pickup,17:15,0,0,0.0,Dân cư đông,Cơm tấm,Phường Gia Định
L08170,R093,2026-06-19,Phở bò tái,49000,37,31000,6,1,5,pickup,09:15,31000,18000,0.167,Công nhân,Phở,Phường Tân Đông Hiệp
L08171,R093,2026-06-19,Phở bò viên,49000,32,33000,6,1,5,pickup,09:30,33000,16000,0.167,Công nhân,Phở,Phường Tân Đông Hiệp
L08172,R093,2026-06-19,Phở gà,62000,40,37000,6,4,2,pickup,09:45,148000,100000,0.667,Công nhân,Phở,Phường Tân Đông Hiệp
L08173,R093,2026-06-19,Phở bò tái nạm,52000,40,31000,5,2,3,pickup,09:30,62000,42000,0.4,Công nhân,Phở,Phường Tân Đông Hiệp
L08174,R094,2026-06-19,Hủ tiếu sa tế,51000,56,22000,7,5,2,delivery,12:00,110000,145000,0.714,Dân cư đông,Hủ tiếu,Phường Bình Lợi Trung
L08175,R095,2026-06-19,Cơm tấm sườn trứng,30000,60,12000,2,1,1,pickup,14:30,12000,18000,0.5,Công nhân,Cơm tấm,Phường Lái Thiêu
L08176,R095,2026-06-19,Cơm tấm sườn bì chả,41000,59,17000,2,1,1,pickup,14:00,17000,24000,0.5,Công nhân,Cơm tấm,Phường Lái Thiêu
L08177,R095,2026-06-19,Cơm tấm đặc biệt,47000,60,19000,2,1,1,delivery,14:45,19000,28000,0.5,Công nhân,Cơm tấm,Phường Lái Thiêu
L08178,R095,2026-06-19,Cơm tấm sườn nướng,47000,55,21000,2,1,1,delivery,14:00,21000,26000,0.5,Công nhân,Cơm tấm,Phường Lái Thiêu
L08179,R096,2026-06-19,Cơm gà luộc,36000,41,21000,10,5,5,pickup,14:45,105000,75000,0.5,Công nhân,Cơm văn phòng,Phường Lái Thiêu
L08180,R096,2026-06-19,Cơm thịt kho trứng,35000,46,19000,12,7,5,pickup,14:30,133000,112000,0.583,Công nhân,Cơm văn phòng,Phường Lái Thiêu
L08181,R097,2026-06-19,Hủ tiếu Nam Vang,44000,54,20000,2,1,1,delivery,20:45,20000,24000,0.5,Công nhân,Hủ tiếu,Phường Tân Đông Hiệp
L08182,R097,2026-06-19,Hủ tiếu thập cẩm,47000,48,24000,3,2,1,delivery,20:30,48000,46000,0.667,Công nhân,Hủ tiếu,Phường Tân Đông Hiệp
L08183,R097,2026-06-19,Hủ tiếu bò kho,38000,49,19000,2,1,1,delivery,20:45,19000,19000,0.5,Công nhân,Hủ tiếu,Phường Tân Đông Hiệp
L08184,R098,2026-06-19,Bún riêu cua mọc,41000,44,23000,2,1,1,delivery,16:30,23000,18000,0.5,Trung tâm,Bún riêu,Phường Xuân Hòa
L08185,R099,2026-06-19,Cơm gà xối mỡ,33000,60,13000,1,0,1,pickup,09:15,0,0,0.0,Sinh viên,Cơm văn phòng,Phường An Khánh
L08186,R099,2026-06-19,Cơm sườn đậu hũ,50000,59,20000,1,0,1,pickup,09:00,0,0,0.0,Sinh viên,Cơm văn phòng,Phường An Khánh
L08187,R099,2026-06-19,Cơm thịt kho trứng,41000,60,16000,1,0,1,pickup,09:15,0,0,0.0,Sinh viên,Cơm văn phòng,Phường An Khánh
L08188,R099,2026-06-19,Cơm canh chua,29000,55,13000,1,0,1,pickup,09:00,0,0,0.0,Sinh viên,Cơm văn phòng,Phường An Khánh
L08189,R099,2026-06-19,Cơm gà luộc,45000,60,18000,1,0,1,pickup,09:45,0,0,0.0,Sinh viên,Cơm văn phòng,Phường An Khánh
L08190,R100,2026-06-19,Hủ tiếu Nam Vang,49000,40,29000,3,2,1,delivery,15:30,58000,40000,0.667,Trung tâm,Hủ tiếu,Phường Tân Định
L08191,R100,2026-06-19,Hủ tiếu mì,41000,38,25000,3,1,2,delivery,15:15,25000,16000,0.333,Trung tâm,Hủ tiếu,Phường Tân Định
L08192,R101,2026-06-19,Phở gà,45000,30,31000,1,0,1,pickup,09:15,0,0,0.0,Công nhân,Phở,Phường Bình Hòa
L08193,R101,2026-06-19,Phở bò tái nạm,44000,30,31000,1,0,1,pickup,09:30,0,0,0.0,Công nhân,Phở,Phường Bình Hòa
L08194,R101,2026-06-19,Phở bò chín,48000,35,31000,1,0,1,pickup,09:30,0,0,0.0,Công nhân,Phở,Phường Bình Hòa
L08195,R102,2026-06-19,Bún bò thập cẩm,36000,51,18000,1,0,1,delivery,15:45,0,0,0.0,Sinh viên,Bún bò,Phường Thủ Đức
L08196,R102,2026-06-19,Bún bò viên,43000,56,19000,2,1,1,delivery,15:15,19000,24000,0.5,Sinh viên,Bún bò,Phường Thủ Đức
L08197,R102,2026-06-19,Bún bò giò heo,47000,54,22000,1,0,1,delivery,15:30,0,0,0.0,Sinh viên,Bún bò,Phường Thủ Đức
L08198,R102,2026-06-19,Bún bò gân,55000,53,26000,1,0,1,pickup,15:45,0,0,0.0,Sinh viên,Bún bò,Phường Thủ Đức
L08199,R103,2026-06-19,Cơm canh chua,37000,32,25000,8,3,5,delivery,11:45,75000,36000,0.375,Công nhân,Cơm văn phòng,Phường Đông Hòa
L08200,R103,2026-06-19,Cơm sườn đậu hũ,34000,39,21000,6,2,4,delivery,11:15,42000,26000,0.333,Công nhân,Cơm văn phòng,Phường Đông Hòa
L08201,R103,2026-06-19,Cơm gà xối mỡ,38000,41,22000,7,5,2,pickup,11:30,110000,80000,0.714,Công nhân,Cơm văn phòng,Phường Đông Hòa
L08202,R104,2026-06-19,Bánh mì xíu mại,20000,52,10000,1,0,1,pickup,19:00,0,0,0.0,Dân cư đông,Bánh mì,Phường Thông Tây Hội
L08203,R104,2026-06-19,Bánh mì thịt nguội,18000,45,10000,1,0,1,pickup,19:15,0,0,0.0,Dân cư đông,Bánh mì,Phường Thông Tây Hội
L08204,R104,2026-06-19,Bánh mì chả lụa,34000,46,18000,1,0,1,pickup,19:45,0,0,0.0,Dân cư đông,Bánh mì,Phường Thông Tây Hội
L08205,R104,2026-06-19,Bánh mì trứng,19000,51,9000,1,0,1,pickup,19:30,0,0,0.0,Dân cư đông,Bánh mì,Phường Thông Tây Hội
L08206,R104,2026-06-19,Bánh mì gà,22000,53,10000,1,0,1,pickup,19:00,0,0,0.0,Dân cư đông,Bánh mì,Phường Thông Tây Hội
L08207,R105,2026-06-19,Bánh mì xíu mại,24000,30,17000,5,3,2,pickup,16:45,51000,21000,0.6,Sinh viên,Bánh mì,Phường Tam Bình
L08208,R105,2026-06-19,Bánh mì trứng,21000,30,15000,5,3,2,pickup,16:30,45000,18000,0.6,Sinh viên,Bánh mì,Phường Tam Bình
L08209,R106,2026-06-19,Phở gà,60000,57,26000,8,5,3,pickup,11:30,130000,170000,0.625,Công nhân,Phở,Phường An Phú
L08210,R106,2026-06-19,Phở bò chín,47000,55,21000,6,5,1,pickup,11:30,105000,130000,0.833,Công nhân,Phở,Phường An Phú
L08211,R106,2026-06-19,Phở bò tái nạm,47000,51,23000,6,4,2,pickup,11:15,92000,96000,0.667,Công nhân,Phở,Phường An Phú
L08212,R107,2026-06-19,Hủ tiếu mì,46000,34,30000,13,5,8,pickup,09:15,150000,80000,0.385,Dân cư đông,Hủ tiếu,Phường Gò Vấp
L08213,R108,2026-06-19,Cơm tấm bì,49000,54,23000,4,2,2,pickup,16:15,46000,52000,0.5,Sinh viên,Cơm tấm,Phường Thủ Đức
L08214,R108,2026-06-19,Cơm tấm đặc biệt,40000,54,18000,4,3,1,pickup,16:00,54000,66000,0.75,Sinh viên,Cơm tấm,Phường Thủ Đức
L08215,R108,2026-06-19,Cơm tấm sườn bì chả,38000,46,21000,4,2,2,delivery,16:15,42000,34000,0.5,Sinh viên,Cơm tấm,Phường Thủ Đức
L08216,R108,2026-06-19,Cơm tấm sườn trứng,39000,48,20000,3,2,1,delivery,16:45,40000,38000,0.667,Sinh viên,Cơm tấm,Phường Thủ Đức
L08217,R109,2026-06-19,Hủ tiếu mì,42000,56,18000,1,0,1,delivery,11:15,0,0,0.0,Trung tâm,Hủ tiếu,Phường Sài Gòn
L08218,R109,2026-06-19,Hủ tiếu bò kho,47000,60,19000,1,0,1,pickup,11:45,0,0,0.0,Trung tâm,Hủ tiếu,Phường Sài Gòn
L08219,R109,2026-06-19,Hủ tiếu thập cẩm,59000,55,27000,1,0,1,delivery,11:15,0,0,0.0,Trung tâm,Hủ tiếu,Phường Sài Gòn
L08220,R110,2026-06-19,Phở bò viên,42000,60,17000,4,3,1,delivery,10:30,51000,75000,0.75,Sinh viên,Phở,Phường Hiệp Bình
L08221,R110,2026-06-19,Phở bò tái nạm,43000,60,17000,3,2,1,pickup,10:15,34000,52000,0.667,Sinh viên,Phở,Phường Hiệp Bình
L08222,R111,2026-06-19,Bánh mì trứng,22000,49,11000,4,2,2,delivery,09:30,22000,22000,0.5,Sinh viên,Bánh mì,Phường Long Bình
L08223,R112,2026-06-19,Hủ tiếu thập cẩm,45000,53,21000,1,0,1,delivery,11:15,0,0,0.0,Dân cư đông,Hủ tiếu,Phường Gò Vấp
L08224,R112,2026-06-19,Hủ tiếu Nam Vang,46000,48,24000,1,0,1,delivery,11:15,0,0,0.0,Dân cư đông,Hủ tiếu,Phường Gò Vấp
L08225,R112,2026-06-19,Hủ tiếu sa tế,48000,46,26000,1,0,1,delivery,11:45,0,0,0.0,Dân cư đông,Hủ tiếu,Phường Gò Vấp
L08226,R112,2026-06-19,Hủ tiếu bò kho,57000,53,27000,1,0,1,delivery,11:00,0,0,0.0,Dân cư đông,Hủ tiếu,Phường Gò Vấp
L08227,R112,2026-06-19,Hủ tiếu mì,40000,51,20000,1,0,1,delivery,11:30,0,0,0.0,Dân cư đông,Hủ tiếu,Phường Gò Vấp
L08228,R113,2026-06-19,Bánh mì trứng,27000,51,13000,1,0,1,delivery,10:00,0,0,0.0,Dân cư đông,Bánh mì,Phường Tân Hòa
L08229,R113,2026-06-19,Bánh mì chả lụa,23000,47,12000,1,0,1,delivery,10:15,0,0,0.0,Dân cư đông,Bánh mì,Phường Tân Hòa
L08230,R113,2026-06-19,Bánh mì xíu mại,26000,43,15000,1,0,1,delivery,10:30,0,0,0.0,Dân cư đông,Bánh mì,Phường Tân Hòa
L08231,R113,2026-06-19,Bánh mì thịt nguội,21000,46,11000,1,0,1,delivery,10:15,0,0,0.0,Dân cư đông,Bánh mì,Phường Tân Hòa
L08232,R113,2026-06-19,Bánh mì gà,34000,51,17000,1,0,1,delivery,10:30,0,0,0.0,Dân cư đông,Bánh mì,Phường Tân Hòa
L08233,R114,2026-06-19,Cơm sườn đậu hũ,45000,39,27000,1,0,1,delivery,10:30,0,0,0.0,Công nhân,Cơm văn phòng,Phường Bình Hòa
L08234,R114,2026-06-19,Cơm canh chua,38000,43,22000,1,0,1,delivery,10:00,0,0,0.0,Công nhân,Cơm văn phòng,Phường Bình Hòa
L08235,R114,2026-06-19,Cơm gà luộc,33000,39,20000,2,1,1,delivery,10:30,20000,13000,0.5,Công nhân,Cơm văn phòng,Phường Bình Hòa
L08236,R114,2026-06-19,Cơm thịt kho trứng,29000,41,17000,1,0,1,delivery,10:30,0,0,0.0,Công nhân,Cơm văn phòng,Phường Bình Hòa
L08237,R115,2026-06-19,Cơm tấm bì,35000,43,20000,1,0,1,pickup,14:15,0,0,0.0,Dân cư đông,Cơm tấm,Phường Khánh Hội
L08238,R115,2026-06-19,Cơm tấm đặc biệt,36000,39,22000,1,0,1,delivery,14:00,0,0,0.0,Dân cư đông,Cơm tấm,Phường Khánh Hội
L08239,R116,2026-06-19,Cơm thịt kho trứng,37000,38,23000,2,1,1,delivery,20:15,23000,14000,0.5,Dân cư đông,Cơm văn phòng,Phường Bình Lợi Trung
L08240,R116,2026-06-19,Cơm canh chua,38000,36,24000,2,0,2,pickup,20:00,0,0,0.0,Dân cư đông,Cơm văn phòng,Phường Bình Lợi Trung
L08241,R117,2026-06-19,Bánh mì trứng,27000,44,15000,1,0,1,delivery,09:30,0,0,0.0,Sinh viên,Bánh mì,Phường Hiệp Bình
L08242,R117,2026-06-19,Bánh mì xíu mại,23000,35,15000,1,0,1,delivery,09:45,0,0,0.0,Sinh viên,Bánh mì,Phường Hiệp Bình
L08243,R117,2026-06-19,Bánh mì chả lụa,16000,37,10000,1,0,1,delivery,09:00,0,0,0.0,Sinh viên,Bánh mì,Phường Hiệp Bình
L08244,R118,2026-06-19,Bánh mì chả lụa,18000,30,13000,3,1,2,pickup,10:45,13000,5000,0.333,Dân cư đông,Bánh mì,Phường Gò Vấp
L08245,R118,2026-06-19,Bánh mì trứng,29000,36,19000,4,1,3,pickup,10:45,19000,10000,0.25,Dân cư đông,Bánh mì,Phường Gò Vấp
L08246,R118,2026-06-19,Bánh mì xíu mại,19000,36,12000,3,1,2,pickup,10:15,12000,7000,0.333,Dân cư đông,Bánh mì,Phường Gò Vấp
L08247,R119,2026-06-19,Bún bò gân,50000,56,22000,7,4,3,pickup,14:15,88000,112000,0.571,Công nhân,Bún bò,Phường Đông Hòa
L08248,R120,2026-06-19,Bún bò thập cẩm,44000,57,19000,1,0,1,pickup,11:00,0,0,0.0,Dân cư đông,Bún bò,Phường Hạnh Thông
L08249,R120,2026-06-19,Bún bò Huế đặc biệt,46000,56,20000,1,0,1,pickup,11:30,0,0,0.0,Dân cư đông,Bún bò,Phường Hạnh Thông
L08250,R120,2026-06-19,Bún bò giò heo,41000,60,16000,2,1,1,pickup,11:30,16000,25000,0.5,Dân cư đông,Bún bò,Phường Hạnh Thông
L08251,R120,2026-06-19,Bún bò viên,42000,56,18000,2,1,1,pickup,11:15,18000,24000,0.5,Dân cư đông,Bún bò,Phường Hạnh Thông
L08252,R120,2026-06-19,Bún bò gân,40000,53,19000,1,0,1,pickup,11:45,0,0,0.0,Dân cư đông,Bún bò,Phường Hạnh Thông
L08253,R121,2026-06-19,Cơm gà xối mỡ,32000,42,19000,1,0,1,pickup,12:45,0,0,0.0,Dân cư đông,Cơm văn phòng,Phường Gò Vấp
L08254,R121,2026-06-19,Cơm canh chua,44000,42,26000,1,0,1,pickup,12:00,0,0,0.0,Dân cư đông,Cơm văn phòng,Phường Gò Vấp
L08255,R121,2026-06-19,Cơm gà luộc,37000,38,23000,1,0,1,pickup,12:30,0,0,0.0,Dân cư đông,Cơm văn phòng,Phường Gò Vấp
L08256,R121,2026-06-19,Cơm thịt kho trứng,43000,40,26000,1,0,1,pickup,12:45,0,0,0.0,Dân cư đông,Cơm văn phòng,Phường Gò Vấp
L08257,R121,2026-06-19,Cơm sườn đậu hũ,42000,37,26000,1,0,1,pickup,12:45,0,0,0.0,Dân cư đông,Cơm văn phòng,Phường Gò Vấp
L08258,R122,2026-06-19,Bún riêu cua,40000,44,22000,7,5,2,pickup,09:15,110000,90000,0.714,Sinh viên,Bún riêu,Phường Linh Xuân
L08259,R123,2026-06-19,Cơm canh chua,40000,57,17000,13,11,2,delivery,16:30,187000,253000,0.846,Sinh viên,Cơm văn phòng,Phường Bình Trưng
L08260,R124,2026-06-19,Bún bò thập cẩm,46000,33,31000,2,0,2,delivery,15:30,0,0,0.0,Sinh viên,Bún bò,Phường Cát Lái
L08261,R124,2026-06-19,Bún bò viên,45000,30,31000,3,1,2,delivery,15:45,31000,14000,0.333,Sinh viên,Bún bò,Phường Cát Lái
L08262,R124,2026-06-19,Bún bò giò heo,56000,30,39000,3,1,2,delivery,15:15,39000,17000,0.333,Sinh viên,Bún bò,Phường Cát Lái
L08263,R124,2026-06-19,Bún bò gân,47000,30,33000,2,0,2,delivery,15:15,0,0,0.0,Sinh viên,Bún bò,Phường Cát Lái
L08264,R124,2026-06-19,Bún bò Huế đặc biệt,39000,32,27000,3,1,2,pickup,15:15,27000,12000,0.333,Sinh viên,Bún bò,Phường Cát Lái
L08265,R125,2026-06-19,Bánh mì gà,26000,52,12000,2,1,1,delivery,15:30,12000,14000,0.5,Công nhân,Bánh mì,Phường Lái Thiêu
L08266,R125,2026-06-19,Bánh mì xíu mại,16000,52,8000,2,1,1,delivery,15:45,8000,8000,0.5,Công nhân,Bánh mì,Phường Lái Thiêu
L08267,R126,2026-06-19,Phở bò chín,54000,40,32000,2,1,1,delivery,11:15,32000,22000,0.5,Dân cư đông,Phở,Phường Gò Vấp
L08268,R126,2026-06-19,Phở gà,53000,36,34000,2,0,2,delivery,11:00,0,0,0.0,Dân cư đông,Phở,Phường Gò Vấp
L08269,R126,2026-06-19,Phở bò tái nạm,53000,33,36000,2,1,1,delivery,11:30,36000,17000,0.5,Dân cư đông,Phở,Phường Gò Vấp
L08270,R126,2026-06-19,Phở bò viên,45000,34,30000,2,1,1,delivery,11:45,30000,15000,0.5,Dân cư đông,Phở,Phường Gò Vấp
L08271,R126,2026-06-19,Phở bò tái,50000,32,34000,3,0,3,delivery,11:00,0,0,0.0,Dân cư đông,Phở,Phường Gò Vấp
L08272,R127,2026-06-19,Cơm canh chua,43000,31,30000,2,0,2,delivery,18:45,0,0,0.0,Dân cư đông,Cơm văn phòng,Phường Tân Sơn Nhất
L08273,R127,2026-06-19,Cơm gà xối mỡ,31000,38,19000,2,0,2,delivery,18:45,0,0,0.0,Dân cư đông,Cơm văn phòng,Phường Tân Sơn Nhất
L08274,R127,2026-06-19,Cơm sườn đậu hũ,35000,37,22000,3,1,2,delivery,18:30,22000,13000,0.333,Dân cư đông,Cơm văn phòng,Phường Tân Sơn Nhất
L08275,R127,2026-06-19,Cơm thịt kho trứng,30000,35,20000,3,1,2,delivery,18:30,20000,10000,0.333,Dân cư đông,Cơm văn phòng,Phường Tân Sơn Nhất
L08276,R127,2026-06-19,Cơm gà luộc,34000,30,24000,3,1,2,delivery,18:30,24000,10000,0.333,Dân cư đông,Cơm văn phòng,Phường Tân Sơn Nhất
L08277,R128,2026-06-19,Bánh mì thịt nguội,32000,36,20000,4,1,3,delivery,18:30,20000,12000,0.25,Trung tâm,Bánh mì,Phường Đức Nhuận
L08278,R128,2026-06-19,Bánh mì gà,30000,37,19000,3,0,3,delivery,18:00,0,0,0.0,Trung tâm,Bánh mì,Phường Đức Nhuận
L08279,R129,2026-06-19,Phở bò chín,57000,48,30000,2,1,1,pickup,11:30,30000,27000,0.5,Công nhân,Phở,Phường Dĩ An
L08280,R129,2026-06-19,Phở bò tái nạm,42000,52,20000,2,1,1,pickup,11:00,20000,22000,0.5,Công nhân,Phở,Phường Dĩ An
L08281,R129,2026-06-19,Phở bò tái,37000,55,17000,2,1,1,pickup,11:30,17000,20000,0.5,Công nhân,Phở,Phường Dĩ An
L08282,R130,2026-06-19,Phở bò viên,61000,43,35000,5,3,2,delivery,10:30,105000,78000,0.6,Công nhân,Phở,Phường Lái Thiêu
L08283,R130,2026-06-19,Phở gà,39000,46,21000,3,2,1,delivery,10:00,42000,36000,0.667,Công nhân,Phở,Phường Lái Thiêu
L08284,R130,2026-06-19,Phở bò tái,43000,46,23000,3,1,2,delivery,10:15,23000,20000,0.333,Công nhân,Phở,Phường Lái Thiêu
L08285,R130,2026-06-19,Phở bò chín,53000,44,30000,3,1,2,delivery,10:45,30000,23000,0.333,Công nhân,Phở,Phường Lái Thiêu
L08286,R131,2026-06-19,Bún bò Huế đặc biệt,50000,53,24000,1,0,1,delivery,20:30,0,0,0.0,Sinh viên,Bún bò,Phường Phước Long
L08287,R131,2026-06-19,Bún bò thập cẩm,44000,47,23000,1,0,1,pickup,20:30,0,0,0.0,Sinh viên,Bún bò,Phường Phước Long
L08288,R131,2026-06-19,Bún bò gân,43000,50,22000,1,0,1,pickup,20:45,0,0,0.0,Sinh viên,Bún bò,Phường Phước Long
L08289,R131,2026-06-19,Bún bò giò heo,43000,55,19000,1,0,1,pickup,20:45,0,0,0.0,Sinh viên,Bún bò,Phường Phước Long
L08290,R132,2026-06-19,Cơm gà luộc,34000,50,17000,4,3,1,delivery,09:00,51000,51000,0.75,Sinh viên,Cơm văn phòng,Phường Linh Xuân
L08291,R132,2026-06-19,Cơm canh chua,34000,48,18000,4,2,2,pickup,09:30,36000,32000,0.5,Sinh viên,Cơm văn phòng,Phường Linh Xuân
L08292,R132,2026-06-19,Cơm sườn đậu hũ,49000,42,28000,4,3,1,delivery,09:30,84000,63000,0.75,Sinh viên,Cơm văn phòng,Phường Linh Xuân
L08293,R133,2026-06-19,Hủ tiếu thập cẩm,56000,33,38000,11,6,5,delivery,15:30,228000,108000,0.545,Sinh viên,Hủ tiếu,Phường Cát Lái
L08294,R134,2026-06-19,Cơm tấm đặc biệt,40000,34,26000,1,0,1,delivery,15:00,0,0,0.0,Dân cư đông,Cơm tấm,Phường An Nhơn
L08295,R134,2026-06-19,Cơm tấm sườn trứng,33000,33,22000,1,0,1,delivery,15:00,0,0,0.0,Dân cư đông,Cơm tấm,Phường An Nhơn
L08296,R134,2026-06-19,Cơm tấm sườn nướng,37000,36,24000,1,0,1,delivery,15:15,0,0,0.0,Dân cư đông,Cơm tấm,Phường An Nhơn
L08297,R135,2026-06-19,Bún bò gân,48000,48,25000,6,4,2,pickup,20:30,100000,92000,0.667,Sinh viên,Bún bò,Phường Cát Lái
L08298,R135,2026-06-19,Bún bò viên,45000,44,25000,6,4,2,pickup,20:00,100000,80000,0.667,Sinh viên,Bún bò,Phường Cát Lái
L08299,R135,2026-06-19,Bún bò Huế đặc biệt,54000,51,26000,6,4,2,pickup,20:45,104000,112000,0.667,Sinh viên,Bún bò,Phường Cát Lái
L08300,R136,2026-06-19,Bún bò Huế đặc biệt,49000,58,21000,5,4,1,pickup,10:15,84000,112000,0.8,Công nhân,Bún bò,Phường Đông Hòa
L08301,R136,2026-06-19,Bún bò gân,51000,50,26000,6,5,1,pickup,10:00,130000,125000,0.833,Công nhân,Bún bò,Phường Đông Hòa
L08302,R136,2026-06-19,Bún bò thập cẩm,47000,60,19000,7,5,2,pickup,10:00,95000,140000,0.714,Công nhân,Bún bò,Phường Đông Hòa
L08303,R137,2026-06-19,Hủ tiếu Nam Vang,49000,45,27000,1,0,1,delivery,15:30,0,0,0.0,Dân cư đông,Hủ tiếu,Phường Tân Sơn Nhất
L08304,R137,2026-06-19,Hủ tiếu bò kho,63000,50,32000,1,0,1,delivery,15:00,0,0,0.0,Dân cư đông,Hủ tiếu,Phường Tân Sơn Nhất
L08305,R137,2026-06-19,Hủ tiếu thập cẩm,37000,49,19000,1,0,1,delivery,15:15,0,0,0.0,Dân cư đông,Hủ tiếu,Phường Tân Sơn Nhất
L08306,R137,2026-06-19,Hủ tiếu mì,43000,45,24000,1,0,1,delivery,15:45,0,0,0.0,Dân cư đông,Hủ tiếu,Phường Tân Sơn Nhất
L08307,R137,2026-06-19,Hủ tiếu sa tế,42000,45,23000,1,0,1,delivery,15:00,0,0,0.0,Dân cư đông,Hủ tiếu,Phường Tân Sơn Nhất
L08308,R138,2026-06-19,Cơm tấm sườn nướng,33000,55,15000,1,0,1,delivery,16:30,0,0,0.0,Công nhân,Cơm tấm,Phường Đông Hòa
L08309,R138,2026-06-19,Cơm tấm bì,43000,53,20000,1,0,1,delivery,16:45,0,0,0.0,Công nhân,Cơm tấm,Phường Đông Hòa
L08310,R138,2026-06-19,Cơm tấm sườn bì chả,41000,60,16000,1,0,1,delivery,16:45,0,0,0.0,Công nhân,Cơm tấm,Phường Đông Hòa
L08311,R138,2026-06-19,Cơm tấm đặc biệt,53000,58,22000,1,0,1,delivery,16:15,0,0,0.0,Công nhân,Cơm tấm,Phường Đông Hòa
L08312,R139,2026-06-19,Bánh mì thịt nguội,24000,59,10000,2,1,1,delivery,09:45,10000,14000,0.5,Ngoại ô,Bánh mì,Xã Bà Điểm
L08313,R139,2026-06-19,Bánh mì chả lụa,25000,56,11000,3,2,1,delivery,09:30,22000,28000,0.667,Ngoại ô,Bánh mì,Xã Bà Điểm
L08314,R139,2026-06-19,Bánh mì gà,19000,60,8000,3,2,1,delivery,09:00,16000,22000,0.667,Ngoại ô,Bánh mì,Xã Bà Điểm
L08315,R140,2026-06-19,Bún riêu cua mọc,40000,35,26000,5,1,4,delivery,17:30,26000,14000,0.2,Ngoại ô,Bún riêu,Xã Hiệp Phước
L08316,R140,2026-06-19,Bún riêu cua,39000,39,24000,4,2,2,delivery,17:45,48000,30000,0.5,Ngoại ô,Bún riêu,Xã Hiệp Phước
L08317,R141,2026-06-19,Cơm canh chua,32000,33,21000,2,0,2,delivery,15:00,0,0,0.0,Sinh viên,Cơm văn phòng,Phường Long Bình
L08318,R141,2026-06-19,Cơm sườn đậu hũ,34000,33,23000,3,1,2,delivery,15:45,23000,11000,0.333,Sinh viên,Cơm văn phòng,Phường Long Bình
L08319,R142,2026-06-19,Bún riêu thập cẩm,34000,43,19000,6,3,3,pickup,11:30,57000,45000,0.5,Công nhân,Bún riêu,Phường Thuận An
L08320,R142,2026-06-19,Bún riêu cua,46000,44,26000,5,2,3,pickup,11:00,52000,40000,0.4,Công nhân,Bún riêu,Phường Thuận An
L08321,R142,2026-06-19,Bún riêu cua đồng,39000,42,23000,5,3,2,pickup,11:30,69000,48000,0.6,Công nhân,Bún riêu,Phường Thuận An
L08322,R142,2026-06-19,Bún riêu cua mọc,45000,42,26000,4,2,2,pickup,11:30,52000,38000,0.5,Công nhân,Bún riêu,Phường Thuận An
L08323,R143,2026-06-19,Bánh mì thịt nguội,27000,48,14000,2,1,1,delivery,16:00,14000,13000,0.5,Sinh viên,Bánh mì,Phường Cát Lái
L08324,R143,2026-06-19,Bánh mì gà,22000,48,11000,2,1,1,delivery,16:15,11000,11000,0.5,Sinh viên,Bánh mì,Phường Cát Lái
L08325,R143,2026-06-19,Bánh mì chả lụa,25000,42,14000,2,1,1,pickup,16:45,14000,11000,0.5,Sinh viên,Bánh mì,Phường Cát Lái
L08326,R143,2026-06-19,Bánh mì xíu mại,30000,42,17000,2,1,1,delivery,16:30,17000,13000,0.5,Sinh viên,Bánh mì,Phường Cát Lái
L08327,R144,2026-06-19,Bún bò Huế đặc biệt,48000,55,22000,3,2,1,pickup,15:00,44000,52000,0.667,Sinh viên,Bún bò,Phường Phước Long
L08328,R144,2026-06-19,Bún bò thập cẩm,40000,60,16000,4,3,1,pickup,15:00,48000,72000,0.75,Sinh viên,Bún bò,Phường Phước Long
L08329,R144,2026-06-19,Bún bò giò heo,61000,60,24000,3,2,1,pickup,15:45,48000,74000,0.667,Sinh viên,Bún bò,Phường Phước Long
L08330,R145,2026-06-19,Cơm tấm sườn trứng,32000,43,18000,2,1,1,delivery,19:30,18000,14000,0.5,Trung tâm,Cơm tấm,Phường Phú Nhuận
L08331,R145,2026-06-19,Cơm tấm bì,39000,43,22000,1,0,1,delivery,19:45,0,0,0.0,Trung tâm,Cơm tấm,Phường Phú Nhuận
L08332,R145,2026-06-19,Cơm tấm đặc biệt,42000,43,24000,2,1,1,pickup,19:00,24000,18000,0.5,Trung tâm,Cơm tấm,Phường Phú Nhuận
L08333,R145,2026-06-19,Cơm tấm sườn bì chả,45000,50,22000,1,0,1,delivery,19:30,0,0,0.0,Trung tâm,Cơm tấm,Phường Phú Nhuận
L08334,R146,2026-06-19,Bún bò gân,48000,56,21000,2,1,1,pickup,16:30,21000,27000,0.5,Công nhân,Bún bò,Phường Tân Đông Hiệp
L08335,R146,2026-06-19,Bún bò Huế đặc biệt,40000,49,20000,2,1,1,pickup,16:00,20000,20000,0.5,Công nhân,Bún bò,Phường Tân Đông Hiệp
L08336,R146,2026-06-19,Bún bò viên,57000,54,26000,2,1,1,delivery,16:45,26000,31000,0.5,Công nhân,Bún bò,Phường Tân Đông Hiệp
L08337,R147,2026-06-19,Phở bò chín,50000,30,35000,4,2,2,delivery,14:45,70000,30000,0.5,Công nhân,Phở,Phường Dĩ An
L08338,R147,2026-06-19,Phở bò viên,60000,37,38000,4,1,3,delivery,14:45,38000,22000,0.25,Công nhân,Phở,Phường Dĩ An
L08339,R148,2026-06-19,Bún bò thập cẩm,41000,30,29000,3,1,2,delivery,17:00,29000,12000,0.333,Trung tâm,Bún bò,Phường Cầu Kiệu
L08340,R148,2026-06-19,Bún bò gân,43000,34,28000,4,1,3,delivery,17:15,28000,15000,0.25,Trung tâm,Bún bò,Phường Cầu Kiệu
L08341,R149,2026-06-19,Bún bò viên,55000,37,35000,14,8,6,delivery,13:30,280000,160000,0.571,Sinh viên,Bún bò,Phường An Khánh
L08342,R000,2026-06-20,Bún bò viên,49000,35,32000,8,2,6,delivery,18:45,64000,34000,0.25,Công nhân,Bún bò,Phường Đông Hòa
L08343,R000,2026-06-20,Bún bò Huế đặc biệt,47000,38,29000,9,4,5,delivery,18:30,116000,72000,0.444,Công nhân,Bún bò,Phường Đông Hòa
L08344,R000,2026-06-20,Bún bò thập cẩm,41000,38,25000,7,3,4,delivery,18:15,75000,48000,0.429,Công nhân,Bún bò,Phường Đông Hòa
L08345,R001,2026-06-20,Cơm tấm sườn nướng,50000,44,28000,2,1,1,pickup,19:15,28000,22000,0.5,Ngoại ô,Cơm tấm,Xã Bình Chánh
L08346,R001,2026-06-20,Cơm tấm đặc biệt,36000,44,20000,1,0,1,pickup,19:15,0,0,0.0,Ngoại ô,Cơm tấm,Xã Bình Chánh
L08347,R001,2026-06-20,Cơm tấm bì,32000,41,19000,1,0,1,pickup,19:15,0,0,0.0,Ngoại ô,Cơm tấm,Xã Bình Chánh
L08348,R002,2026-06-20,Hủ tiếu thập cẩm,43000,33,29000,2,0,2,pickup,20:00,0,0,0.0,Dân cư đông,Hủ tiếu,Phường An Nhơn
L08349,R002,2026-06-20,Hủ tiếu bò kho,56000,33,38000,3,1,2,pickup,20:45,38000,18000,0.333,Dân cư đông,Hủ tiếu,Phường An Nhơn
L08350,R002,2026-06-20,Hủ tiếu Nam Vang,55000,39,34000,2,0,2,pickup,20:00,0,0,0.0,Dân cư đông,Hủ tiếu,Phường An Nhơn
L08351,R002,2026-06-20,Hủ tiếu sa tế,56000,33,38000,2,0,2,pickup,20:45,0,0,0.0,Dân cư đông,Hủ tiếu,Phường An Nhơn
L08352,R002,2026-06-20,Hủ tiếu mì,45000,34,30000,3,1,2,pickup,20:15,30000,15000,0.333,Dân cư đông,Hủ tiếu,Phường An Nhơn
L08353,R003,2026-06-20,Phở bò tái,47000,56,21000,7,4,3,pickup,18:00,84000,104000,0.571,Công nhân,Phở,Phường Bình Hòa
L08354,R003,2026-06-20,Phở bò chín,44000,57,19000,7,5,2,delivery,18:15,95000,125000,0.714,Công nhân,Phở,Phường Bình Hòa
L08355,R003,2026-06-20,Phở bò viên,37000,54,17000,7,6,1,pickup,18:15,102000,120000,0.857,Công nhân,Phở,Phường Bình Hòa
L08356,R003,2026-06-20,Phở gà,51000,53,24000,5,3,2,delivery,18:00,72000,81000,0.6,Công nhân,Phở,Phường Bình Hòa
L08357,R004,2026-06-20,Hủ tiếu thập cẩm,44000,49,22000,1,0,1,pickup,16:45,0,0,0.0,Sinh viên,Hủ tiếu,Phường Cát Lái
L08358,R004,2026-06-20,Hủ tiếu Nam Vang,46000,56,20000,1,0,1,delivery,16:30,0,0,0.0,Sinh viên,Hủ tiếu,Phường Cát Lái
L08359,R004,2026-06-20,Hủ tiếu bò kho,50000,48,26000,1,0,1,pickup,16:30,0,0,0.0,Sinh viên,Hủ tiếu,Phường Cát Lái
L08360,R004,2026-06-20,Hủ tiếu sa tế,60000,57,26000,1,0,1,pickup,16:45,0,0,0.0,Sinh viên,Hủ tiếu,Phường Cát Lái
L08361,R005,2026-06-20,Hủ tiếu mì,50000,54,23000,3,1,2,pickup,10:15,23000,27000,0.333,Sinh viên,Hủ tiếu,Phường Long Bình
L08362,R005,2026-06-20,Hủ tiếu sa tế,45000,52,22000,3,2,1,pickup,10:45,44000,46000,0.667,Sinh viên,Hủ tiếu,Phường Long Bình
L08363,R005,2026-06-20,Hủ tiếu bò kho,44000,57,19000,3,2,1,pickup,10:45,38000,50000,0.667,Sinh viên,Hủ tiếu,Phường Long Bình
L08364,R005,2026-06-20,Hủ tiếu thập cẩm,53000,56,23000,3,2,1,pickup,10:00,46000,60000,0.667,Sinh viên,Hủ tiếu,Phường Long Bình
L08365,R006,2026-06-20,Bún bò Huế đặc biệt,48000,40,29000,2,1,1,delivery,17:15,29000,19000,0.5,Trung tâm,Bún bò,Phường Nhiêu Lộc
L08366,R006,2026-06-20,Bún bò giò heo,40000,38,25000,2,1,1,delivery,17:30,25000,15000,0.5,Trung tâm,Bún bò,Phường Nhiêu Lộc
L08367,R006,2026-06-20,Bún bò gân,48000,43,27000,2,1,1,delivery,17:45,27000,21000,0.5,Trung tâm,Bún bò,Phường Nhiêu Lộc
L08368,R006,2026-06-20,Bún bò viên,47000,40,28000,1,0,1,delivery,17:15,0,0,0.0,Trung tâm,Bún bò,Phường Nhiêu Lộc
L08369,R007,2026-06-20,Phở bò tái nạm,50000,36,32000,22,13,9,pickup,09:00,416000,234000,0.591,Dân cư đông,Phở,Phường An Hội Đông
L08370,R008,2026-06-20,Hủ tiếu bò kho,41000,49,21000,5,3,2,delivery,16:15,63000,60000,0.6,Công nhân,Hủ tiếu,Phường Thuận An
L08371,R008,2026-06-20,Hủ tiếu Nam Vang,53000,41,31000,5,3,2,pickup,16:30,93000,66000,0.6,Công nhân,Hủ tiếu,Phường Thuận An
L08372,R008,2026-06-20,Hủ tiếu mì,43000,47,23000,4,3,1,delivery,16:15,69000,60000,0.75,Công nhân,Hủ tiếu,Phường Thuận An
L08373,R009,2026-06-20,Cơm tấm bì,36000,50,18000,4,3,1,pickup,20:30,54000,54000,0.75,Dân cư đông,Cơm tấm,Phường Tân Bình
L08374,R009,2026-06-20,Cơm tấm sườn nướng,31000,54,14000,4,2,2,pickup,20:30,28000,34000,0.5,Dân cư đông,Cơm tấm,Phường Tân Bình
L08375,R009,2026-06-20,Cơm tấm đặc biệt,38000,56,17000,4,2,2,pickup,20:00,34000,42000,0.5,Dân cư đông,Cơm tấm,Phường Tân Bình
L08376,R010,2026-06-20,Cơm tấm đặc biệt,40000,46,22000,1,0,1,delivery,19:45,0,0,0.0,Trung tâm,Cơm tấm,Phường Đức Nhuận
L08377,R010,2026-06-20,Cơm tấm bì,42000,51,21000,1,0,1,pickup,19:15,0,0,0.0,Trung tâm,Cơm tấm,Phường Đức Nhuận
L08378,R010,2026-06-20,Cơm tấm sườn nướng,26000,51,13000,1,0,1,pickup,19:15,0,0,0.0,Trung tâm,Cơm tấm,Phường Đức Nhuận
L08379,R011,2026-06-20,Bánh mì xíu mại,22000,30,15000,6,3,3,delivery,20:15,45000,21000,0.5,Ngoại ô,Bánh mì,Xã Hiệp Phước
L08380,R012,2026-06-20,Phở gà,52000,59,21000,2,1,1,delivery,20:45,21000,31000,0.5,Dân cư đông,Phở,Phường Khánh Hội
L08381,R012,2026-06-20,Phở bò viên,49000,53,23000,2,1,1,delivery,20:45,23000,26000,0.5,Dân cư đông,Phở,Phường Khánh Hội
L08382,R013,2026-06-20,Phở bò tái nạm,47000,51,23000,3,2,1,delivery,12:30,46000,48000,0.667,Sinh viên,Phở,Phường Long Bình
L08383,R013,2026-06-20,Phở gà,54000,52,26000,4,2,2,delivery,12:30,52000,56000,0.5,Sinh viên,Phở,Phường Long Bình
L08384,R013,2026-06-20,Phở bò tái,38000,47,20000,4,2,2,delivery,12:15,40000,36000,0.5,Sinh viên,Phở,Phường Long Bình
L08385,R013,2026-06-20,Phở bò chín,48000,46,26000,3,2,1,pickup,12:30,52000,44000,0.667,Sinh viên,Phở,Phường Long Bình
L08386,R013,2026-06-20,Phở bò viên,48000,49,24000,3,1,2,pickup,12:45,24000,24000,0.333,Sinh viên,Phở,Phường Long Bình
L08387,R014,2026-06-20,Bánh mì trứng,23000,53,11000,1,0,1,delivery,12:45,0,0,0.0,Sinh viên,Bánh mì,Phường An Khánh
L08388,R014,2026-06-20,Bánh mì gà,26000,53,12000,1,0,1,pickup,12:00,0,0,0.0,Sinh viên,Bánh mì,Phường An Khánh
L08389,R015,2026-06-20,Hủ tiếu bò kho,62000,47,33000,6,3,3,delivery,13:00,99000,87000,0.5,Sinh viên,Hủ tiếu,Phường Hiệp Bình
L08390,R015,2026-06-20,Hủ tiếu Nam Vang,47000,40,28000,5,3,2,delivery,13:45,84000,57000,0.6,Sinh viên,Hủ tiếu,Phường Hiệp Bình
L08391,R015,2026-06-20,Hủ tiếu sa tế,48000,46,26000,7,3,4,pickup,13:45,78000,66000,0.429,Sinh viên,Hủ tiếu,Phường Hiệp Bình
L08392,R016,2026-06-20,Phở bò chín,43000,42,25000,4,2,2,delivery,16:00,50000,36000,0.5,Sinh viên,Phở,Phường Tăng Nhơn Phú
L08393,R016,2026-06-20,Phở bò viên,48000,49,24000,4,2,2,delivery,16:30,48000,48000,0.5,Sinh viên,Phở,Phường Tăng Nhơn Phú
L08394,R016,2026-06-20,Phở bò tái nạm,52000,52,25000,4,3,1,pickup,16:00,75000,81000,0.75,Sinh viên,Phở,Phường Tăng Nhơn Phú
L08395,R017,2026-06-20,Cơm tấm bì,38000,30,27000,16,4,12,delivery,13:15,108000,44000,0.25,Công nhân,Cơm tấm,Phường Dĩ An
L08396,R018,2026-06-20,Cơm tấm sườn nướng,36000,43,21000,2,1,1,delivery,16:30,21000,15000,0.5,Công nhân,Cơm tấm,Phường Lái Thiêu
L08397,R019,2026-06-20,Bún bò gân,57000,47,30000,7,4,3,delivery,18:30,120000,108000,0.571,Sinh viên,Bún bò,Phường Long Bình
L08398,R019,2026-06-20,Bún bò Huế đặc biệt,46000,40,28000,7,5,2,pickup,18:15,140000,90000,0.714,Sinh viên,Bún bò,Phường Long Bình
L08399,R020,2026-06-20,Phở bò tái nạm,58000,35,38000,1,0,1,delivery,09:15,0,0,0.0,Công nhân,Phở,Phường Đông Hòa
L08400,R020,2026-06-20,Phở bò viên,53000,37,33000,2,0,2,delivery,09:15,0,0,0.0,Công nhân,Phở,Phường Đông Hòa
L08401,R020,2026-06-20,Phở gà,37000,40,22000,1,0,1,delivery,09:30,0,0,0.0,Công nhân,Phở,Phường Đông Hòa
L08402,R020,2026-06-20,Phở bò chín,49000,39,30000,2,1,1,delivery,09:15,30000,19000,0.5,Công nhân,Phở,Phường Đông Hòa
L08403,R021,2026-06-20,Hủ tiếu thập cẩm,48000,36,31000,2,1,1,pickup,20:00,31000,17000,0.5,Sinh viên,Hủ tiếu,Phường Bình Trưng
L08404,R021,2026-06-20,Hủ tiếu mì,45000,36,29000,2,0,2,pickup,20:15,0,0,0.0,Sinh viên,Hủ tiếu,Phường Bình Trưng
L08405,R022,2026-06-20,Bánh mì chả lụa,33000,60,13000,2,1,1,delivery,18:45,13000,20000,0.5,Sinh viên,Bánh mì,Phường Long Bình
L08406,R022,2026-06-20,Bánh mì xíu mại,20000,55,9000,2,1,1,delivery,18:30,9000,11000,0.5,Sinh viên,Bánh mì,Phường Long Bình
L08407,R022,2026-06-20,Bánh mì thịt nguội,29000,58,12000,2,1,1,pickup,18:45,12000,17000,0.5,Sinh viên,Bánh mì,Phường Long Bình
L08408,R022,2026-06-20,Bánh mì gà,18000,57,8000,2,1,1,pickup,18:30,8000,10000,0.5,Sinh viên,Bánh mì,Phường Long Bình
L08409,R022,2026-06-20,Bánh mì trứng,25000,57,11000,1,0,1,delivery,18:45,0,0,0.0,Sinh viên,Bánh mì,Phường Long Bình
L08410,R023,2026-06-20,Bánh mì gà,26000,30,18000,3,0,3,delivery,17:45,0,0,0.0,Công nhân,Bánh mì,Phường Tân Đông Hiệp
L08411,R023,2026-06-20,Bánh mì chả lụa,21000,33,14000,2,0,2,delivery,17:30,0,0,0.0,Công nhân,Bánh mì,Phường Tân Đông Hiệp
L08412,R024,2026-06-20,Hủ tiếu Nam Vang,44000,55,20000,17,13,4,delivery,14:30,260000,312000,0.765,Công nhân,Hủ tiếu,Phường An Phú
L08413,R025,2026-06-20,Cơm gà xối mỡ,31000,37,20000,1,0,1,delivery,11:00,0,0,0.0,Dân cư đông,Cơm văn phòng,Phường An Hội Đông
L08414,R025,2026-06-20,Cơm canh chua,41000,34,27000,1,0,1,delivery,11:00,0,0,0.0,Dân cư đông,Cơm văn phòng,Phường An Hội Đông
L08415,R025,2026-06-20,Cơm sườn đậu hũ,38000,32,26000,1,0,1,delivery,11:15,0,0,0.0,Dân cư đông,Cơm văn phòng,Phường An Hội Đông
L08416,R025,2026-06-20,Cơm thịt kho trứng,31000,32,21000,1,0,1,delivery,11:45,0,0,0.0,Dân cư đông,Cơm văn phòng,Phường An Hội Đông
L08417,R025,2026-06-20,Cơm gà luộc,34000,36,22000,2,0,2,pickup,11:15,0,0,0.0,Dân cư đông,Cơm văn phòng,Phường An Hội Đông
L08418,R026,2026-06-20,Bún riêu cua đồng,34000,42,20000,3,2,1,pickup,16:45,40000,28000,0.667,Sinh viên,Bún riêu,Phường Tam Bình
L08419,R027,2026-06-20,Bún bò viên,45000,36,29000,2,0,2,pickup,17:45,0,0,0.0,Công nhân,Bún bò,Phường Hòa Lợi
L08420,R028,2026-06-20,Bánh mì thịt nguội,23000,55,10000,8,5,3,delivery,14:30,50000,65000,0.625,Công nhân,Bánh mì,Phường Tân Đông Hiệp
L08421,R029,2026-06-20,Phở gà,60000,51,29000,1,0,1,delivery,19:00,0,0,0.0,Trung tâm,Phở,Phường Bến Thành
L08422,R029,2026-06-20,Phở bò tái,51000,51,25000,1,0,1,delivery,19:30,0,0,0.0,Trung tâm,Phở,Phường Bến Thành
L08423,R029,2026-06-20,Phở bò chín,41000,56,18000,1,0,1,delivery,19:45,0,0,0.0,Trung tâm,Phở,Phường Bến Thành
L08424,R029,2026-06-20,Phở bò tái nạm,50000,60,20000,1,0,1,delivery,19:30,0,0,0.0,Trung tâm,Phở,Phường Bến Thành
L08425,R030,2026-06-20,Bún bò thập cẩm,51000,53,24000,14,11,3,delivery,15:15,264000,297000,0.786,Công nhân,Bún bò,Phường An Phú
L08426,R030,2026-06-20,Bún bò viên,50000,47,26000,12,6,6,pickup,15:30,156000,144000,0.5,Công nhân,Bún bò,Phường An Phú
L08427,R031,2026-06-20,Phở bò chín,50000,44,28000,4,3,1,delivery,09:15,84000,66000,0.75,Sinh viên,Phở,Phường Phước Long
L08428,R031,2026-06-20,Phở bò viên,57000,44,32000,6,3,3,pickup,09:00,96000,75000,0.5,Sinh viên,Phở,Phường Phước Long
L08429,R032,2026-06-20,Cơm sườn đậu hũ,37000,41,22000,4,3,1,delivery,13:30,66000,45000,0.75,Trung tâm,Cơm văn phòng,Phường Cầu Ông Lãnh
L08430,R033,2026-06-20,Cơm tấm sườn trứng,31000,45,17000,1,0,1,pickup,13:00,0,0,0.0,Dân cư đông,Cơm tấm,Phường Tân Hòa
L08431,R033,2026-06-20,Cơm tấm đặc biệt,53000,52,25000,1,0,1,pickup,13:45,0,0,0.0,Dân cư đông,Cơm tấm,Phường Tân Hòa
L08432,R033,2026-06-20,Cơm tấm sườn nướng,49000,47,26000,1,0,1,pickup,13:30,0,0,0.0,Dân cư đông,Cơm tấm,Phường Tân Hòa
L08433,R033,2026-06-20,Cơm tấm sườn bì chả,34000,48,18000,1,0,1,pickup,13:45,0,0,0.0,Dân cư đông,Cơm tấm,Phường Tân Hòa
L08434,R033,2026-06-20,Cơm tấm bì,40000,52,19000,2,1,1,pickup,13:00,19000,21000,0.5,Dân cư đông,Cơm tấm,Phường Tân Hòa
L08435,R034,2026-06-20,Bún bò giò heo,42000,37,26000,5,1,4,delivery,18:15,26000,16000,0.2,Ngoại ô,Bún bò,Xã Bình Chánh
L08436,R034,2026-06-20,Bún bò thập cẩm,49000,30,34000,6,2,4,pickup,18:30,68000,30000,0.333,Ngoại ô,Bún bò,Xã Bình Chánh
L08437,R035,2026-06-20,Bánh mì chả lụa,24000,55,11000,1,0,1,delivery,12:45,0,0,0.0,Dân cư đông,Bánh mì,Phường Tân Sơn Nhất
L08438,R035,2026-06-20,Bánh mì xíu mại,22000,55,10000,1,0,1,delivery,12:30,0,0,0.0,Dân cư đông,Bánh mì,Phường Tân Sơn Nhất
L08439,R035,2026-06-20,Bánh mì thịt nguội,20000,57,9000,1,0,1,delivery,12:30,0,0,0.0,Dân cư đông,Bánh mì,Phường Tân Sơn Nhất
L08440,R035,2026-06-20,Bánh mì trứng,34000,51,17000,1,0,1,delivery,12:30,0,0,0.0,Dân cư đông,Bánh mì,Phường Tân Sơn Nhất
L08441,R035,2026-06-20,Bánh mì gà,23000,57,10000,1,0,1,delivery,12:45,0,0,0.0,Dân cư đông,Bánh mì,Phường Tân Sơn Nhất
L08442,R036,2026-06-20,Bún bò Huế đặc biệt,44000,40,26000,5,3,2,pickup,14:15,78000,54000,0.6,Sinh viên,Bún bò,Phường Phước Long
L08443,R036,2026-06-20,Bún bò viên,39000,37,25000,4,2,2,delivery,14:00,50000,28000,0.5,Sinh viên,Bún bò,Phường Phước Long
L08444,R036,2026-06-20,Bún bò thập cẩm,56000,33,38000,4,1,3,delivery,14:30,38000,18000,0.25,Sinh viên,Bún bò,Phường Phước Long
L08445,R037,2026-06-20,Bún bò Huế đặc biệt,51000,39,31000,6,3,3,delivery,15:45,93000,60000,0.5,Trung tâm,Bún bò,Phường Tân Định
L08446,R038,2026-06-20,Bún bò Huế đặc biệt,59000,52,28000,2,1,1,pickup,17:30,28000,31000,0.5,Công nhân,Bún bò,Phường Thuận Giao
L08447,R038,2026-06-20,Bún bò gân,56000,49,29000,1,0,1,pickup,17:00,0,0,0.0,Công nhân,Bún bò,Phường Thuận Giao
L08448,R039,2026-06-20,Bún riêu cua đồng,46000,59,19000,18,14,4,delivery,09:45,266000,378000,0.778,Công nhân,Bún riêu,Phường Đông Hòa
L08449,R040,2026-06-20,Bún bò viên,45000,59,18000,1,0,1,delivery,14:00,0,0,0.0,Sinh viên,Bún bò,Phường Bình Trưng
L08450,R041,2026-06-20,Phở bò chín,53000,47,28000,4,2,2,delivery,15:45,56000,50000,0.5,Công nhân,Phở,Phường Tân Khánh
L08451,R041,2026-06-20,Phở gà,49000,47,26000,3,2,1,delivery,15:30,52000,46000,0.667,Công nhân,Phở,Phường Tân Khánh
L08452,R042,2026-06-20,Cơm tấm đặc biệt,45000,53,21000,3,2,1,pickup,11:00,42000,48000,0.667,Trung tâm,Cơm tấm,Phường Tân Định
L08453,R042,2026-06-20,Cơm tấm sườn nướng,37000,59,15000,3,2,1,delivery,11:15,30000,44000,0.667,Trung tâm,Cơm tấm,Phường Tân Định
L08454,R042,2026-06-20,Cơm tấm sườn bì chả,32000,60,13000,3,2,1,pickup,11:30,26000,38000,0.667,Trung tâm,Cơm tấm,Phường Tân Định
L08455,R043,2026-06-20,Cơm sườn đậu hũ,42000,54,19000,2,1,1,pickup,16:15,19000,23000,0.5,Dân cư đông,Cơm văn phòng,Phường Bảy Hiền
L08456,R043,2026-06-20,Cơm canh chua,35000,59,14000,3,2,1,pickup,16:00,28000,42000,0.667,Dân cư đông,Cơm văn phòng,Phường Bảy Hiền
L08457,R043,2026-06-20,Cơm gà luộc,36000,54,17000,3,2,1,pickup,16:45,34000,38000,0.667,Dân cư đông,Cơm văn phòng,Phường Bảy Hiền
L08458,R043,2026-06-20,Cơm thịt kho trứng,31000,55,14000,3,2,1,pickup,16:30,28000,34000,0.667,Dân cư đông,Cơm văn phòng,Phường Bảy Hiền
L08459,R043,2026-06-20,Cơm gà xối mỡ,45000,60,18000,3,2,1,pickup,16:30,36000,54000,0.667,Dân cư đông,Cơm văn phòng,Phường Bảy Hiền
L08460,R044,2026-06-20,Hủ tiếu thập cẩm,49000,45,27000,2,1,1,delivery,13:30,27000,22000,0.5,Sinh viên,Hủ tiếu,Phường Tam Bình
L08461,R044,2026-06-20,Hủ tiếu Nam Vang,48000,46,26000,3,1,2,delivery,13:45,26000,22000,0.333,Sinh viên,Hủ tiếu,Phường Tam Bình
L08462,R044,2026-06-20,Hủ tiếu bò kho,46000,45,25000,3,2,1,pickup,13:30,50000,42000,0.667,Sinh viên,Hủ tiếu,Phường Tam Bình
L08463,R045,2026-06-20,Bún bò giò heo,42000,41,25000,4,3,1,pickup,17:15,75000,51000,0.75,Công nhân,Bún bò,Phường Thuận An
L08464,R045,2026-06-20,Bún bò viên,55000,43,31000,4,2,2,pickup,17:15,62000,48000,0.5,Công nhân,Bún bò,Phường Thuận An
L08465,R045,2026-06-20,Bún bò thập cẩm,57000,39,35000,4,2,2,pickup,17:15,70000,44000,0.5,Công nhân,Bún bò,Phường Thuận An
L08466,R046,2026-06-20,Bánh mì gà,19000,58,8000,3,2,1,pickup,13:30,16000,22000,0.667,Sinh viên,Bánh mì,Phường Cát Lái
L08467,R046,2026-06-20,Bánh mì chả lụa,25000,49,13000,3,2,1,pickup,13:00,26000,24000,0.667,Sinh viên,Bánh mì,Phường Cát Lái
L08468,R046,2026-06-20,Bánh mì thịt nguội,20000,52,10000,3,2,1,pickup,13:30,20000,20000,0.667,Sinh viên,Bánh mì,Phường Cát Lái
L08469,R046,2026-06-20,Bánh mì trứng,21000,52,10000,3,2,1,pickup,13:30,20000,22000,0.667,Sinh viên,Bánh mì,Phường Cát Lái
L08470,R046,2026-06-20,Bánh mì xíu mại,27000,58,11000,3,2,1,pickup,13:30,22000,32000,0.667,Sinh viên,Bánh mì,Phường Cát Lái
L08471,R047,2026-06-20,Bún bò gân,37000,46,20000,22,16,6,delivery,17:15,320000,272000,0.727,Công nhân,Bún bò,Phường Tân Khánh
L08472,R048,2026-06-20,Bánh mì gà,32000,58,13000,4,3,1,delivery,18:30,39000,57000,0.75,Công nhân,Bánh mì,Phường An Phú
L08473,R048,2026-06-20,Bánh mì thịt nguội,31000,58,13000,3,2,1,delivery,18:00,26000,36000,0.667,Công nhân,Bánh mì,Phường An Phú
L08474,R049,2026-06-20,Phở bò viên,51000,37,32000,1,0,1,delivery,12:15,0,0,0.0,Sinh viên,Phở,Phường Thủ Đức
L08475,R049,2026-06-20,Phở bò tái,48000,43,27000,1,0,1,pickup,12:30,0,0,0.0,Sinh viên,Phở,Phường Thủ Đức
L08476,R049,2026-06-20,Phở bò tái nạm,52000,44,29000,1,0,1,delivery,12:30,0,0,0.0,Sinh viên,Phở,Phường Thủ Đức
L08477,R049,2026-06-20,Phở gà,56000,36,36000,1,0,1,delivery,12:30,0,0,0.0,Sinh viên,Phở,Phường Thủ Đức
L08478,R050,2026-06-20,Bánh mì thịt nguội,21000,45,12000,1,0,1,pickup,17:30,0,0,0.0,Ngoại ô,Bánh mì,Xã Hưng Long
L08479,R051,2026-06-20,Hủ tiếu Nam Vang,38000,49,19000,6,3,3,delivery,13:30,57000,57000,0.5,Dân cư đông,Hủ tiếu,Phường Hạnh Thông
L08480,R052,2026-06-20,Cơm tấm sườn nướng,40000,40,24000,3,1,2,delivery,18:30,24000,16000,0.333,Dân cư đông,Cơm tấm,Phường Xóm Chiếu
L08481,R052,2026-06-20,Cơm tấm sườn bì chả,37000,42,21000,5,3,2,delivery,18:30,63000,48000,0.6,Dân cư đông,Cơm tấm,Phường Xóm Chiếu
L08482,R052,2026-06-20,Cơm tấm bì,35000,38,22000,4,2,2,delivery,18:45,44000,26000,0.5,Dân cư đông,Cơm tấm,Phường Xóm Chiếu
L08483,R053,2026-06-20,Bánh mì xíu mại,28000,60,11000,3,2,1,delivery,17:30,22000,34000,0.667,Dân cư đông,Bánh mì,Phường Gia Định
L08484,R053,2026-06-20,Bánh mì gà,20000,60,8000,3,2,1,delivery,17:45,16000,24000,0.667,Dân cư đông,Bánh mì,Phường Gia Định
L08485,R053,2026-06-20,Bánh mì thịt nguội,28000,55,13000,4,3,1,delivery,17:00,39000,45000,0.75,Dân cư đông,Bánh mì,Phường Gia Định
L08486,R053,2026-06-20,Bánh mì trứng,22000,59,9000,4,3,1,delivery,17:15,27000,39000,0.75,Dân cư đông,Bánh mì,Phường Gia Định
L08487,R053,2026-06-20,Bánh mì chả lụa,30000,55,13000,3,2,1,pickup,17:00,26000,34000,0.667,Dân cư đông,Bánh mì,Phường Gia Định
L08488,R054,2026-06-20,Bánh mì chả lụa,22000,51,11000,4,3,1,pickup,11:45,33000,33000,0.75,Công nhân,Bánh mì,Phường Bình Hòa
L08489,R054,2026-06-20,Bánh mì xíu mại,30000,52,14000,4,2,2,pickup,11:45,28000,32000,0.5,Công nhân,Bánh mì,Phường Bình Hòa
L08490,R054,2026-06-20,Bánh mì gà,23000,49,12000,4,2,2,delivery,11:45,24000,22000,0.5,Công nhân,Bánh mì,Phường Bình Hòa
L08491,R054,2026-06-20,Bánh mì thịt nguội,24000,58,10000,3,2,1,pickup,11:30,20000,28000,0.667,Công nhân,Bánh mì,Phường Bình Hòa
L08492,R055,2026-06-20,Cơm tấm đặc biệt,35000,56,15000,2,1,1,delivery,12:45,15000,20000,0.5,Dân cư đông,Cơm tấm,Phường Thông Tây Hội
L08493,R055,2026-06-20,Cơm tấm sườn bì chả,44000,59,18000,2,1,1,delivery,12:45,18000,26000,0.5,Dân cư đông,Cơm tấm,Phường Thông Tây Hội
L08494,R055,2026-06-20,Cơm tấm bì,37000,60,15000,2,1,1,delivery,12:45,15000,22000,0.5,Dân cư đông,Cơm tấm,Phường Thông Tây Hội
L08495,R055,2026-06-20,Cơm tấm sườn nướng,36000,58,15000,1,0,1,pickup,12:30,0,0,0.0,Dân cư đông,Cơm tấm,Phường Thông Tây Hội
L08496,R055,2026-06-20,Cơm tấm sườn trứng,49000,60,20000,2,1,1,pickup,12:45,20000,29000,0.5,Dân cư đông,Cơm tấm,Phường Thông Tây Hội
L08497,R056,2026-06-20,Hủ tiếu mì,46000,37,29000,4,2,2,pickup,17:00,58000,34000,0.5,Trung tâm,Hủ tiếu,Phường Nhiêu Lộc
L08498,R056,2026-06-20,Hủ tiếu sa tế,54000,38,33000,4,1,3,delivery,17:15,33000,21000,0.25,Trung tâm,Hủ tiếu,Phường Nhiêu Lộc
L08499,R057,2026-06-20,Bún bò viên,60000,45,33000,1,0,1,pickup,18:45,0,0,0.0,Sinh viên,Bún bò,Phường Bình Trưng
L08500,R057,2026-06-20,Bún bò giò heo,59000,49,30000,1,0,1,pickup,18:00,0,0,0.0,Sinh viên,Bún bò,Phường Bình Trưng
L08501,R058,2026-06-20,Bánh mì thịt nguội,21000,35,14000,1,0,1,pickup,19:15,0,0,0.0,Trung tâm,Bánh mì,Phường Cầu Kiệu
L08502,R058,2026-06-20,Bánh mì chả lụa,25000,35,16000,1,0,1,pickup,19:45,0,0,0.0,Trung tâm,Bánh mì,Phường Cầu Kiệu
L08503,R058,2026-06-20,Bánh mì gà,21000,34,14000,1,0,1,pickup,19:15,0,0,0.0,Trung tâm,Bánh mì,Phường Cầu Kiệu
L08504,R058,2026-06-20,Bánh mì trứng,23000,35,15000,1,0,1,pickup,19:00,0,0,0.0,Trung tâm,Bánh mì,Phường Cầu Kiệu
L08505,R059,2026-06-20,Cơm tấm sườn trứng,34000,31,23000,1,0,1,pickup,14:30,0,0,0.0,Sinh viên,Cơm tấm,Phường Tam Bình
L08506,R059,2026-06-20,Cơm tấm sườn bì chả,48000,34,32000,2,1,1,delivery,14:30,32000,16000,0.5,Sinh viên,Cơm tấm,Phường Tam Bình
L08507,R060,2026-06-20,Phở bò viên,43000,60,17000,2,1,1,pickup,10:30,17000,26000,0.5,Công nhân,Phở,Phường Tân Đông Hiệp
L08508,R061,2026-06-20,Cơm tấm sườn bì chả,42000,46,23000,4,3,1,delivery,15:45,69000,57000,0.75,Sinh viên,Cơm tấm,Phường Tam Bình
L08509,R061,2026-06-20,Cơm tấm sườn trứng,35000,46,19000,3,1,2,delivery,15:15,19000,16000,0.333,Sinh viên,Cơm tấm,Phường Tam Bình
L08510,R062,2026-06-20,Phở gà,49000,34,32000,1,0,1,delivery,10:30,0,0,0.0,Dân cư đông,Phở,Phường Hạnh Thông
L08511,R062,2026-06-20,Phở bò tái,43000,37,27000,1,0,1,delivery,10:45,0,0,0.0,Dân cư đông,Phở,Phường Hạnh Thông
L08512,R062,2026-06-20,Phở bò viên,52000,37,33000,1,0,1,delivery,10:00,0,0,0.0,Dân cư đông,Phở,Phường Hạnh Thông
L08513,R062,2026-06-20,Phở bò chín,50000,30,35000,1,0,1,delivery,10:45,0,0,0.0,Dân cư đông,Phở,Phường Hạnh Thông
L08514,R062,2026-06-20,Phở bò tái nạm,43000,34,28000,1,0,1,delivery,10:00,0,0,0.0,Dân cư đông,Phở,Phường Hạnh Thông
L08515,R063,2026-06-20,Hủ tiếu bò kho,46000,46,25000,4,2,2,delivery,19:00,50000,42000,0.5,Công nhân,Hủ tiếu,Phường Thuận Giao
L08516,R063,2026-06-20,Hủ tiếu thập cẩm,51000,45,28000,5,2,3,delivery,19:45,56000,46000,0.4,Công nhân,Hủ tiếu,Phường Thuận Giao
L08517,R063,2026-06-20,Hủ tiếu sa tế,38000,45,21000,4,2,2,delivery,19:45,42000,34000,0.5,Công nhân,Hủ tiếu,Phường Thuận Giao
L08518,R064,2026-06-20,Bún bò giò heo,42000,43,24000,3,1,2,pickup,10:30,24000,18000,0.333,Sinh viên,Bún bò,Phường Tăng Nhơn Phú
L08519,R064,2026-06-20,Bún bò thập cẩm,42000,41,25000,3,1,2,pickup,10:00,25000,17000,0.333,Sinh viên,Bún bò,Phường Tăng Nhơn Phú
L08520,R064,2026-06-20,Bún bò Huế đặc biệt,43000,42,25000,3,1,2,delivery,10:30,25000,18000,0.333,Sinh viên,Bún bò,Phường Tăng Nhơn Phú
L08521,R065,2026-06-20,Cơm tấm sườn bì chả,49000,57,21000,2,1,1,pickup,19:00,21000,28000,0.5,Công nhân,Cơm tấm,Phường Đông Hòa
L08522,R065,2026-06-20,Cơm tấm bì,48000,51,24000,2,1,1,pickup,19:15,24000,24000,0.5,Công nhân,Cơm tấm,Phường Đông Hòa
L08523,R065,2026-06-20,Cơm tấm sườn trứng,43000,58,18000,2,1,1,pickup,19:45,18000,25000,0.5,Công nhân,Cơm tấm,Phường Đông Hòa
L08524,R066,2026-06-20,Cơm sườn đậu hũ,31000,58,13000,4,2,2,pickup,09:15,26000,36000,0.5,Sinh viên,Cơm văn phòng,Phường An Khánh
L08525,R066,2026-06-20,Cơm gà luộc,46000,58,19000,5,4,1,pickup,09:00,76000,108000,0.8,Sinh viên,Cơm văn phòng,Phường An Khánh
L08526,R066,2026-06-20,Cơm canh chua,29000,58,12000,4,3,1,pickup,09:15,36000,51000,0.75,Sinh viên,Cơm văn phòng,Phường An Khánh
L08527,R067,2026-06-20,Cơm sườn đậu hũ,38000,50,19000,1,0,1,delivery,19:30,0,0,0.0,Dân cư đông,Cơm văn phòng,Phường An Hội Đông
L08528,R067,2026-06-20,Cơm thịt kho trứng,27000,47,14000,1,0,1,delivery,19:45,0,0,0.0,Dân cư đông,Cơm văn phòng,Phường An Hội Đông
L08529,R067,2026-06-20,Cơm canh chua,30000,50,15000,1,0,1,pickup,19:00,0,0,0.0,Dân cư đông,Cơm văn phòng,Phường An Hội Đông
L08530,R067,2026-06-20,Cơm gà xối mỡ,37000,51,18000,1,0,1,pickup,19:15,0,0,0.0,Dân cư đông,Cơm văn phòng,Phường An Hội Đông
L08531,R067,2026-06-20,Cơm gà luộc,36000,46,19000,1,0,1,pickup,19:45,0,0,0.0,Dân cư đông,Cơm văn phòng,Phường An Hội Đông
L08532,R068,2026-06-20,Bún riêu cua đồng,53000,34,35000,1,0,1,delivery,19:00,0,0,0.0,Trung tâm,Bún riêu,Phường Xuân Hòa
L08533,R068,2026-06-20,Bún riêu thập cẩm,43000,34,28000,1,0,1,delivery,19:30,0,0,0.0,Trung tâm,Bún riêu,Phường Xuân Hòa
L08534,R068,2026-06-20,Bún riêu cua,35000,32,24000,1,0,1,delivery,19:00,0,0,0.0,Trung tâm,Bún riêu,Phường Xuân Hòa
L08535,R069,2026-06-20,Bánh mì chả lụa,17000,50,8000,1,0,1,delivery,20:30,0,0,0.0,Ngoại ô,Bánh mì,Xã Xuân Thới Sơn
L08536,R069,2026-06-20,Bánh mì xíu mại,31000,47,16000,1,0,1,delivery,20:15,0,0,0.0,Ngoại ô,Bánh mì,Xã Xuân Thới Sơn
L08537,R069,2026-06-20,Bánh mì gà,34000,43,19000,1,0,1,delivery,20:15,0,0,0.0,Ngoại ô,Bánh mì,Xã Xuân Thới Sơn
L08538,R070,2026-06-20,Hủ tiếu Nam Vang,48000,55,22000,1,0,1,pickup,19:30,0,0,0.0,Dân cư đông,Hủ tiếu,Phường Gò Vấp
L08539,R070,2026-06-20,Hủ tiếu mì,55000,56,24000,1,0,1,delivery,19:00,0,0,0.0,Dân cư đông,Hủ tiếu,Phường Gò Vấp
L08540,R070,2026-06-20,Hủ tiếu sa tế,44000,60,18000,1,0,1,delivery,19:30,0,0,0.0,Dân cư đông,Hủ tiếu,Phường Gò Vấp
L08541,R070,2026-06-20,Hủ tiếu bò kho,53000,60,21000,1,0,1,delivery,19:30,0,0,0.0,Dân cư đông,Hủ tiếu,Phường Gò Vấp
L08542,R071,2026-06-20,Cơm tấm bì,37000,36,24000,4,1,3,pickup,11:15,24000,13000,0.25,Sinh viên,Cơm tấm,Phường Bình Trưng
L08543,R071,2026-06-20,Cơm tấm sườn bì chả,35000,35,23000,4,2,2,delivery,11:00,46000,24000,0.5,Sinh viên,Cơm tấm,Phường Bình Trưng
L08544,R071,2026-06-20,Cơm tấm đặc biệt,36000,37,23000,4,2,2,pickup,11:15,46000,26000,0.5,Sinh viên,Cơm tấm,Phường Bình Trưng
L08545,R071,2026-06-20,Cơm tấm sườn trứng,34000,30,24000,3,1,2,delivery,11:15,24000,10000,0.333,Sinh viên,Cơm tấm,Phường Bình Trưng
L08546,R071,2026-06-20,Cơm tấm sườn nướng,39000,33,26000,4,2,2,delivery,11:30,52000,26000,0.5,Sinh viên,Cơm tấm,Phường Bình Trưng
L08547,R072,2026-06-20,Cơm canh chua,46000,51,23000,4,3,1,delivery,14:15,69000,69000,0.75,Trung tâm,Cơm văn phòng,Phường Bến Thành
L08548,R072,2026-06-20,Cơm sườn đậu hũ,50000,51,24000,5,4,1,delivery,14:45,96000,104000,0.8,Trung tâm,Cơm văn phòng,Phường Bến Thành
L08549,R073,2026-06-20,Bánh mì gà,28000,42,16000,2,1,1,pickup,16:15,16000,12000,0.5,Dân cư đông,Bánh mì,Phường Vĩnh Hội
L08550,R073,2026-06-20,Bánh mì chả lụa,27000,43,15000,2,1,1,pickup,16:15,15000,12000,0.5,Dân cư đông,Bánh mì,Phường Vĩnh Hội
L08551,R074,2026-06-20,Cơm gà luộc,36000,30,25000,2,1,1,pickup,17:15,25000,11000,0.5,Dân cư đông,Cơm văn phòng,Phường Bình Lợi Trung
L08552,R074,2026-06-20,Cơm canh chua,30000,30,21000,2,0,2,pickup,17:00,0,0,0.0,Dân cư đông,Cơm văn phòng,Phường Bình Lợi Trung
L08553,R074,2026-06-20,Cơm thịt kho trứng,47000,30,33000,2,0,2,pickup,17:45,0,0,0.0,Dân cư đông,Cơm văn phòng,Phường Bình Lợi Trung
L08554,R074,2026-06-20,Cơm gà xối mỡ,39000,32,27000,2,0,2,pickup,17:00,0,0,0.0,Dân cư đông,Cơm văn phòng,Phường Bình Lợi Trung
L08555,R074,2026-06-20,Cơm sườn đậu hũ,38000,30,27000,1,0,1,pickup,17:00,0,0,0.0,Dân cư đông,Cơm văn phòng,Phường Bình Lợi Trung
L08556,R075,2026-06-20,Cơm tấm sườn nướng,35000,53,16000,4,3,1,pickup,15:30,48000,57000,0.75,Dân cư đông,Cơm tấm,Phường Vĩnh Hội
L08557,R075,2026-06-20,Cơm tấm đặc biệt,33000,52,16000,3,2,1,delivery,15:30,32000,34000,0.667,Dân cư đông,Cơm tấm,Phường Vĩnh Hội
L08558,R075,2026-06-20,Cơm tấm sườn trứng,30000,48,16000,3,1,2,delivery,15:00,16000,14000,0.333,Dân cư đông,Cơm tấm,Phường Vĩnh Hội
L08559,R076,2026-06-20,Phở bò viên,46000,39,28000,5,2,3,pickup,12:45,56000,36000,0.4,Dân cư đông,Phở,Phường An Nhơn
L08560,R076,2026-06-20,Phở bò chín,50000,39,30000,6,3,3,pickup,12:30,90000,60000,0.5,Dân cư đông,Phở,Phường An Nhơn
L08561,R076,2026-06-20,Phở bò tái,49000,45,27000,5,2,3,pickup,12:30,54000,44000,0.4,Dân cư đông,Phở,Phường An Nhơn
L08562,R077,2026-06-20,Cơm tấm đặc biệt,35000,46,19000,2,1,1,delivery,14:15,19000,16000,0.5,Trung tâm,Cơm tấm,Phường Xuân Hòa
L08563,R077,2026-06-20,Cơm tấm sườn trứng,31000,39,19000,3,1,2,delivery,14:15,19000,12000,0.333,Trung tâm,Cơm tấm,Phường Xuân Hòa
L08564,R077,2026-06-20,Cơm tấm sườn nướng,35000,49,18000,2,1,1,pickup,14:45,18000,17000,0.5,Trung tâm,Cơm tấm,Phường Xuân Hòa
L08565,R078,2026-06-20,Bún riêu cua đồng,33000,43,19000,2,1,1,pickup,13:15,19000,14000,0.5,Công nhân,Bún riêu,Phường Tân Đông Hiệp
L08566,R078,2026-06-20,Bún riêu cua,42000,41,25000,2,1,1,delivery,13:00,25000,17000,0.5,Công nhân,Bún riêu,Phường Tân Đông Hiệp
L08567,R078,2026-06-20,Bún riêu thập cẩm,42000,41,25000,2,1,1,pickup,13:30,25000,17000,0.5,Công nhân,Bún riêu,Phường Tân Đông Hiệp
L08568,R078,2026-06-20,Bún riêu cua mọc,43000,38,27000,2,1,1,pickup,13:30,27000,16000,0.5,Công nhân,Bún riêu,Phường Tân Đông Hiệp
L08569,R079,2026-06-20,Cơm tấm sườn trứng,38000,40,23000,8,5,3,delivery,16:00,115000,75000,0.625,Sinh viên,Cơm tấm,Phường Bình Trưng
L08570,R080,2026-06-20,Cơm tấm bì,28000,48,15000,2,1,1,delivery,09:00,15000,13000,0.5,Dân cư đông,Cơm tấm,Phường An Hội Đông
L08571,R080,2026-06-20,Cơm tấm sườn bì chả,48000,45,26000,1,0,1,delivery,09:15,0,0,0.0,Dân cư đông,Cơm tấm,Phường An Hội Đông
L08572,R080,2026-06-20,Cơm tấm sườn trứng,42000,42,24000,1,0,1,delivery,09:30,0,0,0.0,Dân cư đông,Cơm tấm,Phường An Hội Đông
L08573,R080,2026-06-20,Cơm tấm đặc biệt,29000,45,16000,2,1,1,pickup,09:15,16000,13000,0.5,Dân cư đông,Cơm tấm,Phường An Hội Đông
L08574,R080,2026-06-20,Cơm tấm sườn nướng,34000,41,20000,2,1,1,delivery,09:15,20000,14000,0.5,Dân cư đông,Cơm tấm,Phường An Hội Đông
L08575,R081,2026-06-20,Bún riêu cua,42000,50,21000,3,2,1,pickup,09:45,42000,42000,0.667,Công nhân,Bún riêu,Phường Đông Hòa
L08576,R081,2026-06-20,Bún riêu cua mọc,48000,52,23000,4,3,1,pickup,09:30,69000,75000,0.75,Công nhân,Bún riêu,Phường Đông Hòa
L08577,R081,2026-06-20,Bún riêu cua đồng,40000,55,18000,3,2,1,pickup,09:30,36000,44000,0.667,Công nhân,Bún riêu,Phường Đông Hòa
L08578,R081,2026-06-20,Bún riêu thập cẩm,45000,59,18000,3,2,1,pickup,09:00,36000,54000,0.667,Công nhân,Bún riêu,Phường Đông Hòa
L08579,R082,2026-06-20,Hủ tiếu sa tế,61000,49,31000,10,5,5,delivery,19:00,155000,150000,0.5,Sinh viên,Hủ tiếu,Phường Tăng Nhơn Phú
L08580,R082,2026-06-20,Hủ tiếu thập cẩm,44000,55,20000,10,7,3,pickup,19:00,140000,168000,0.7,Sinh viên,Hủ tiếu,Phường Tăng Nhơn Phú
L08581,R083,2026-06-20,Cơm tấm đặc biệt,29000,30,20000,1,0,1,delivery,14:30,0,0,0.0,Trung tâm,Cơm tấm,Phường Sài Gòn
L08582,R083,2026-06-20,Cơm tấm sườn trứng,34000,34,22000,2,0,2,pickup,14:00,0,0,0.0,Trung tâm,Cơm tấm,Phường Sài Gòn
L08583,R083,2026-06-20,Cơm tấm bì,40000,32,27000,2,1,1,pickup,14:45,27000,13000,0.5,Trung tâm,Cơm tấm,Phường Sài Gòn
L08584,R084,2026-06-20,Bún riêu cua mọc,30000,43,17000,1,0,1,pickup,18:30,0,0,0.0,Sinh viên,Bún riêu,Phường Hiệp Bình
L08585,R085,2026-06-20,Bánh mì gà,30000,60,12000,13,11,2,pickup,20:00,132000,198000,0.846,Sinh viên,Bánh mì,Phường Tăng Nhơn Phú
L08586,R086,2026-06-20,Phở bò tái,59000,57,25000,1,0,1,delivery,10:45,0,0,0.0,Dân cư đông,Phở,Phường Tân Sơn Nhất
L08587,R086,2026-06-20,Phở bò viên,42000,56,18000,1,0,1,delivery,10:15,0,0,0.0,Dân cư đông,Phở,Phường Tân Sơn Nhất
L08588,R086,2026-06-20,Phở gà,39000,54,18000,1,0,1,delivery,10:15,0,0,0.0,Dân cư đông,Phở,Phường Tân Sơn Nhất
L08589,R086,2026-06-20,Phở bò tái nạm,43000,51,21000,1,0,1,delivery,10:15,0,0,0.0,Dân cư đông,Phở,Phường Tân Sơn Nhất
L08590,R086,2026-06-20,Phở bò chín,42000,51,21000,1,0,1,delivery,10:45,0,0,0.0,Dân cư đông,Phở,Phường Tân Sơn Nhất
L08591,R087,2026-06-20,Phở bò chín,55000,32,37000,14,5,9,pickup,13:00,185000,90000,0.357,Công nhân,Phở,Phường Thuận An
L08592,R087,2026-06-20,Phở bò tái nạm,47000,30,33000,13,6,7,pickup,13:15,198000,84000,0.462,Công nhân,Phở,Phường Thuận An
L08593,R088,2026-06-20,Cơm tấm sườn bì chả,37000,59,15000,2,1,1,pickup,09:00,15000,22000,0.5,Dân cư đông,Cơm tấm,Phường Gò Vấp
L08594,R088,2026-06-20,Cơm tấm bì,35000,60,14000,3,2,1,delivery,09:00,28000,42000,0.667,Dân cư đông,Cơm tấm,Phường Gò Vấp
L08595,R088,2026-06-20,Cơm tấm sườn nướng,37000,56,16000,2,1,1,delivery,09:30,16000,21000,0.5,Dân cư đông,Cơm tấm,Phường Gò Vấp
L08596,R088,2026-06-20,Cơm tấm sườn trứng,27000,55,12000,2,1,1,delivery,09:00,12000,15000,0.5,Dân cư đông,Cơm tấm,Phường Gò Vấp
L08597,R088,2026-06-20,Cơm tấm đặc biệt,37000,58,16000,3,2,1,delivery,09:00,32000,42000,0.667,Dân cư đông,Cơm tấm,Phường Gò Vấp
L08598,R089,2026-06-20,Hủ tiếu Nam Vang,45000,38,28000,1,0,1,delivery,15:45,0,0,0.0,Công nhân,Hủ tiếu,Phường Đông Hòa
L08599,R089,2026-06-20,Hủ tiếu thập cẩm,56000,39,34000,1,0,1,pickup,15:15,0,0,0.0,Công nhân,Hủ tiếu,Phường Đông Hòa
L08600,R089,2026-06-20,Hủ tiếu mì,46000,34,30000,1,0,1,pickup,15:00,0,0,0.0,Công nhân,Hủ tiếu,Phường Đông Hòa
L08601,R089,2026-06-20,Hủ tiếu sa tế,48000,32,33000,1,0,1,delivery,15:15,0,0,0.0,Công nhân,Hủ tiếu,Phường Đông Hòa
L08602,R090,2026-06-20,Hủ tiếu sa tế,56000,37,35000,13,5,8,delivery,09:00,175000,105000,0.385,Sinh viên,Hủ tiếu,Phường Thủ Đức
L08603,R091,2026-06-20,Bánh mì xíu mại,28000,54,13000,2,1,1,delivery,12:30,13000,15000,0.5,Dân cư đông,Bánh mì,Phường Xóm Chiếu
L08604,R092,2026-06-20,Cơm tấm đặc biệt,46000,36,29000,3,1,2,delivery,17:30,29000,17000,0.333,Dân cư đông,Cơm tấm,Phường Gia Định
L08605,R092,2026-06-20,Cơm tấm sườn bì chả,34000,36,22000,3,1,2,delivery,17:30,22000,12000,0.333,Dân cư đông,Cơm tấm,Phường Gia Định
L08606,R092,2026-06-20,Cơm tấm sườn nướng,36000,36,23000,2,1,1,delivery,17:45,23000,13000,0.5,Dân cư đông,Cơm tấm,Phường Gia Định
L08607,R092,2026-06-20,Cơm tấm sườn trứng,29000,32,20000,2,0,2,pickup,17:15,0,0,0.0,Dân cư đông,Cơm tấm,Phường Gia Định
L08608,R092,2026-06-20,Cơm tấm bì,33000,37,21000,2,1,1,pickup,17:30,21000,12000,0.5,Dân cư đông,Cơm tấm,Phường Gia Định
L08609,R093,2026-06-20,Phở bò chín,47000,39,29000,6,2,4,pickup,09:30,58000,36000,0.333,Công nhân,Phở,Phường Tân Đông Hiệp
L08610,R093,2026-06-20,Phở bò tái nạm,39000,38,24000,4,1,3,pickup,09:00,24000,15000,0.25,Công nhân,Phở,Phường Tân Đông Hiệp
L08611,R093,2026-06-20,Phở bò tái,46000,32,31000,5,1,4,delivery,09:30,31000,15000,0.2,Công nhân,Phở,Phường Tân Đông Hiệp
L08612,R093,2026-06-20,Phở gà,41000,38,25000,6,2,4,pickup,09:45,50000,32000,0.333,Công nhân,Phở,Phường Tân Đông Hiệp
L08613,R094,2026-06-20,Hủ tiếu thập cẩm,50000,50,25000,9,8,1,delivery,12:30,200000,200000,0.889,Dân cư đông,Hủ tiếu,Phường Bình Lợi Trung
L08614,R095,2026-06-20,Cơm tấm đặc biệt,51000,58,21000,2,1,1,delivery,14:15,21000,30000,0.5,Công nhân,Cơm tấm,Phường Lái Thiêu
L08615,R095,2026-06-20,Cơm tấm sườn nướng,37000,56,16000,2,1,1,delivery,14:30,16000,21000,0.5,Công nhân,Cơm tấm,Phường Lái Thiêu
L08616,R095,2026-06-20,Cơm tấm sườn trứng,37000,55,17000,2,1,1,pickup,14:45,17000,20000,0.5,Công nhân,Cơm tấm,Phường Lái Thiêu
L08617,R095,2026-06-20,Cơm tấm sườn bì chả,35000,59,14000,2,1,1,delivery,14:00,14000,21000,0.5,Công nhân,Cơm tấm,Phường Lái Thiêu
L08618,R096,2026-06-20,Cơm sườn đậu hũ,35000,39,21000,8,3,5,pickup,14:45,63000,42000,0.375,Công nhân,Cơm văn phòng,Phường Lái Thiêu
L08619,R096,2026-06-20,Cơm gà xối mỡ,26000,46,14000,10,5,5,pickup,14:00,70000,60000,0.5,Công nhân,Cơm văn phòng,Phường Lái Thiêu
L08620,R097,2026-06-20,Hủ tiếu Nam Vang,55000,55,25000,3,2,1,pickup,20:00,50000,60000,0.667,Công nhân,Hủ tiếu,Phường Tân Đông Hiệp
L08621,R097,2026-06-20,Hủ tiếu bò kho,40000,51,20000,3,1,2,pickup,20:45,20000,20000,0.333,Công nhân,Hủ tiếu,Phường Tân Đông Hiệp
L08622,R097,2026-06-20,Hủ tiếu thập cẩm,43000,50,22000,2,1,1,pickup,20:30,22000,21000,0.5,Công nhân,Hủ tiếu,Phường Tân Đông Hiệp
L08623,R098,2026-06-20,Bún riêu cua mọc,43000,41,25000,2,1,1,delivery,16:00,25000,18000,0.5,Trung tâm,Bún riêu,Phường Xuân Hòa
L08624,R099,2026-06-20,Cơm gà xối mỡ,29000,60,12000,1,0,1,pickup,09:00,0,0,0.0,Sinh viên,Cơm văn phòng,Phường An Khánh
L08625,R099,2026-06-20,Cơm thịt kho trứng,34000,60,14000,1,0,1,pickup,09:45,0,0,0.0,Sinh viên,Cơm văn phòng,Phường An Khánh
L08626,R099,2026-06-20,Cơm canh chua,33000,57,14000,1,0,1,pickup,09:30,0,0,0.0,Sinh viên,Cơm văn phòng,Phường An Khánh
L08627,R099,2026-06-20,Cơm gà luộc,34000,60,14000,1,0,1,pickup,09:30,0,0,0.0,Sinh viên,Cơm văn phòng,Phường An Khánh
L08628,R099,2026-06-20,Cơm sườn đậu hũ,38000,60,15000,1,0,1,pickup,09:45,0,0,0.0,Sinh viên,Cơm văn phòng,Phường An Khánh
L08629,R100,2026-06-20,Hủ tiếu thập cẩm,40000,43,23000,3,1,2,pickup,15:00,23000,17000,0.333,Trung tâm,Hủ tiếu,Phường Tân Định
L08630,R100,2026-06-20,Hủ tiếu Nam Vang,46000,44,26000,3,2,1,pickup,15:45,52000,40000,0.667,Trung tâm,Hủ tiếu,Phường Tân Định
L08631,R101,2026-06-20,Phở gà,55000,30,38000,1,0,1,pickup,09:00,0,0,0.0,Công nhân,Phở,Phường Bình Hòa
L08632,R101,2026-06-20,Phở bò tái,43000,32,29000,1,0,1,pickup,09:15,0,0,0.0,Công nhân,Phở,Phường Bình Hòa
L08633,R101,2026-06-20,Phở bò tái nạm,41000,34,27000,1,0,1,pickup,09:00,0,0,0.0,Công nhân,Phở,Phường Bình Hòa
L08634,R102,2026-06-20,Bún bò giò heo,48000,54,22000,1,0,1,pickup,15:30,0,0,0.0,Sinh viên,Bún bò,Phường Thủ Đức
L08635,R102,2026-06-20,Bún bò Huế đặc biệt,53000,55,24000,2,1,1,delivery,15:45,24000,29000,0.5,Sinh viên,Bún bò,Phường Thủ Đức
L08636,R102,2026-06-20,Bún bò viên,40000,49,20000,1,0,1,delivery,15:00,0,0,0.0,Sinh viên,Bún bò,Phường Thủ Đức
L08637,R102,2026-06-20,Bún bò gân,54000,52,26000,2,1,1,pickup,15:30,26000,28000,0.5,Sinh viên,Bún bò,Phường Thủ Đức
L08638,R103,2026-06-20,Cơm canh chua,48000,37,30000,6,2,4,delivery,11:30,60000,36000,0.333,Công nhân,Cơm văn phòng,Phường Đông Hòa
L08639,R103,2026-06-20,Cơm thịt kho trứng,41000,36,26000,5,2,3,delivery,11:45,52000,30000,0.4,Công nhân,Cơm văn phòng,Phường Đông Hòa
L08640,R103,2026-06-20,Cơm gà xối mỡ,40000,36,26000,5,2,3,pickup,11:30,52000,28000,0.4,Công nhân,Cơm văn phòng,Phường Đông Hòa
L08641,R104,2026-06-20,Bánh mì trứng,33000,48,17000,1,0,1,pickup,19:30,0,0,0.0,Dân cư đông,Bánh mì,Phường Thông Tây Hội
L08642,R104,2026-06-20,Bánh mì thịt nguội,17000,49,9000,1,0,1,pickup,19:00,0,0,0.0,Dân cư đông,Bánh mì,Phường Thông Tây Hội
L08643,R104,2026-06-20,Bánh mì gà,19000,48,10000,1,0,1,pickup,19:30,0,0,0.0,Dân cư đông,Bánh mì,Phường Thông Tây Hội
L08644,R104,2026-06-20,Bánh mì chả lụa,33000,49,17000,1,0,1,pickup,19:15,0,0,0.0,Dân cư đông,Bánh mì,Phường Thông Tây Hội
L08645,R104,2026-06-20,Bánh mì xíu mại,24000,53,11000,1,0,1,pickup,19:30,0,0,0.0,Dân cư đông,Bánh mì,Phường Thông Tây Hội
L08646,R105,2026-06-20,Bánh mì xíu mại,25000,30,18000,5,2,3,pickup,16:00,36000,14000,0.4,Sinh viên,Bánh mì,Phường Tam Bình
L08647,R105,2026-06-20,Bánh mì gà,23000,32,16000,4,1,3,pickup,16:00,16000,7000,0.25,Sinh viên,Bánh mì,Phường Tam Bình
L08648,R106,2026-06-20,Phở bò tái,46000,56,20000,8,7,1,pickup,11:00,140000,182000,0.875,Công nhân,Phở,Phường An Phú
L08649,R106,2026-06-20,Phở gà,43000,60,17000,6,5,1,pickup,11:45,85000,130000,0.833,Công nhân,Phở,Phường An Phú
L08650,R106,2026-06-20,Phở bò viên,44000,55,20000,8,7,1,pickup,11:15,140000,168000,0.875,Công nhân,Phở,Phường An Phú
L08651,R107,2026-06-20,Hủ tiếu thập cẩm,44000,37,28000,14,5,9,delivery,09:30,140000,80000,0.357,Dân cư đông,Hủ tiếu,Phường Gò Vấp
L08652,R108,2026-06-20,Cơm tấm đặc biệt,36000,45,20000,4,2,2,delivery,16:30,40000,32000,0.5,Sinh viên,Cơm tấm,Phường Thủ Đức
L08653,R108,2026-06-20,Cơm tấm bì,36000,54,17000,3,2,1,pickup,16:00,34000,38000,0.667,Sinh viên,Cơm tấm,Phường Thủ Đức
L08654,R108,2026-06-20,Cơm tấm sườn nướng,41000,54,19000,4,3,1,delivery,16:45,57000,66000,0.75,Sinh viên,Cơm tấm,Phường Thủ Đức
L08655,R108,2026-06-20,Cơm tấm sườn bì chả,41000,45,23000,4,2,2,pickup,16:00,46000,36000,0.5,Sinh viên,Cơm tấm,Phường Thủ Đức
L08656,R109,2026-06-20,Hủ tiếu thập cẩm,53000,60,21000,1,0,1,pickup,11:15,0,0,0.0,Trung tâm,Hủ tiếu,Phường Sài Gòn
L08657,R109,2026-06-20,Hủ tiếu mì,46000,56,20000,1,0,1,pickup,11:45,0,0,0.0,Trung tâm,Hủ tiếu,Phường Sài Gòn
L08658,R109,2026-06-20,Hủ tiếu sa tế,53000,58,22000,1,0,1,delivery,11:45,0,0,0.0,Trung tâm,Hủ tiếu,Phường Sài Gòn
L08659,R110,2026-06-20,Phở bò chín,43000,58,18000,4,3,1,pickup,10:15,54000,75000,0.75,Sinh viên,Phở,Phường Hiệp Bình
L08660,R110,2026-06-20,Phở bò viên,58000,60,23000,3,2,1,delivery,10:30,46000,70000,0.667,Sinh viên,Phở,Phường Hiệp Bình
L08661,R111,2026-06-20,Bánh mì xíu mại,17000,54,8000,4,3,1,delivery,09:15,24000,27000,0.75,Sinh viên,Bánh mì,Phường Long Bình
L08662,R112,2026-06-20,Hủ tiếu Nam Vang,52000,54,24000,1,0,1,pickup,11:30,0,0,0.0,Dân cư đông,Hủ tiếu,Phường Gò Vấp
L08663,R112,2026-06-20,Hủ tiếu thập cẩm,53000,54,24000,1,0,1,pickup,11:30,0,0,0.0,Dân cư đông,Hủ tiếu,Phường Gò Vấp
L08664,R112,2026-06-20,Hủ tiếu sa tế,53000,51,26000,1,0,1,pickup,11:15,0,0,0.0,Dân cư đông,Hủ tiếu,Phường Gò Vấp
L08665,R112,2026-06-20,Hủ tiếu bò kho,40000,55,18000,1,0,1,delivery,11:30,0,0,0.0,Dân cư đông,Hủ tiếu,Phường Gò Vấp
L08666,R112,2026-06-20,Hủ tiếu mì,44000,55,20000,1,0,1,delivery,11:30,0,0,0.0,Dân cư đông,Hủ tiếu,Phường Gò Vấp
L08667,R113,2026-06-20,Bánh mì xíu mại,21000,43,12000,1,0,1,delivery,10:30,0,0,0.0,Dân cư đông,Bánh mì,Phường Tân Hòa
L08668,R113,2026-06-20,Bánh mì trứng,27000,45,15000,1,0,1,delivery,10:45,0,0,0.0,Dân cư đông,Bánh mì,Phường Tân Hòa
L08669,R113,2026-06-20,Bánh mì chả lụa,27000,49,14000,1,0,1,delivery,10:15,0,0,0.0,Dân cư đông,Bánh mì,Phường Tân Hòa
L08670,R113,2026-06-20,Bánh mì thịt nguội,17000,52,8000,1,0,1,delivery,10:45,0,0,0.0,Dân cư đông,Bánh mì,Phường Tân Hòa
L08671,R113,2026-06-20,Bánh mì gà,26000,43,15000,1,0,1,delivery,10:15,0,0,0.0,Dân cư đông,Bánh mì,Phường Tân Hòa
L08672,R114,2026-06-20,Cơm canh chua,38000,46,21000,1,0,1,delivery,10:30,0,0,0.0,Công nhân,Cơm văn phòng,Phường Bình Hòa
L08673,R114,2026-06-20,Cơm sườn đậu hũ,33000,43,19000,2,1,1,delivery,10:15,19000,14000,0.5,Công nhân,Cơm văn phòng,Phường Bình Hòa
L08674,R114,2026-06-20,Cơm gà luộc,45000,44,25000,1,0,1,delivery,10:45,0,0,0.0,Công nhân,Cơm văn phòng,Phường Bình Hòa
L08675,R114,2026-06-20,Cơm thịt kho trứng,34000,47,18000,1,0,1,delivery,10:00,0,0,0.0,Công nhân,Cơm văn phòng,Phường Bình Hòa
L08676,R115,2026-06-20,Cơm tấm sườn nướng,30000,40,18000,1,0,1,delivery,14:45,0,0,0.0,Dân cư đông,Cơm tấm,Phường Khánh Hội
L08677,R115,2026-06-20,Cơm tấm đặc biệt,47000,39,29000,1,0,1,delivery,14:00,0,0,0.0,Dân cư đông,Cơm tấm,Phường Khánh Hội
L08678,R116,2026-06-20,Cơm gà xối mỡ,39000,34,26000,2,0,2,delivery,20:15,0,0,0.0,Dân cư đông,Cơm văn phòng,Phường Bình Lợi Trung
L08679,R116,2026-06-20,Cơm sườn đậu hũ,46000,43,26000,2,1,1,delivery,20:30,26000,20000,0.5,Dân cư đông,Cơm văn phòng,Phường Bình Lợi Trung
L08680,R117,2026-06-20,Bánh mì trứng,24000,36,15000,1,0,1,delivery,09:15,0,0,0.0,Sinh viên,Bánh mì,Phường Hiệp Bình
L08681,R117,2026-06-20,Bánh mì thịt nguội,18000,38,11000,1,0,1,delivery,09:45,0,0,0.0,Sinh viên,Bánh mì,Phường Hiệp Bình
L08682,R117,2026-06-20,Bánh mì chả lụa,28000,41,17000,1,0,1,delivery,09:45,0,0,0.0,Sinh viên,Bánh mì,Phường Hiệp Bình
L08683,R118,2026-06-20,Bánh mì trứng,28000,30,20000,4,1,3,pickup,10:15,20000,8000,0.25,Dân cư đông,Bánh mì,Phường Gò Vấp
L08684,R118,2026-06-20,Bánh mì chả lụa,27000,32,18000,3,1,2,pickup,10:00,18000,9000,0.333,Dân cư đông,Bánh mì,Phường Gò Vấp
L08685,R118,2026-06-20,Bánh mì thịt nguội,32000,32,22000,3,1,2,pickup,10:15,22000,10000,0.333,Dân cư đông,Bánh mì,Phường Gò Vấp
L08686,R119,2026-06-20,Bún bò viên,52000,50,26000,6,5,1,pickup,14:45,130000,130000,0.833,Công nhân,Bún bò,Phường Đông Hòa
L08687,R120,2026-06-20,Bún bò viên,48000,60,19000,2,1,1,pickup,11:45,19000,29000,0.5,Dân cư đông,Bún bò,Phường Hạnh Thông
L08688,R120,2026-06-20,Bún bò giò heo,50000,53,24000,1,0,1,pickup,11:15,0,0,0.0,Dân cư đông,Bún bò,Phường Hạnh Thông
L08689,R120,2026-06-20,Bún bò thập cẩm,47000,50,24000,1,0,1,pickup,11:00,0,0,0.0,Dân cư đông,Bún bò,Phường Hạnh Thông
L08690,R120,2026-06-20,Bún bò Huế đặc biệt,47000,59,19000,1,0,1,pickup,11:30,0,0,0.0,Dân cư đông,Bún bò,Phường Hạnh Thông
L08691,R120,2026-06-20,Bún bò gân,49000,51,24000,1,0,1,pickup,11:00,0,0,0.0,Dân cư đông,Bún bò,Phường Hạnh Thông
L08692,R121,2026-06-20,Cơm thịt kho trứng,43000,42,25000,1,0,1,pickup,12:00,0,0,0.0,Dân cư đông,Cơm văn phòng,Phường Gò Vấp
L08693,R121,2026-06-20,Cơm gà luộc,50000,35,32000,1,0,1,pickup,12:45,0,0,0.0,Dân cư đông,Cơm văn phòng,Phường Gò Vấp
L08694,R121,2026-06-20,Cơm canh chua,42000,41,25000,1,0,1,pickup,12:30,0,0,0.0,Dân cư đông,Cơm văn phòng,Phường Gò Vấp
L08695,R121,2026-06-20,Cơm sườn đậu hũ,44000,40,26000,1,0,1,pickup,12:45,0,0,0.0,Dân cư đông,Cơm văn phòng,Phường Gò Vấp
L08696,R121,2026-06-20,Cơm gà xối mỡ,34000,35,22000,1,0,1,pickup,12:45,0,0,0.0,Dân cư đông,Cơm văn phòng,Phường Gò Vấp
L08697,R122,2026-06-20,Bún riêu cua,38000,43,22000,7,4,3,pickup,09:00,88000,64000,0.571,Sinh viên,Bún riêu,Phường Linh Xuân
L08698,R123,2026-06-20,Cơm thịt kho trứng,34000,50,17000,15,11,4,pickup,16:45,187000,187000,0.733,Sinh viên,Cơm văn phòng,Phường Bình Trưng
L08699,R124,2026-06-20,Bún bò thập cẩm,47000,35,31000,3,1,2,pickup,15:30,31000,16000,0.333,Sinh viên,Bún bò,Phường Cát Lái
L08700,R124,2026-06-20,Bún bò giò heo,41000,31,28000,3,1,2,pickup,15:00,28000,13000,0.333,Sinh viên,Bún bò,Phường Cát Lái
L08701,R124,2026-06-20,Bún bò gân,47000,32,32000,3,1,2,delivery,15:00,32000,15000,0.333,Sinh viên,Bún bò,Phường Cát Lái
L08702,R124,2026-06-20,Bún bò Huế đặc biệt,58000,31,40000,3,1,2,pickup,15:00,40000,18000,0.333,Sinh viên,Bún bò,Phường Cát Lái
L08703,R124,2026-06-20,Bún bò viên,41000,32,28000,3,1,2,delivery,15:30,28000,13000,0.333,Sinh viên,Bún bò,Phường Cát Lái
L08704,R125,2026-06-20,Bánh mì xíu mại,28000,50,14000,2,1,1,delivery,15:30,14000,14000,0.5,Công nhân,Bánh mì,Phường Lái Thiêu
L08705,R125,2026-06-20,Bánh mì chả lụa,25000,53,12000,3,2,1,delivery,15:45,24000,26000,0.667,Công nhân,Bánh mì,Phường Lái Thiêu
L08706,R126,2026-06-20,Phở bò viên,61000,33,41000,2,1,1,delivery,11:15,41000,20000,0.5,Dân cư đông,Phở,Phường Gò Vấp
L08707,R126,2026-06-20,Phở gà,43000,32,29000,3,1,2,delivery,11:30,29000,14000,0.333,Dân cư đông,Phở,Phường Gò Vấp
L08708,R126,2026-06-20,Phở bò tái nạm,41000,39,25000,3,1,2,delivery,11:15,25000,16000,0.333,Dân cư đông,Phở,Phường Gò Vấp
L08709,R126,2026-06-20,Phở bò tái,56000,33,38000,2,0,2,delivery,11:45,0,0,0.0,Dân cư đông,Phở,Phường Gò Vấp
L08710,R126,2026-06-20,Phở bò chín,47000,39,29000,3,1,2,delivery,11:30,29000,18000,0.333,Dân cư đông,Phở,Phường Gò Vấp
L08711,R127,2026-06-20,Cơm canh chua,30000,30,21000,2,0,2,delivery,18:00,0,0,0.0,Dân cư đông,Cơm văn phòng,Phường Tân Sơn Nhất
L08712,R127,2026-06-20,Cơm gà xối mỡ,47000,35,31000,2,0,2,delivery,18:30,0,0,0.0,Dân cư đông,Cơm văn phòng,Phường Tân Sơn Nhất
L08713,R127,2026-06-20,Cơm sườn đậu hũ,46000,33,31000,3,1,2,delivery,18:00,31000,15000,0.333,Dân cư đông,Cơm văn phòng,Phường Tân Sơn Nhất
L08714,R127,2026-06-20,Cơm gà luộc,42000,39,26000,2,0,2,delivery,18:45,0,0,0.0,Dân cư đông,Cơm văn phòng,Phường Tân Sơn Nhất
L08715,R127,2026-06-20,Cơm thịt kho trứng,32000,39,20000,2,1,1,delivery,18:15,20000,12000,0.5,Dân cư đông,Cơm văn phòng,Phường Tân Sơn Nhất
L08716,R128,2026-06-20,Bánh mì trứng,20000,38,12000,3,0,3,delivery,18:15,0,0,0.0,Trung tâm,Bánh mì,Phường Đức Nhuận
L08717,R128,2026-06-20,Bánh mì thịt nguội,23000,34,15000,3,1,2,delivery,18:30,15000,8000,0.333,Trung tâm,Bánh mì,Phường Đức Nhuận
L08718,R129,2026-06-20,Phở bò tái nạm,59000,55,27000,2,1,1,pickup,11:30,27000,32000,0.5,Công nhân,Phở,Phường Dĩ An
L08719,R129,2026-06-20,Phở bò tái,47000,56,21000,1,0,1,pickup,11:45,0,0,0.0,Công nhân,Phở,Phường Dĩ An
L08720,R129,2026-06-20,Phở bò viên,53000,55,24000,2,1,1,pickup,11:00,24000,29000,0.5,Công nhân,Phở,Phường Dĩ An
L08721,R130,2026-06-20,Phở bò tái,42000,41,25000,4,2,2,delivery,10:15,50000,34000,0.5,Công nhân,Phở,Phường Lái Thiêu
L08722,R130,2026-06-20,Phở bò chín,48000,46,26000,4,2,2,delivery,10:15,52000,44000,0.5,Công nhân,Phở,Phường Lái Thiêu
L08723,R130,2026-06-20,Phở bò viên,56000,42,32000,4,2,2,delivery,10:45,64000,48000,0.5,Công nhân,Phở,Phường Lái Thiêu
L08724,R130,2026-06-20,Phở gà,54000,49,28000,4,3,1,delivery,10:00,84000,78000,0.75,Công nhân,Phở,Phường Lái Thiêu
L08725,R131,2026-06-20,Bún bò Huế đặc biệt,45000,48,23000,1,0,1,delivery,20:15,0,0,0.0,Sinh viên,Bún bò,Phường Phước Long
L08726,R131,2026-06-20,Bún bò viên,54000,47,29000,1,0,1,delivery,20:15,0,0,0.0,Sinh viên,Bún bò,Phường Phước Long
L08727,R131,2026-06-20,Bún bò gân,50000,57,22000,1,0,1,delivery,20:00,0,0,0.0,Sinh viên,Bún bò,Phường Phước Long
L08728,R131,2026-06-20,Bún bò giò heo,48000,54,22000,1,0,1,delivery,20:00,0,0,0.0,Sinh viên,Bún bò,Phường Phước Long
L08729,R132,2026-06-20,Cơm thịt kho trứng,45000,44,25000,4,3,1,pickup,09:45,75000,60000,0.75,Sinh viên,Cơm văn phòng,Phường Linh Xuân
L08730,R132,2026-06-20,Cơm canh chua,47000,49,24000,3,1,2,delivery,09:00,24000,23000,0.333,Sinh viên,Cơm văn phòng,Phường Linh Xuân
L08731,R132,2026-06-20,Cơm gà luộc,43000,43,25000,4,2,2,delivery,09:30,50000,36000,0.5,Sinh viên,Cơm văn phòng,Phường Linh Xuân
L08732,R133,2026-06-20,Hủ tiếu sa tế,45000,36,29000,12,5,7,delivery,15:30,145000,80000,0.417,Sinh viên,Hủ tiếu,Phường Cát Lái
L08733,R134,2026-06-20,Cơm tấm đặc biệt,37000,35,24000,1,0,1,delivery,15:15,0,0,0.0,Dân cư đông,Cơm tấm,Phường An Nhơn
L08734,R134,2026-06-20,Cơm tấm sườn trứng,35000,37,22000,1,0,1,delivery,15:00,0,0,0.0,Dân cư đông,Cơm tấm,Phường An Nhơn
L08735,R134,2026-06-20,Cơm tấm bì,35000,30,24000,1,0,1,pickup,15:15,0,0,0.0,Dân cư đông,Cơm tấm,Phường An Nhơn
L08736,R135,2026-06-20,Bún bò viên,45000,50,22000,7,5,2,pickup,20:00,110000,115000,0.714,Sinh viên,Bún bò,Phường Cát Lái
L08737,R135,2026-06-20,Bún bò gân,46000,47,24000,7,4,3,pickup,20:30,96000,88000,0.571,Sinh viên,Bún bò,Phường Cát Lái
L08738,R135,2026-06-20,Bún bò thập cẩm,50000,54,23000,6,5,1,pickup,20:30,115000,135000,0.833,Sinh viên,Bún bò,Phường Cát Lái
L08739,R136,2026-06-20,Bún bò giò heo,40000,59,16000,6,5,1,pickup,10:00,80000,120000,0.833,Công nhân,Bún bò,Phường Đông Hòa
L08740,R136,2026-06-20,Bún bò viên,41000,51,20000,6,4,2,delivery,10:45,80000,84000,0.667,Công nhân,Bún bò,Phường Đông Hòa
L08741,R136,2026-06-20,Bún bò thập cẩm,52000,58,22000,8,7,1,pickup,10:45,154000,210000,0.875,Công nhân,Bún bò,Phường Đông Hòa
L08742,R137,2026-06-20,Hủ tiếu bò kho,43000,51,21000,1,0,1,delivery,15:45,0,0,0.0,Dân cư đông,Hủ tiếu,Phường Tân Sơn Nhất
L08743,R137,2026-06-20,Hủ tiếu thập cẩm,42000,46,23000,1,0,1,delivery,15:15,0,0,0.0,Dân cư đông,Hủ tiếu,Phường Tân Sơn Nhất
L08744,R137,2026-06-20,Hủ tiếu mì,48000,47,25000,1,0,1,delivery,15:30,0,0,0.0,Dân cư đông,Hủ tiếu,Phường Tân Sơn Nhất
L08745,R137,2026-06-20,Hủ tiếu sa tế,44000,50,22000,1,0,1,delivery,15:00,0,0,0.0,Dân cư đông,Hủ tiếu,Phường Tân Sơn Nhất
L08746,R137,2026-06-20,Hủ tiếu Nam Vang,38000,46,21000,1,0,1,delivery,15:45,0,0,0.0,Dân cư đông,Hủ tiếu,Phường Tân Sơn Nhất
L08747,R138,2026-06-20,Cơm tấm bì,29000,53,14000,1,0,1,delivery,16:15,0,0,0.0,Công nhân,Cơm tấm,Phường Đông Hòa
L08748,R138,2026-06-20,Cơm tấm sườn nướng,34000,60,14000,1,0,1,delivery,16:00,0,0,0.0,Công nhân,Cơm tấm,Phường Đông Hòa
L08749,R138,2026-06-20,Cơm tấm sườn bì chả,34000,60,14000,1,0,1,delivery,16:00,0,0,0.0,Công nhân,Cơm tấm,Phường Đông Hòa
L08750,R138,2026-06-20,Cơm tấm đặc biệt,33000,60,13000,1,0,1,delivery,16:00,0,0,0.0,Công nhân,Cơm tấm,Phường Đông Hòa
L08751,R139,2026-06-20,Bánh mì thịt nguội,32000,52,15000,3,2,1,delivery,09:45,30000,34000,0.667,Ngoại ô,Bánh mì,Xã Bà Điểm
L08752,R139,2026-06-20,Bánh mì trứng,25000,60,10000,2,1,1,delivery,09:45,10000,15000,0.5,Ngoại ô,Bánh mì,Xã Bà Điểm
L08753,R139,2026-06-20,Bánh mì chả lụa,18000,55,8000,3,2,1,delivery,09:00,16000,20000,0.667,Ngoại ô,Bánh mì,Xã Bà Điểm
L08754,R140,2026-06-20,Bún riêu cua,46000,44,26000,4,3,1,pickup,17:30,78000,60000,0.75,Ngoại ô,Bún riêu,Xã Hiệp Phước
L08755,R140,2026-06-20,Bún riêu thập cẩm,41000,39,25000,6,3,3,delivery,17:15,75000,48000,0.5,Ngoại ô,Bún riêu,Xã Hiệp Phước
L08756,R141,2026-06-20,Cơm gà xối mỡ,34000,34,22000,3,1,2,delivery,15:45,22000,12000,0.333,Sinh viên,Cơm văn phòng,Phường Long Bình
L08757,R141,2026-06-20,Cơm gà luộc,28000,37,18000,2,0,2,delivery,15:00,0,0,0.0,Sinh viên,Cơm văn phòng,Phường Long Bình
L08758,R142,2026-06-20,Bún riêu thập cẩm,40000,48,21000,5,3,2,pickup,11:15,63000,57000,0.6,Công nhân,Bún riêu,Phường Thuận An
L08759,R142,2026-06-20,Bún riêu cua đồng,40000,50,20000,5,3,2,pickup,11:00,60000,60000,0.6,Công nhân,Bún riêu,Phường Thuận An
L08760,R142,2026-06-20,Bún riêu cua,37000,51,18000,5,3,2,pickup,11:15,54000,57000,0.6,Công nhân,Bún riêu,Phường Thuận An
L08761,R142,2026-06-20,Bún riêu cua mọc,52000,42,30000,5,3,2,pickup,11:15,90000,66000,0.6,Công nhân,Bún riêu,Phường Thuận An
L08762,R143,2026-06-20,Bánh mì thịt nguội,29000,46,16000,3,2,1,delivery,16:30,32000,26000,0.667,Sinh viên,Bánh mì,Phường Cát Lái
L08763,R143,2026-06-20,Bánh mì xíu mại,26000,51,13000,2,1,1,pickup,16:45,13000,13000,0.5,Sinh viên,Bánh mì,Phường Cát Lái
L08764,R143,2026-06-20,Bánh mì chả lụa,20000,45,11000,3,1,2,pickup,16:00,11000,9000,0.333,Sinh viên,Bánh mì,Phường Cát Lái
L08765,R143,2026-06-20,Bánh mì trứng,21000,50,10000,3,1,2,pickup,16:15,10000,11000,0.333,Sinh viên,Bánh mì,Phường Cát Lái
L08766,R144,2026-06-20,Bún bò giò heo,53000,60,21000,3,2,1,pickup,15:00,42000,64000,0.667,Sinh viên,Bún bò,Phường Phước Long
L08767,R144,2026-06-20,Bún bò Huế đặc biệt,51000,58,21000,4,2,2,pickup,15:00,42000,60000,0.5,Sinh viên,Bún bò,Phường Phước Long
L08768,R144,2026-06-20,Bún bò gân,54000,60,22000,2,1,1,pickup,15:15,22000,32000,0.5,Sinh viên,Bún bò,Phường Phước Long
L08769,R145,2026-06-20,Cơm tấm sườn trứng,50000,49,26000,1,0,1,delivery,19:45,0,0,0.0,Trung tâm,Cơm tấm,Phường Phú Nhuận
L08770,R145,2026-06-20,Cơm tấm sườn bì chả,34000,51,17000,1,0,1,delivery,19:30,0,0,0.0,Trung tâm,Cơm tấm,Phường Phú Nhuận
L08771,R145,2026-06-20,Cơm tấm bì,54000,43,31000,1,0,1,pickup,19:00,0,0,0.0,Trung tâm,Cơm tấm,Phường Phú Nhuận
L08772,R145,2026-06-20,Cơm tấm sườn nướng,39000,41,23000,1,0,1,pickup,19:45,0,0,0.0,Trung tâm,Cơm tấm,Phường Phú Nhuận
L08773,R146,2026-06-20,Bún bò thập cẩm,58000,53,27000,2,1,1,pickup,16:45,27000,31000,0.5,Công nhân,Bún bò,Phường Tân Đông Hiệp
L08774,R146,2026-06-20,Bún bò gân,49000,50,24000,2,1,1,pickup,16:15,24000,25000,0.5,Công nhân,Bún bò,Phường Tân Đông Hiệp
L08775,R146,2026-06-20,Bún bò viên,46000,49,23000,2,1,1,pickup,16:45,23000,23000,0.5,Công nhân,Bún bò,Phường Tân Đông Hiệp
L08776,R147,2026-06-20,Phở bò tái,52000,32,35000,3,1,2,delivery,14:45,35000,17000,0.333,Công nhân,Phở,Phường Dĩ An
L08777,R147,2026-06-20,Phở bò chín,53000,31,37000,4,1,3,pickup,14:45,37000,16000,0.25,Công nhân,Phở,Phường Dĩ An
L08778,R148,2026-06-20,Bún bò thập cẩm,62000,30,43000,3,1,2,delivery,17:00,43000,19000,0.333,Trung tâm,Bún bò,Phường Cầu Kiệu
L08779,R148,2026-06-20,Bún bò viên,39000,32,27000,4,1,3,delivery,17:15,27000,12000,0.25,Trung tâm,Bún bò,Phường Cầu Kiệu
L08780,R149,2026-06-20,Bún bò thập cẩm,36000,32,24000,16,5,11,pickup,13:30,120000,60000,0.312,Sinh viên,Bún bò,Phường An Khánh
L08781,R000,2026-06-21,Bún bò giò heo,50000,37,32000,8,3,5,delivery,18:45,96000,54000,0.375,Công nhân,Bún bò,Phường Đông Hòa
L08782,R000,2026-06-21,Bún bò Huế đặc biệt,43000,30,30000,6,3,3,pickup,18:45,90000,39000,0.5,Công nhân,Bún bò,Phường Đông Hòa
L08783,R000,2026-06-21,Bún bò thập cẩm,44000,34,29000,7,3,4,pickup,18:30,87000,45000,0.429,Công nhân,Bún bò,Phường Đông Hòa
L08784,R001,2026-06-21,Cơm tấm bì,43000,39,26000,1,0,1,pickup,19:45,0,0,0.0,Ngoại ô,Cơm tấm,Xã Bình Chánh
L08785,R001,2026-06-21,Cơm tấm sườn bì chả,42000,36,27000,2,0,2,pickup,19:15,0,0,0.0,Ngoại ô,Cơm tấm,Xã Bình Chánh
L08786,R001,2026-06-21,Cơm tấm đặc biệt,49000,35,32000,1,0,1,pickup,19:15,0,0,0.0,Ngoại ô,Cơm tấm,Xã Bình Chánh
L08787,R002,2026-06-21,Hủ tiếu bò kho,47000,35,31000,3,0,3,delivery,20:45,0,0,0.0,Dân cư đông,Hủ tiếu,Phường An Nhơn
L08788,R002,2026-06-21,Hủ tiếu Nam Vang,47000,38,29000,2,0,2,delivery,20:45,0,0,0.0,Dân cư đông,Hủ tiếu,Phường An Nhơn
L08789,R002,2026-06-21,Hủ tiếu thập cẩm,45000,33,30000,3,1,2,delivery,20:15,30000,15000,0.333,Dân cư đông,Hủ tiếu,Phường An Nhơn
L08790,R002,2026-06-21,Hủ tiếu mì,58000,41,34000,3,2,1,pickup,20:30,68000,48000,0.667,Dân cư đông,Hủ tiếu,Phường An Nhơn
L08791,R002,2026-06-21,Hủ tiếu sa tế,55000,38,34000,2,1,1,delivery,20:30,34000,21000,0.5,Dân cư đông,Hủ tiếu,Phường An Nhơn
L08792,R003,2026-06-21,Phở gà,58000,57,25000,5,4,1,delivery,18:00,100000,132000,0.8,Công nhân,Phở,Phường Bình Hòa
L08793,R003,2026-06-21,Phở bò tái,53000,59,22000,6,4,2,pickup,18:00,88000,124000,0.667,Công nhân,Phở,Phường Bình Hòa
L08794,R003,2026-06-21,Phở bò chín,43000,52,21000,6,4,2,delivery,18:30,84000,88000,0.667,Công nhân,Phở,Phường Bình Hòa
L08795,R003,2026-06-21,Phở bò tái nạm,48000,59,20000,6,4,2,delivery,18:45,80000,112000,0.667,Công nhân,Phở,Phường Bình Hòa
L08796,R004,2026-06-21,Hủ tiếu mì,52000,52,25000,1,0,1,delivery,16:15,0,0,0.0,Sinh viên,Hủ tiếu,Phường Cát Lái
L08797,R004,2026-06-21,Hủ tiếu Nam Vang,46000,53,22000,1,0,1,delivery,16:15,0,0,0.0,Sinh viên,Hủ tiếu,Phường Cát Lái
L08798,R004,2026-06-21,Hủ tiếu sa tế,51000,47,27000,1,0,1,pickup,16:30,0,0,0.0,Sinh viên,Hủ tiếu,Phường Cát Lái
L08799,R004,2026-06-21,Hủ tiếu thập cẩm,52000,54,24000,1,0,1,delivery,16:00,0,0,0.0,Sinh viên,Hủ tiếu,Phường Cát Lái
L08800,R005,2026-06-21,Hủ tiếu sa tế,50000,48,26000,4,3,1,pickup,10:45,78000,72000,0.75,Sinh viên,Hủ tiếu,Phường Long Bình
L08801,R005,2026-06-21,Hủ tiếu thập cẩm,43000,56,19000,3,2,1,pickup,10:45,38000,48000,0.667,Sinh viên,Hủ tiếu,Phường Long Bình
L08802,R005,2026-06-21,Hủ tiếu bò kho,51000,50,26000,3,2,1,pickup,10:45,52000,50000,0.667,Sinh viên,Hủ tiếu,Phường Long Bình
L08803,R005,2026-06-21,Hủ tiếu mì,58000,55,26000,4,3,1,pickup,10:45,78000,96000,0.75,Sinh viên,Hủ tiếu,Phường Long Bình
L08804,R006,2026-06-21,Bún bò giò heo,56000,40,34000,1,0,1,delivery,17:15,0,0,0.0,Trung tâm,Bún bò,Phường Nhiêu Lộc
L08805,R006,2026-06-21,Bún bò viên,50000,37,32000,2,1,1,delivery,17:00,32000,18000,0.5,Trung tâm,Bún bò,Phường Nhiêu Lộc
L08806,R006,2026-06-21,Bún bò thập cẩm,46000,39,28000,1,0,1,delivery,17:00,0,0,0.0,Trung tâm,Bún bò,Phường Nhiêu Lộc
L08807,R006,2026-06-21,Bún bò gân,46000,37,29000,1,0,1,delivery,17:45,0,0,0.0,Trung tâm,Bún bò,Phường Nhiêu Lộc
L08808,R007,2026-06-21,Phở bò viên,41000,33,27000,17,5,12,pickup,09:00,135000,70000,0.294,Dân cư đông,Phở,Phường An Hội Đông
L08809,R008,2026-06-21,Hủ tiếu sa tế,57000,39,35000,5,2,3,pickup,16:45,70000,44000,0.4,Công nhân,Hủ tiếu,Phường Thuận An
L08810,R008,2026-06-21,Hủ tiếu thập cẩm,40000,43,23000,4,2,2,delivery,16:00,46000,34000,0.5,Công nhân,Hủ tiếu,Phường Thuận An
L08811,R008,2026-06-21,Hủ tiếu bò kho,44000,41,26000,5,2,3,delivery,16:45,52000,36000,0.4,Công nhân,Hủ tiếu,Phường Thuận An
L08812,R009,2026-06-21,Cơm tấm sườn bì chả,42000,57,18000,4,3,1,pickup,20:00,54000,72000,0.75,Dân cư đông,Cơm tấm,Phường Tân Bình
L08813,R009,2026-06-21,Cơm tấm đặc biệt,36000,52,17000,3,2,1,pickup,20:15,34000,38000,0.667,Dân cư đông,Cơm tấm,Phường Tân Bình
L08814,R009,2026-06-21,Cơm tấm sườn nướng,45000,55,20000,3,2,1,pickup,20:15,40000,50000,0.667,Dân cư đông,Cơm tấm,Phường Tân Bình
L08815,R010,2026-06-21,Cơm tấm sườn nướng,34000,46,18000,1,0,1,pickup,19:45,0,0,0.0,Trung tâm,Cơm tấm,Phường Đức Nhuận
L08816,R010,2026-06-21,Cơm tấm đặc biệt,37000,47,20000,1,0,1,delivery,19:45,0,0,0.0,Trung tâm,Cơm tấm,Phường Đức Nhuận
L08817,R010,2026-06-21,Cơm tấm sườn trứng,45000,50,22000,1,0,1,pickup,19:30,0,0,0.0,Trung tâm,Cơm tấm,Phường Đức Nhuận
L08818,R011,2026-06-21,Bánh mì trứng,26000,30,18000,5,3,2,pickup,20:45,54000,24000,0.6,Ngoại ô,Bánh mì,Xã Hiệp Phước
L08819,R012,2026-06-21,Phở gà,44000,59,18000,2,1,1,delivery,20:45,18000,26000,0.5,Dân cư đông,Phở,Phường Khánh Hội
L08820,R012,2026-06-21,Phở bò viên,57000,56,25000,2,1,1,delivery,20:30,25000,32000,0.5,Dân cư đông,Phở,Phường Khánh Hội
L08821,R013,2026-06-21,Phở bò viên,51000,47,27000,4,2,2,delivery,12:30,54000,48000,0.5,Sinh viên,Phở,Phường Long Bình
L08822,R013,2026-06-21,Phở bò tái nạm,47000,52,23000,3,1,2,pickup,12:00,23000,24000,0.333,Sinh viên,Phở,Phường Long Bình
L08823,R013,2026-06-21,Phở gà,50000,51,24000,3,2,1,delivery,12:00,48000,52000,0.667,Sinh viên,Phở,Phường Long Bình
L08824,R013,2026-06-21,Phở bò chín,44000,56,19000,3,2,1,pickup,12:45,38000,50000,0.667,Sinh viên,Phở,Phường Long Bình
L08825,R013,2026-06-21,Phở bò tái,56000,51,27000,3,2,1,delivery,12:30,54000,58000,0.667,Sinh viên,Phở,Phường Long Bình
L08826,R014,2026-06-21,Bánh mì gà,25000,51,12000,1,0,1,delivery,12:45,0,0,0.0,Sinh viên,Bánh mì,Phường An Khánh
L08827,R014,2026-06-21,Bánh mì thịt nguội,27000,55,12000,1,0,1,delivery,12:00,0,0,0.0,Sinh viên,Bánh mì,Phường An Khánh
L08828,R015,2026-06-21,Hủ tiếu sa tế,55000,44,31000,6,4,2,delivery,13:15,124000,96000,0.667,Sinh viên,Hủ tiếu,Phường Hiệp Bình
L08829,R015,2026-06-21,Hủ tiếu mì,41000,46,22000,5,2,3,delivery,13:00,44000,38000,0.4,Sinh viên,Hủ tiếu,Phường Hiệp Bình
L08830,R015,2026-06-21,Hủ tiếu thập cẩm,53000,45,29000,6,3,3,delivery,13:45,87000,72000,0.5,Sinh viên,Hủ tiếu,Phường Hiệp Bình
L08831,R016,2026-06-21,Phở bò viên,48000,47,25000,5,3,2,pickup,16:15,75000,69000,0.6,Sinh viên,Phở,Phường Tăng Nhơn Phú
L08832,R016,2026-06-21,Phở gà,44000,50,22000,4,3,1,delivery,16:30,66000,66000,0.75,Sinh viên,Phở,Phường Tăng Nhơn Phú
L08833,R016,2026-06-21,Phở bò tái nạm,44000,49,22000,4,3,1,delivery,16:00,66000,66000,0.75,Sinh viên,Phở,Phường Tăng Nhơn Phú
L08834,R017,2026-06-21,Cơm tấm sườn nướng,37000,30,26000,15,5,10,pickup,13:30,130000,55000,0.333,Công nhân,Cơm tấm,Phường Dĩ An
L08835,R018,2026-06-21,Cơm tấm bì,37000,48,19000,2,1,1,delivery,16:45,19000,18000,0.5,Công nhân,Cơm tấm,Phường Lái Thiêu
L08836,R019,2026-06-21,Bún bò giò heo,60000,37,38000,6,2,4,delivery,18:15,76000,44000,0.333,Sinh viên,Bún bò,Phường Long Bình
L08837,R019,2026-06-21,Bún bò Huế đặc biệt,59000,38,37000,7,2,5,pickup,18:00,74000,44000,0.286,Sinh viên,Bún bò,Phường Long Bình
L08838,R020,2026-06-21,Phở bò tái,45000,37,28000,2,0,2,delivery,09:45,0,0,0.0,Công nhân,Phở,Phường Đông Hòa
L08839,R020,2026-06-21,Phở bò viên,50000,43,28000,1,0,1,delivery,09:15,0,0,0.0,Công nhân,Phở,Phường Đông Hòa
L08840,R020,2026-06-21,Phở bò tái nạm,44000,35,29000,2,1,1,delivery,09:15,29000,15000,0.5,Công nhân,Phở,Phường Đông Hòa
L08841,R020,2026-06-21,Phở bò chín,47000,36,30000,2,0,2,delivery,09:15,0,0,0.0,Công nhân,Phở,Phường Đông Hòa
L08842,R021,2026-06-21,Hủ tiếu thập cẩm,41000,42,24000,2,1,1,pickup,20:45,24000,17000,0.5,Sinh viên,Hủ tiếu,Phường Bình Trưng
L08843,R021,2026-06-21,Hủ tiếu sa tế,43000,43,25000,3,1,2,pickup,20:15,25000,18000,0.333,Sinh viên,Hủ tiếu,Phường Bình Trưng
L08844,R022,2026-06-21,Bánh mì thịt nguội,19000,60,8000,2,1,1,pickup,18:45,8000,11000,0.5,Sinh viên,Bánh mì,Phường Long Bình
L08845,R022,2026-06-21,Bánh mì trứng,17000,60,7000,2,1,1,delivery,18:45,7000,10000,0.5,Sinh viên,Bánh mì,Phường Long Bình
L08846,R022,2026-06-21,Bánh mì gà,26000,60,10000,2,1,1,delivery,18:30,10000,16000,0.5,Sinh viên,Bánh mì,Phường Long Bình
L08847,R022,2026-06-21,Bánh mì xíu mại,26000,60,10000,2,1,1,pickup,18:15,10000,16000,0.5,Sinh viên,Bánh mì,Phường Long Bình
L08848,R022,2026-06-21,Bánh mì chả lụa,20000,55,9000,2,1,1,pickup,18:15,9000,11000,0.5,Sinh viên,Bánh mì,Phường Long Bình
L08849,R023,2026-06-21,Bánh mì trứng,24000,30,17000,2,1,1,delivery,17:00,17000,7000,0.5,Công nhân,Bánh mì,Phường Tân Đông Hiệp
L08850,R023,2026-06-21,Bánh mì gà,28000,30,20000,3,1,2,delivery,17:30,20000,8000,0.333,Công nhân,Bánh mì,Phường Tân Đông Hiệp
L08851,R024,2026-06-21,Hủ tiếu Nam Vang,48000,57,21000,12,9,3,pickup,14:00,189000,243000,0.75,Công nhân,Hủ tiếu,Phường An Phú
L08852,R025,2026-06-21,Cơm gà luộc,37000,30,26000,1,0,1,pickup,11:00,0,0,0.0,Dân cư đông,Cơm văn phòng,Phường An Hội Đông
L08853,R025,2026-06-21,Cơm gà xối mỡ,31000,33,21000,2,1,1,delivery,11:00,21000,10000,0.5,Dân cư đông,Cơm văn phòng,Phường An Hội Đông
L08854,R025,2026-06-21,Cơm thịt kho trứng,35000,36,22000,2,0,2,delivery,11:15,0,0,0.0,Dân cư đông,Cơm văn phòng,Phường An Hội Đông
L08855,R025,2026-06-21,Cơm canh chua,31000,35,20000,1,0,1,pickup,11:15,0,0,0.0,Dân cư đông,Cơm văn phòng,Phường An Hội Đông
L08856,R025,2026-06-21,Cơm sườn đậu hũ,34000,30,24000,2,0,2,pickup,11:00,0,0,0.0,Dân cư đông,Cơm văn phòng,Phường An Hội Đông
L08857,R026,2026-06-21,Bún riêu thập cẩm,39000,36,25000,3,1,2,delivery,16:15,25000,14000,0.333,Sinh viên,Bún riêu,Phường Tam Bình
L08858,R027,2026-06-21,Bún bò giò heo,56000,30,39000,3,0,3,pickup,17:00,0,0,0.0,Công nhân,Bún bò,Phường Hòa Lợi
L08859,R028,2026-06-21,Bánh mì gà,27000,57,12000,6,4,2,delivery,14:15,48000,60000,0.667,Công nhân,Bánh mì,Phường Tân Đông Hiệp
L08860,R029,2026-06-21,Phở bò tái nạm,43000,58,18000,1,0,1,pickup,19:45,0,0,0.0,Trung tâm,Phở,Phường Bến Thành
L08861,R029,2026-06-21,Phở bò viên,43000,51,21000,1,0,1,delivery,19:15,0,0,0.0,Trung tâm,Phở,Phường Bến Thành
L08862,R029,2026-06-21,Phở bò chín,50000,60,20000,1,0,1,pickup,19:30,0,0,0.0,Trung tâm,Phở,Phường Bến Thành
L08863,R029,2026-06-21,Phở gà,51000,54,23000,1,0,1,pickup,19:15,0,0,0.0,Trung tâm,Phở,Phường Bến Thành
L08864,R030,2026-06-21,Bún bò gân,45000,52,22000,13,10,3,delivery,15:45,220000,230000,0.769,Công nhân,Bún bò,Phường An Phú
L08865,R030,2026-06-21,Bún bò giò heo,42000,51,21000,13,12,1,pickup,15:15,252000,252000,0.923,Công nhân,Bún bò,Phường An Phú
L08866,R031,2026-06-21,Phở bò tái,44000,47,23000,5,3,2,delivery,09:30,69000,63000,0.6,Sinh viên,Phở,Phường Phước Long
L08867,R031,2026-06-21,Phở gà,38000,46,21000,5,3,2,delivery,09:45,63000,51000,0.6,Sinh viên,Phở,Phường Phước Long
L08868,R032,2026-06-21,Cơm thịt kho trứng,43000,44,24000,4,2,2,delivery,13:45,48000,38000,0.5,Trung tâm,Cơm văn phòng,Phường Cầu Ông Lãnh
L08869,R033,2026-06-21,Cơm tấm sườn nướng,31000,43,18000,2,1,1,pickup,13:45,18000,13000,0.5,Dân cư đông,Cơm tấm,Phường Tân Hòa
L08870,R033,2026-06-21,Cơm tấm đặc biệt,40000,48,21000,2,1,1,pickup,13:45,21000,19000,0.5,Dân cư đông,Cơm tấm,Phường Tân Hòa
L08871,R033,2026-06-21,Cơm tấm bì,44000,42,26000,1,0,1,pickup,13:15,0,0,0.0,Dân cư đông,Cơm tấm,Phường Tân Hòa
L08872,R033,2026-06-21,Cơm tấm sườn bì chả,50000,48,26000,1,0,1,pickup,13:45,0,0,0.0,Dân cư đông,Cơm tấm,Phường Tân Hòa
L08873,R033,2026-06-21,Cơm tấm sườn trứng,34000,43,19000,1,0,1,pickup,13:00,0,0,0.0,Dân cư đông,Cơm tấm,Phường Tân Hòa
L08874,R034,2026-06-21,Bún bò viên,39000,30,27000,7,2,5,pickup,18:00,54000,24000,0.286,Ngoại ô,Bún bò,Xã Bình Chánh
L08875,R034,2026-06-21,Bún bò Huế đặc biệt,63000,32,43000,7,2,5,pickup,18:45,86000,40000,0.286,Ngoại ô,Bún bò,Xã Bình Chánh
L08876,R035,2026-06-21,Bánh mì thịt nguội,29000,51,14000,1,0,1,delivery,12:45,0,0,0.0,Dân cư đông,Bánh mì,Phường Tân Sơn Nhất
L08877,R035,2026-06-21,Bánh mì xíu mại,30000,57,13000,1,0,1,delivery,12:15,0,0,0.0,Dân cư đông,Bánh mì,Phường Tân Sơn Nhất
L08878,R035,2026-06-21,Bánh mì gà,23000,60,9000,1,0,1,delivery,12:30,0,0,0.0,Dân cư đông,Bánh mì,Phường Tân Sơn Nhất
L08879,R035,2026-06-21,Bánh mì trứng,21000,54,10000,1,0,1,delivery,12:00,0,0,0.0,Dân cư đông,Bánh mì,Phường Tân Sơn Nhất
L08880,R035,2026-06-21,Bánh mì chả lụa,23000,51,11000,1,0,1,delivery,12:45,0,0,0.0,Dân cư đông,Bánh mì,Phường Tân Sơn Nhất
L08881,R036,2026-06-21,Bún bò thập cẩm,52000,41,31000,5,2,3,delivery,14:15,62000,42000,0.4,Sinh viên,Bún bò,Phường Phước Long
L08882,R036,2026-06-21,Bún bò gân,48000,34,32000,4,1,3,delivery,14:45,32000,16000,0.25,Sinh viên,Bún bò,Phường Phước Long
L08883,R036,2026-06-21,Bún bò viên,46000,33,31000,4,2,2,delivery,14:00,62000,30000,0.5,Sinh viên,Bún bò,Phường Phước Long
L08884,R037,2026-06-21,Bún bò viên,49000,41,29000,8,6,2,delivery,15:30,174000,120000,0.75,Trung tâm,Bún bò,Phường Tân Định
L08885,R038,2026-06-21,Bún bò gân,52000,51,25000,1,0,1,pickup,17:45,0,0,0.0,Công nhân,Bún bò,Phường Thuận Giao
L08886,R038,2026-06-21,Bún bò viên,43000,45,24000,1,0,1,pickup,17:45,0,0,0.0,Công nhân,Bún bò,Phường Thuận Giao
L08887,R039,2026-06-21,Bún riêu cua mọc,40000,59,16000,21,17,4,pickup,09:45,272000,408000,0.81,Công nhân,Bún riêu,Phường Đông Hòa
L08888,R040,2026-06-21,Bún bò gân,49000,60,20000,1,0,1,delivery,14:15,0,0,0.0,Sinh viên,Bún bò,Phường Bình Trưng
L08889,R041,2026-06-21,Phở bò viên,59000,51,29000,3,1,2,pickup,15:45,29000,30000,0.333,Công nhân,Phở,Phường Tân Khánh
L08890,R041,2026-06-21,Phở bò tái nạm,48000,44,27000,3,2,1,delivery,15:45,54000,42000,0.667,Công nhân,Phở,Phường Tân Khánh
L08891,R042,2026-06-21,Cơm tấm sườn trứng,33000,60,13000,2,1,1,pickup,11:00,13000,20000,0.5,Trung tâm,Cơm tấm,Phường Tân Định
L08892,R042,2026-06-21,Cơm tấm đặc biệt,41000,54,19000,2,1,1,delivery,11:00,19000,22000,0.5,Trung tâm,Cơm tấm,Phường Tân Định
L08893,R042,2026-06-21,Cơm tấm bì,34000,60,14000,2,1,1,delivery,11:45,14000,20000,0.5,Trung tâm,Cơm tấm,Phường Tân Định
L08894,R043,2026-06-21,Cơm gà xối mỡ,34000,56,15000,2,1,1,pickup,16:00,15000,19000,0.5,Dân cư đông,Cơm văn phòng,Phường Bảy Hiền
L08895,R043,2026-06-21,Cơm gà luộc,40000,60,16000,2,1,1,pickup,16:00,16000,24000,0.5,Dân cư đông,Cơm văn phòng,Phường Bảy Hiền
L08896,R043,2026-06-21,Cơm thịt kho trứng,39000,54,18000,2,1,1,pickup,16:45,18000,21000,0.5,Dân cư đông,Cơm văn phòng,Phường Bảy Hiền
L08897,R043,2026-06-21,Cơm sườn đậu hũ,37000,60,15000,3,2,1,pickup,16:45,30000,44000,0.667,Dân cư đông,Cơm văn phòng,Phường Bảy Hiền
L08898,R043,2026-06-21,Cơm canh chua,34000,59,14000,3,2,1,pickup,16:45,28000,40000,0.667,Dân cư đông,Cơm văn phòng,Phường Bảy Hiền
L08899,R044,2026-06-21,Hủ tiếu Nam Vang,41000,48,21000,3,2,1,delivery,13:45,42000,40000,0.667,Sinh viên,Hủ tiếu,Phường Tam Bình
L08900,R044,2026-06-21,Hủ tiếu thập cẩm,35000,48,18000,3,2,1,pickup,13:15,36000,34000,0.667,Sinh viên,Hủ tiếu,Phường Tam Bình
L08901,R044,2026-06-21,Hủ tiếu sa tế,44000,46,24000,3,2,1,delivery,13:30,48000,40000,0.667,Sinh viên,Hủ tiếu,Phường Tam Bình
L08902,R045,2026-06-21,Bún bò giò heo,44000,46,24000,4,2,2,delivery,17:00,48000,40000,0.5,Công nhân,Bún bò,Phường Thuận An
L08903,R045,2026-06-21,Bún bò thập cẩm,43000,36,28000,5,1,4,delivery,17:15,28000,15000,0.2,Công nhân,Bún bò,Phường Thuận An
L08904,R045,2026-06-21,Bún bò viên,50000,39,30000,4,2,2,delivery,17:30,60000,40000,0.5,Công nhân,Bún bò,Phường Thuận An
L08905,R046,2026-06-21,Bánh mì trứng,20000,52,10000,3,2,1,pickup,13:45,20000,20000,0.667,Sinh viên,Bánh mì,Phường Cát Lái
L08906,R046,2026-06-21,Bánh mì xíu mại,25000,52,12000,2,1,1,pickup,13:00,12000,13000,0.5,Sinh viên,Bánh mì,Phường Cát Lái
L08907,R046,2026-06-21,Bánh mì gà,23000,59,9000,3,2,1,pickup,13:15,18000,28000,0.667,Sinh viên,Bánh mì,Phường Cát Lái
L08908,R046,2026-06-21,Bánh mì chả lụa,24000,53,11000,3,2,1,pickup,13:30,22000,26000,0.667,Sinh viên,Bánh mì,Phường Cát Lái
L08909,R046,2026-06-21,Bánh mì thịt nguội,18000,54,8000,3,2,1,pickup,13:15,16000,20000,0.667,Sinh viên,Bánh mì,Phường Cát Lái
L08910,R047,2026-06-21,Bún bò gân,43000,47,23000,25,14,11,delivery,17:00,322000,280000,0.56,Công nhân,Bún bò,Phường Tân Khánh
L08911,R048,2026-06-21,Bánh mì chả lụa,26000,52,12000,3,2,1,pickup,18:45,24000,28000,0.667,Công nhân,Bánh mì,Phường An Phú
L08912,R048,2026-06-21,Bánh mì xíu mại,23000,53,11000,4,3,1,delivery,18:00,33000,36000,0.75,Công nhân,Bánh mì,Phường An Phú
L08913,R049,2026-06-21,Phở bò tái nạm,39000,44,22000,1,0,1,pickup,12:45,0,0,0.0,Sinh viên,Phở,Phường Thủ Đức
L08914,R049,2026-06-21,Phở bò tái,51000,37,32000,1,0,1,delivery,12:15,0,0,0.0,Sinh viên,Phở,Phường Thủ Đức
L08915,R049,2026-06-21,Phở bò viên,43000,37,27000,1,0,1,delivery,12:45,0,0,0.0,Sinh viên,Phở,Phường Thủ Đức
L08916,R049,2026-06-21,Phở gà,45000,42,26000,1,0,1,delivery,12:45,0,0,0.0,Sinh viên,Phở,Phường Thủ Đức
L08917,R050,2026-06-21,Bánh mì trứng,23000,49,12000,1,0,1,delivery,17:15,0,0,0.0,Ngoại ô,Bánh mì,Xã Hưng Long
L08918,R051,2026-06-21,Hủ tiếu mì,53000,53,25000,6,4,2,delivery,13:30,100000,112000,0.667,Dân cư đông,Hủ tiếu,Phường Hạnh Thông
L08919,R052,2026-06-21,Cơm tấm sườn bì chả,39000,37,25000,4,1,3,delivery,18:00,25000,14000,0.25,Dân cư đông,Cơm tấm,Phường Xóm Chiếu
L08920,R052,2026-06-21,Cơm tấm bì,38000,44,21000,5,2,3,delivery,18:00,42000,34000,0.4,Dân cư đông,Cơm tấm,Phường Xóm Chiếu
L08921,R052,2026-06-21,Cơm tấm sườn nướng,32000,34,21000,3,1,2,delivery,18:45,21000,11000,0.333,Dân cư đông,Cơm tấm,Phường Xóm Chiếu
L08922,R053,2026-06-21,Bánh mì xíu mại,17000,60,7000,4,2,2,delivery,17:00,14000,20000,0.5,Dân cư đông,Bánh mì,Phường Gia Định
L08923,R053,2026-06-21,Bánh mì trứng,32000,57,14000,3,2,1,delivery,17:30,28000,36000,0.667,Dân cư đông,Bánh mì,Phường Gia Định
L08924,R053,2026-06-21,Bánh mì chả lụa,27000,60,11000,3,2,1,delivery,17:30,22000,32000,0.667,Dân cư đông,Bánh mì,Phường Gia Định
L08925,R053,2026-06-21,Bánh mì thịt nguội,32000,59,13000,3,2,1,pickup,17:15,26000,38000,0.667,Dân cư đông,Bánh mì,Phường Gia Định
L08926,R053,2026-06-21,Bánh mì gà,23000,54,11000,3,2,1,pickup,17:15,22000,24000,0.667,Dân cư đông,Bánh mì,Phường Gia Định
L08927,R054,2026-06-21,Bánh mì xíu mại,20000,52,10000,3,2,1,pickup,11:00,20000,20000,0.667,Công nhân,Bánh mì,Phường Bình Hòa
L08928,R054,2026-06-21,Bánh mì chả lụa,20000,59,8000,3,2,1,pickup,11:15,16000,24000,0.667,Công nhân,Bánh mì,Phường Bình Hòa
L08929,R054,2026-06-21,Bánh mì gà,17000,57,7000,3,2,1,delivery,11:00,14000,20000,0.667,Công nhân,Bánh mì,Phường Bình Hòa
L08930,R054,2026-06-21,Bánh mì thịt nguội,30000,58,13000,4,3,1,pickup,11:45,39000,51000,0.75,Công nhân,Bánh mì,Phường Bình Hòa
L08931,R055,2026-06-21,Cơm tấm sườn trứng,34000,60,14000,1,0,1,delivery,12:15,0,0,0.0,Dân cư đông,Cơm tấm,Phường Thông Tây Hội
L08932,R055,2026-06-21,Cơm tấm sườn bì chả,36000,60,14000,2,1,1,pickup,12:45,14000,22000,0.5,Dân cư đông,Cơm tấm,Phường Thông Tây Hội
L08933,R055,2026-06-21,Cơm tấm sườn nướng,28000,60,11000,1,0,1,delivery,12:00,0,0,0.0,Dân cư đông,Cơm tấm,Phường Thông Tây Hội
L08934,R055,2026-06-21,Cơm tấm bì,30000,55,13000,1,0,1,delivery,12:30,0,0,0.0,Dân cư đông,Cơm tấm,Phường Thông Tây Hội
L08935,R055,2026-06-21,Cơm tấm đặc biệt,31000,58,13000,1,0,1,delivery,12:45,0,0,0.0,Dân cư đông,Cơm tấm,Phường Thông Tây Hội
L08936,R056,2026-06-21,Hủ tiếu sa tế,37000,38,23000,4,1,3,delivery,17:00,23000,14000,0.25,Trung tâm,Hủ tiếu,Phường Nhiêu Lộc
L08937,R056,2026-06-21,Hủ tiếu mì,42000,31,29000,4,2,2,delivery,17:30,58000,26000,0.5,Trung tâm,Hủ tiếu,Phường Nhiêu Lộc
L08938,R057,2026-06-21,Bún bò gân,63000,53,30000,1,0,1,pickup,18:15,0,0,0.0,Sinh viên,Bún bò,Phường Bình Trưng
L08939,R057,2026-06-21,Bún bò viên,41000,52,20000,1,0,1,pickup,18:00,0,0,0.0,Sinh viên,Bún bò,Phường Bình Trưng
L08940,R058,2026-06-21,Bánh mì xíu mại,18000,37,11000,1,0,1,pickup,19:00,0,0,0.0,Trung tâm,Bánh mì,Phường Cầu Kiệu
L08941,R058,2026-06-21,Bánh mì chả lụa,22000,35,14000,1,0,1,pickup,19:15,0,0,0.0,Trung tâm,Bánh mì,Phường Cầu Kiệu
L08942,R058,2026-06-21,Bánh mì trứng,26000,30,18000,1,0,1,pickup,19:00,0,0,0.0,Trung tâm,Bánh mì,Phường Cầu Kiệu
L08943,R058,2026-06-21,Bánh mì thịt nguội,28000,36,18000,1,0,1,pickup,19:15,0,0,0.0,Trung tâm,Bánh mì,Phường Cầu Kiệu
L08944,R059,2026-06-21,Cơm tấm sườn nướng,36000,30,25000,2,0,2,pickup,14:45,0,0,0.0,Sinh viên,Cơm tấm,Phường Tam Bình
L08945,R059,2026-06-21,Cơm tấm sườn bì chả,39000,34,26000,2,0,2,delivery,14:00,0,0,0.0,Sinh viên,Cơm tấm,Phường Tam Bình
L08946,R060,2026-06-21,Phở bò tái,41000,60,16000,2,1,1,delivery,10:45,16000,25000,0.5,Công nhân,Phở,Phường Tân Đông Hiệp
L08947,R061,2026-06-21,Cơm tấm sườn trứng,35000,46,19000,4,2,2,delivery,15:45,38000,32000,0.5,Sinh viên,Cơm tấm,Phường Tam Bình
L08948,R061,2026-06-21,Cơm tấm đặc biệt,27000,41,16000,3,2,1,delivery,15:15,32000,22000,0.667,Sinh viên,Cơm tấm,Phường Tam Bình
L08949,R062,2026-06-21,Phở gà,37000,33,25000,1,0,1,delivery,10:30,0,0,0.0,Dân cư đông,Phở,Phường Hạnh Thông
L08950,R062,2026-06-21,Phở bò chín,44000,30,31000,1,0,1,delivery,10:00,0,0,0.0,Dân cư đông,Phở,Phường Hạnh Thông
L08951,R062,2026-06-21,Phở bò viên,44000,32,30000,1,0,1,delivery,10:15,0,0,0.0,Dân cư đông,Phở,Phường Hạnh Thông
L08952,R062,2026-06-21,Phở bò tái nạm,38000,32,26000,1,0,1,delivery,10:00,0,0,0.0,Dân cư đông,Phở,Phường Hạnh Thông
L08953,R062,2026-06-21,Phở bò tái,49000,30,34000,1,0,1,delivery,10:00,0,0,0.0,Dân cư đông,Phở,Phường Hạnh Thông
L08954,R063,2026-06-21,Hủ tiếu sa tế,52000,44,29000,4,2,2,delivery,19:30,58000,46000,0.5,Công nhân,Hủ tiếu,Phường Thuận Giao
L08955,R063,2026-06-21,Hủ tiếu mì,52000,37,33000,5,2,3,delivery,19:00,66000,38000,0.4,Công nhân,Hủ tiếu,Phường Thuận Giao
L08956,R063,2026-06-21,Hủ tiếu bò kho,46000,39,28000,4,1,3,delivery,19:30,28000,18000,0.25,Công nhân,Hủ tiếu,Phường Thuận Giao
L08957,R064,2026-06-21,Bún bò viên,60000,46,32000,2,1,1,delivery,10:30,32000,28000,0.5,Sinh viên,Bún bò,Phường Tăng Nhơn Phú
L08958,R064,2026-06-21,Bún bò thập cẩm,61000,39,37000,3,1,2,delivery,10:00,37000,24000,0.333,Sinh viên,Bún bò,Phường Tăng Nhơn Phú
L08959,R064,2026-06-21,Bún bò giò heo,54000,39,33000,3,0,3,pickup,10:30,0,0,0.0,Sinh viên,Bún bò,Phường Tăng Nhơn Phú
L08960,R065,2026-06-21,Cơm tấm sườn bì chả,52000,52,25000,2,1,1,pickup,19:30,25000,27000,0.5,Công nhân,Cơm tấm,Phường Đông Hòa
L08961,R065,2026-06-21,Cơm tấm bì,41000,54,19000,2,1,1,pickup,19:15,19000,22000,0.5,Công nhân,Cơm tấm,Phường Đông Hòa
L08962,R065,2026-06-21,Cơm tấm sườn nướng,44000,50,22000,2,1,1,pickup,19:30,22000,22000,0.5,Công nhân,Cơm tấm,Phường Đông Hòa
L08963,R066,2026-06-21,Cơm canh chua,30000,56,13000,4,3,1,pickup,09:00,39000,51000,0.75,Sinh viên,Cơm văn phòng,Phường An Khánh
L08964,R066,2026-06-21,Cơm gà xối mỡ,40000,59,16000,4,2,2,pickup,09:30,32000,48000,0.5,Sinh viên,Cơm văn phòng,Phường An Khánh
L08965,R066,2026-06-21,Cơm gà luộc,32000,60,13000,4,3,1,pickup,09:00,39000,57000,0.75,Sinh viên,Cơm văn phòng,Phường An Khánh
L08966,R067,2026-06-21,Cơm gà xối mỡ,41000,46,22000,1,0,1,pickup,19:15,0,0,0.0,Dân cư đông,Cơm văn phòng,Phường An Hội Đông
L08967,R067,2026-06-21,Cơm gà luộc,41000,50,20000,1,0,1,delivery,19:30,0,0,0.0,Dân cư đông,Cơm văn phòng,Phường An Hội Đông
L08968,R067,2026-06-21,Cơm sườn đậu hũ,27000,48,14000,1,0,1,delivery,19:15,0,0,0.0,Dân cư đông,Cơm văn phòng,Phường An Hội Đông
L08969,R067,2026-06-21,Cơm thịt kho trứng,46000,49,23000,1,0,1,pickup,19:00,0,0,0.0,Dân cư đông,Cơm văn phòng,Phường An Hội Đông
L08970,R067,2026-06-21,Cơm canh chua,35000,46,19000,1,0,1,pickup,19:30,0,0,0.0,Dân cư đông,Cơm văn phòng,Phường An Hội Đông
L08971,R068,2026-06-21,Bún riêu cua mọc,38000,33,25000,1,0,1,delivery,19:00,0,0,0.0,Trung tâm,Bún riêu,Phường Xuân Hòa
L08972,R068,2026-06-21,Bún riêu thập cẩm,38000,34,25000,1,0,1,delivery,19:30,0,0,0.0,Trung tâm,Bún riêu,Phường Xuân Hòa
L08973,R068,2026-06-21,Bún riêu cua,39000,38,24000,1,0,1,delivery,19:15,0,0,0.0,Trung tâm,Bún riêu,Phường Xuân Hòa
L08974,R069,2026-06-21,Bánh mì chả lụa,18000,42,10000,1,0,1,pickup,20:00,0,0,0.0,Ngoại ô,Bánh mì,Xã Xuân Thới Sơn
L08975,R069,2026-06-21,Bánh mì xíu mại,22000,51,11000,1,0,1,delivery,20:45,0,0,0.0,Ngoại ô,Bánh mì,Xã Xuân Thới Sơn
L08976,R069,2026-06-21,Bánh mì gà,29000,48,15000,1,0,1,delivery,20:00,0,0,0.0,Ngoại ô,Bánh mì,Xã Xuân Thới Sơn
L08977,R070,2026-06-21,Hủ tiếu bò kho,57000,58,24000,1,0,1,delivery,19:30,0,0,0.0,Dân cư đông,Hủ tiếu,Phường Gò Vấp
L08978,R070,2026-06-21,Hủ tiếu thập cẩm,43000,60,17000,1,0,1,pickup,19:45,0,0,0.0,Dân cư đông,Hủ tiếu,Phường Gò Vấp
L08979,R070,2026-06-21,Hủ tiếu sa tế,48000,58,20000,1,0,1,delivery,19:45,0,0,0.0,Dân cư đông,Hủ tiếu,Phường Gò Vấp
L08980,R070,2026-06-21,Hủ tiếu Nam Vang,56000,60,22000,1,0,1,delivery,19:30,0,0,0.0,Dân cư đông,Hủ tiếu,Phường Gò Vấp
L08981,R071,2026-06-21,Cơm tấm bì,41000,37,26000,4,1,3,pickup,11:00,26000,15000,0.25,Sinh viên,Cơm tấm,Phường Bình Trưng
L08982,R071,2026-06-21,Cơm tấm sườn trứng,49000,32,33000,3,0,3,pickup,11:15,0,0,0.0,Sinh viên,Cơm tấm,Phường Bình Trưng
L08983,R071,2026-06-21,Cơm tấm sườn nướng,45000,33,30000,3,1,2,pickup,11:30,30000,15000,0.333,Sinh viên,Cơm tấm,Phường Bình Trưng
L08984,R071,2026-06-21,Cơm tấm sườn bì chả,34000,31,23000,3,1,2,delivery,11:30,23000,11000,0.333,Sinh viên,Cơm tấm,Phường Bình Trưng
L08985,R071,2026-06-21,Cơm tấm đặc biệt,35000,30,24000,4,1,3,delivery,11:00,24000,11000,0.25,Sinh viên,Cơm tấm,Phường Bình Trưng
L08986,R072,2026-06-21,Cơm sườn đậu hũ,35000,54,16000,4,3,1,delivery,14:15,48000,57000,0.75,Trung tâm,Cơm văn phòng,Phường Bến Thành
L08987,R072,2026-06-21,Cơm canh chua,35000,55,16000,5,3,2,delivery,14:30,48000,57000,0.6,Trung tâm,Cơm văn phòng,Phường Bến Thành
L08988,R073,2026-06-21,Bánh mì xíu mại,21000,49,11000,2,1,1,delivery,16:15,11000,10000,0.5,Dân cư đông,Bánh mì,Phường Vĩnh Hội
L08989,R073,2026-06-21,Bánh mì thịt nguội,30000,42,17000,2,1,1,delivery,16:30,17000,13000,0.5,Dân cư đông,Bánh mì,Phường Vĩnh Hội
L08990,R074,2026-06-21,Cơm gà xối mỡ,46000,30,32000,1,0,1,pickup,17:15,0,0,0.0,Dân cư đông,Cơm văn phòng,Phường Bình Lợi Trung
L08991,R074,2026-06-21,Cơm gà luộc,53000,30,37000,2,0,2,pickup,17:30,0,0,0.0,Dân cư đông,Cơm văn phòng,Phường Bình Lợi Trung
L08992,R074,2026-06-21,Cơm sườn đậu hũ,39000,30,27000,2,0,2,pickup,17:15,0,0,0.0,Dân cư đông,Cơm văn phòng,Phường Bình Lợi Trung
L08993,R074,2026-06-21,Cơm canh chua,42000,30,29000,2,1,1,pickup,17:00,29000,13000,0.5,Dân cư đông,Cơm văn phòng,Phường Bình Lợi Trung
L08994,R074,2026-06-21,Cơm thịt kho trứng,46000,30,32000,2,1,1,pickup,17:45,32000,14000,0.5,Dân cư đông,Cơm văn phòng,Phường Bình Lợi Trung
L08995,R075,2026-06-21,Cơm tấm sườn bì chả,44000,55,20000,3,2,1,delivery,15:45,40000,48000,0.667,Dân cư đông,Cơm tấm,Phường Vĩnh Hội
L08996,R075,2026-06-21,Cơm tấm sườn trứng,39000,53,18000,4,3,1,pickup,15:30,54000,63000,0.75,Dân cư đông,Cơm tấm,Phường Vĩnh Hội
L08997,R075,2026-06-21,Cơm tấm bì,36000,51,18000,4,3,1,pickup,15:45,54000,54000,0.75,Dân cư đông,Cơm tấm,Phường Vĩnh Hội
L08998,R076,2026-06-21,Phở bò chín,53000,40,32000,6,4,2,pickup,12:30,128000,84000,0.667,Dân cư đông,Phở,Phường An Nhơn
L08999,R076,2026-06-21,Phở gà,44000,42,26000,5,3,2,pickup,12:45,78000,54000,0.6,Dân cư đông,Phở,Phường An Nhơn
L09000,R076,2026-06-21,Phở bò tái,47000,48,24000,5,3,2,pickup,12:00,72000,69000,0.6,Dân cư đông,Phở,Phường An Nhơn
L09001,R077,2026-06-21,Cơm tấm đặc biệt,39000,44,22000,2,1,1,pickup,14:45,22000,17000,0.5,Trung tâm,Cơm tấm,Phường Xuân Hòa
L09002,R077,2026-06-21,Cơm tấm sườn nướng,38000,42,22000,2,1,1,delivery,14:00,22000,16000,0.5,Trung tâm,Cơm tấm,Phường Xuân Hòa
L09003,R077,2026-06-21,Cơm tấm sườn trứng,32000,45,18000,2,1,1,pickup,14:15,18000,14000,0.5,Trung tâm,Cơm tấm,Phường Xuân Hòa
L09004,R078,2026-06-21,Bún riêu thập cẩm,44000,42,26000,2,1,1,pickup,13:00,26000,18000,0.5,Công nhân,Bún riêu,Phường Tân Đông Hiệp
L09005,R078,2026-06-21,Bún riêu cua,38000,33,25000,2,0,2,delivery,13:30,0,0,0.0,Công nhân,Bún riêu,Phường Tân Đông Hiệp
L09006,R078,2026-06-21,Bún riêu cua đồng,40000,42,23000,2,1,1,pickup,13:00,23000,17000,0.5,Công nhân,Bún riêu,Phường Tân Đông Hiệp
L09007,R078,2026-06-21,Bún riêu cua mọc,39000,36,25000,2,0,2,pickup,13:15,0,0,0.0,Công nhân,Bún riêu,Phường Tân Đông Hiệp
L09008,R079,2026-06-21,Cơm tấm sườn bì chả,37000,43,21000,9,5,4,delivery,16:15,105000,80000,0.556,Sinh viên,Cơm tấm,Phường Bình Trưng
L09009,R080,2026-06-21,Cơm tấm sườn trứng,37000,46,20000,1,0,1,pickup,09:45,0,0,0.0,Dân cư đông,Cơm tấm,Phường An Hội Đông
L09010,R080,2026-06-21,Cơm tấm sườn bì chả,39000,47,21000,2,1,1,delivery,09:00,21000,18000,0.5,Dân cư đông,Cơm tấm,Phường An Hội Đông
L09011,R080,2026-06-21,Cơm tấm sườn nướng,36000,48,19000,1,0,1,pickup,09:15,0,0,0.0,Dân cư đông,Cơm tấm,Phường An Hội Đông
L09012,R080,2026-06-21,Cơm tấm bì,43000,51,21000,2,1,1,pickup,09:15,21000,22000,0.5,Dân cư đông,Cơm tấm,Phường An Hội Đông
L09013,R080,2026-06-21,Cơm tấm đặc biệt,47000,44,26000,1,0,1,pickup,09:00,0,0,0.0,Dân cư đông,Cơm tấm,Phường An Hội Đông
L09014,R081,2026-06-21,Bún riêu cua đồng,37000,57,16000,3,2,1,pickup,09:30,32000,42000,0.667,Công nhân,Bún riêu,Phường Đông Hòa
L09015,R081,2026-06-21,Bún riêu cua mọc,37000,56,16000,3,2,1,pickup,09:30,32000,42000,0.667,Công nhân,Bún riêu,Phường Đông Hòa
L09016,R081,2026-06-21,Bún riêu cua,40000,49,20000,3,2,1,pickup,09:45,40000,40000,0.667,Công nhân,Bún riêu,Phường Đông Hòa
L09017,R081,2026-06-21,Bún riêu thập cẩm,32000,57,14000,4,3,1,pickup,09:30,42000,54000,0.75,Công nhân,Bún riêu,Phường Đông Hòa
L09018,R082,2026-06-21,Hủ tiếu mì,51000,52,24000,9,6,3,delivery,19:30,144000,162000,0.667,Sinh viên,Hủ tiếu,Phường Tăng Nhơn Phú
L09019,R082,2026-06-21,Hủ tiếu sa tế,50000,49,26000,10,6,4,pickup,19:00,156000,144000,0.6,Sinh viên,Hủ tiếu,Phường Tăng Nhơn Phú
L09020,R083,2026-06-21,Cơm tấm sườn trứng,41000,38,25000,2,1,1,delivery,14:45,25000,16000,0.5,Trung tâm,Cơm tấm,Phường Sài Gòn
L09021,R083,2026-06-21,Cơm tấm đặc biệt,42000,32,29000,1,0,1,pickup,14:45,0,0,0.0,Trung tâm,Cơm tấm,Phường Sài Gòn
L09022,R083,2026-06-21,Cơm tấm sườn bì chả,29000,33,19000,1,0,1,delivery,14:15,0,0,0.0,Trung tâm,Cơm tấm,Phường Sài Gòn
L09023,R084,2026-06-21,Bún riêu cua mọc,43000,37,27000,1,0,1,pickup,18:45,0,0,0.0,Sinh viên,Bún riêu,Phường Hiệp Bình
L09024,R085,2026-06-21,Bánh mì thịt nguội,23000,53,11000,18,13,5,pickup,20:00,143000,156000,0.722,Sinh viên,Bánh mì,Phường Tăng Nhơn Phú
L09025,R086,2026-06-21,Phở bò tái nạm,52000,55,23000,1,0,1,delivery,10:00,0,0,0.0,Dân cư đông,Phở,Phường Tân Sơn Nhất
L09026,R086,2026-06-21,Phở gà,49000,55,22000,1,0,1,delivery,10:00,0,0,0.0,Dân cư đông,Phở,Phường Tân Sơn Nhất
L09027,R086,2026-06-21,Phở bò tái,47000,57,20000,1,0,1,delivery,10:00,0,0,0.0,Dân cư đông,Phở,Phường Tân Sơn Nhất
L09028,R086,2026-06-21,Phở bò chín,42000,56,18000,1,0,1,delivery,10:00,0,0,0.0,Dân cư đông,Phở,Phường Tân Sơn Nhất
L09029,R086,2026-06-21,Phở bò viên,44000,51,22000,1,0,1,delivery,10:45,0,0,0.0,Dân cư đông,Phở,Phường Tân Sơn Nhất
L09030,R087,2026-06-21,Phở bò viên,52000,32,35000,15,6,9,pickup,13:15,210000,102000,0.4,Công nhân,Phở,Phường Thuận An
L09031,R087,2026-06-21,Phở bò tái,46000,38,29000,14,5,9,pickup,13:30,145000,85000,0.357,Công nhân,Phở,Phường Thuận An
L09032,R088,2026-06-21,Cơm tấm sườn trứng,41000,53,19000,2,1,1,pickup,09:15,19000,22000,0.5,Dân cư đông,Cơm tấm,Phường Gò Vấp
L09033,R088,2026-06-21,Cơm tấm sườn bì chả,39000,55,18000,2,1,1,pickup,09:30,18000,21000,0.5,Dân cư đông,Cơm tấm,Phường Gò Vấp
L09034,R088,2026-06-21,Cơm tấm đặc biệt,45000,57,19000,3,2,1,delivery,09:45,38000,52000,0.667,Dân cư đông,Cơm tấm,Phường Gò Vấp
L09035,R088,2026-06-21,Cơm tấm bì,41000,57,18000,2,1,1,pickup,09:00,18000,23000,0.5,Dân cư đông,Cơm tấm,Phường Gò Vấp
L09036,R088,2026-06-21,Cơm tấm sườn nướng,29000,55,13000,3,2,1,delivery,09:45,26000,32000,0.667,Dân cư đông,Cơm tấm,Phường Gò Vấp
L09037,R089,2026-06-21,Hủ tiếu mì,54000,30,38000,1,0,1,delivery,15:30,0,0,0.0,Công nhân,Hủ tiếu,Phường Đông Hòa
L09038,R089,2026-06-21,Hủ tiếu sa tế,47000,30,33000,1,0,1,pickup,15:00,0,0,0.0,Công nhân,Hủ tiếu,Phường Đông Hòa
L09039,R089,2026-06-21,Hủ tiếu thập cẩm,37000,33,25000,1,0,1,delivery,15:30,0,0,0.0,Công nhân,Hủ tiếu,Phường Đông Hòa
L09040,R089,2026-06-21,Hủ tiếu bò kho,55000,30,38000,1,0,1,delivery,15:15,0,0,0.0,Công nhân,Hủ tiếu,Phường Đông Hòa
L09041,R090,2026-06-21,Hủ tiếu mì,56000,35,36000,13,5,8,pickup,09:00,180000,100000,0.385,Sinh viên,Hủ tiếu,Phường Thủ Đức
L09042,R091,2026-06-21,Bánh mì gà,23000,52,11000,2,1,1,delivery,12:00,11000,12000,0.5,Dân cư đông,Bánh mì,Phường Xóm Chiếu
L09043,R092,2026-06-21,Cơm tấm sườn trứng,35000,33,23000,3,1,2,pickup,17:30,23000,12000,0.333,Dân cư đông,Cơm tấm,Phường Gia Định
L09044,R092,2026-06-21,Cơm tấm bì,29000,32,20000,2,0,2,delivery,17:45,0,0,0.0,Dân cư đông,Cơm tấm,Phường Gia Định
L09045,R092,2026-06-21,Cơm tấm sườn bì chả,42000,34,28000,3,1,2,delivery,17:30,28000,14000,0.333,Dân cư đông,Cơm tấm,Phường Gia Định
L09046,R092,2026-06-21,Cơm tấm đặc biệt,42000,34,28000,2,1,1,pickup,17:30,28000,14000,0.5,Dân cư đông,Cơm tấm,Phường Gia Định
L09047,R092,2026-06-21,Cơm tấm sườn nướng,35000,31,24000,3,1,2,pickup,17:00,24000,11000,0.333,Dân cư đông,Cơm tấm,Phường Gia Định
L09048,R093,2026-06-21,Phở bò tái nạm,63000,36,40000,5,2,3,delivery,09:30,80000,46000,0.4,Công nhân,Phở,Phường Tân Đông Hiệp
L09049,R093,2026-06-21,Phở bò chín,57000,33,38000,5,2,3,delivery,09:15,76000,38000,0.4,Công nhân,Phở,Phường Tân Đông Hiệp
L09050,R093,2026-06-21,Phở bò tái,36000,40,22000,6,4,2,pickup,09:00,88000,56000,0.667,Công nhân,Phở,Phường Tân Đông Hiệp
L09051,R093,2026-06-21,Phở bò viên,42000,40,25000,5,3,2,delivery,09:45,75000,51000,0.6,Công nhân,Phở,Phường Tân Đông Hiệp
L09052,R094,2026-06-21,Hủ tiếu bò kho,39000,50,20000,7,5,2,pickup,12:45,100000,95000,0.714,Dân cư đông,Hủ tiếu,Phường Bình Lợi Trung
L09053,R095,2026-06-21,Cơm tấm bì,37000,60,15000,2,1,1,pickup,14:30,15000,22000,0.5,Công nhân,Cơm tấm,Phường Lái Thiêu
L09054,R095,2026-06-21,Cơm tấm sườn bì chả,28000,60,11000,2,1,1,delivery,14:45,11000,17000,0.5,Công nhân,Cơm tấm,Phường Lái Thiêu
L09055,R095,2026-06-21,Cơm tấm đặc biệt,37000,60,15000,2,1,1,delivery,14:00,15000,22000,0.5,Công nhân,Cơm tấm,Phường Lái Thiêu
L09056,R095,2026-06-21,Cơm tấm sườn nướng,27000,60,11000,2,1,1,delivery,14:45,11000,16000,0.5,Công nhân,Cơm tấm,Phường Lái Thiêu
L09057,R096,2026-06-21,Cơm sườn đậu hũ,30000,47,16000,9,5,4,pickup,14:00,80000,70000,0.556,Công nhân,Cơm văn phòng,Phường Lái Thiêu
L09058,R096,2026-06-21,Cơm gà xối mỡ,30000,43,17000,11,6,5,pickup,14:30,102000,78000,0.545,Công nhân,Cơm văn phòng,Phường Lái Thiêu
L09059,R097,2026-06-21,Hủ tiếu bò kho,52000,48,27000,3,1,2,pickup,20:45,27000,25000,0.333,Công nhân,Hủ tiếu,Phường Tân Đông Hiệp
L09060,R097,2026-06-21,Hủ tiếu Nam Vang,39000,48,20000,3,2,1,delivery,20:00,40000,38000,0.667,Công nhân,Hủ tiếu,Phường Tân Đông Hiệp
L09061,R097,2026-06-21,Hủ tiếu mì,56000,55,25000,2,1,1,pickup,20:45,25000,31000,0.5,Công nhân,Hủ tiếu,Phường Tân Đông Hiệp
L09062,R098,2026-06-21,Bún riêu cua đồng,45000,40,27000,2,1,1,delivery,16:30,27000,18000,0.5,Trung tâm,Bún riêu,Phường Xuân Hòa
L09063,R099,2026-06-21,Cơm thịt kho trứng,39000,58,16000,1,0,1,pickup,09:45,0,0,0.0,Sinh viên,Cơm văn phòng,Phường An Khánh
L09064,R099,2026-06-21,Cơm gà xối mỡ,29000,60,12000,1,0,1,pickup,09:30,0,0,0.0,Sinh viên,Cơm văn phòng,Phường An Khánh
L09065,R099,2026-06-21,Cơm sườn đậu hũ,46000,56,20000,1,0,1,pickup,09:15,0,0,0.0,Sinh viên,Cơm văn phòng,Phường An Khánh
L09066,R099,2026-06-21,Cơm canh chua,38000,59,16000,1,0,1,pickup,09:45,0,0,0.0,Sinh viên,Cơm văn phòng,Phường An Khánh
L09067,R099,2026-06-21,Cơm gà luộc,50000,54,23000,1,0,1,pickup,09:00,0,0,0.0,Sinh viên,Cơm văn phòng,Phường An Khánh
L09068,R100,2026-06-21,Hủ tiếu Nam Vang,43000,39,26000,2,1,1,delivery,15:45,26000,17000,0.5,Trung tâm,Hủ tiếu,Phường Tân Định
L09069,R100,2026-06-21,Hủ tiếu bò kho,57000,44,32000,3,2,1,pickup,15:00,64000,50000,0.667,Trung tâm,Hủ tiếu,Phường Tân Định
L09070,R101,2026-06-21,Phở bò chín,40000,30,28000,1,0,1,pickup,09:15,0,0,0.0,Công nhân,Phở,Phường Bình Hòa
L09071,R101,2026-06-21,Phở bò viên,49000,35,32000,1,0,1,pickup,09:15,0,0,0.0,Công nhân,Phở,Phường Bình Hòa
L09072,R101,2026-06-21,Phở bò tái nạm,48000,30,34000,1,0,1,pickup,09:45,0,0,0.0,Công nhân,Phở,Phường Bình Hòa
L09073,R102,2026-06-21,Bún bò viên,59000,50,30000,1,0,1,pickup,15:30,0,0,0.0,Sinh viên,Bún bò,Phường Thủ Đức
L09074,R102,2026-06-21,Bún bò giò heo,37000,51,18000,2,1,1,delivery,15:30,18000,19000,0.5,Sinh viên,Bún bò,Phường Thủ Đức
L09075,R102,2026-06-21,Bún bò Huế đặc biệt,45000,50,22000,1,0,1,delivery,15:45,0,0,0.0,Sinh viên,Bún bò,Phường Thủ Đức
L09076,R102,2026-06-21,Bún bò gân,49000,55,22000,2,1,1,delivery,15:15,22000,27000,0.5,Sinh viên,Bún bò,Phường Thủ Đức
L09077,R103,2026-06-21,Cơm gà luộc,41000,36,26000,6,2,4,delivery,11:15,52000,30000,0.333,Công nhân,Cơm văn phòng,Phường Đông Hòa
L09078,R103,2026-06-21,Cơm thịt kho trứng,36000,32,24000,5,2,3,delivery,11:45,48000,24000,0.4,Công nhân,Cơm văn phòng,Phường Đông Hòa
L09079,R103,2026-06-21,Cơm gà xối mỡ,40000,36,26000,7,3,4,delivery,11:00,78000,42000,0.429,Công nhân,Cơm văn phòng,Phường Đông Hòa
L09080,R104,2026-06-21,Bánh mì xíu mại,25000,48,13000,1,0,1,pickup,19:00,0,0,0.0,Dân cư đông,Bánh mì,Phường Thông Tây Hội
L09081,R104,2026-06-21,Bánh mì gà,27000,46,15000,1,0,1,pickup,19:15,0,0,0.0,Dân cư đông,Bánh mì,Phường Thông Tây Hội
L09082,R104,2026-06-21,Bánh mì thịt nguội,20000,51,10000,1,0,1,pickup,19:15,0,0,0.0,Dân cư đông,Bánh mì,Phường Thông Tây Hội
L09083,R104,2026-06-21,Bánh mì trứng,23000,47,12000,1,0,1,pickup,19:00,0,0,0.0,Dân cư đông,Bánh mì,Phường Thông Tây Hội
L09084,R104,2026-06-21,Bánh mì chả lụa,22000,48,11000,1,0,1,pickup,19:30,0,0,0.0,Dân cư đông,Bánh mì,Phường Thông Tây Hội
L09085,R105,2026-06-21,Bánh mì trứng,19000,30,13000,6,2,4,pickup,16:15,26000,12000,0.333,Sinh viên,Bánh mì,Phường Tam Bình
L09086,R105,2026-06-21,Bánh mì thịt nguội,19000,37,12000,6,3,3,pickup,16:30,36000,21000,0.5,Sinh viên,Bánh mì,Phường Tam Bình
L09087,R106,2026-06-21,Phở bò chín,58000,52,28000,6,5,1,pickup,11:30,140000,150000,0.833,Công nhân,Phở,Phường An Phú
L09088,R106,2026-06-21,Phở bò tái nạm,41000,57,18000,8,7,1,pickup,11:30,126000,161000,0.875,Công nhân,Phở,Phường An Phú
L09089,R106,2026-06-21,Phở gà,45000,58,19000,6,5,1,pickup,11:00,95000,130000,0.833,Công nhân,Phở,Phường An Phú
L09090,R107,2026-06-21,Hủ tiếu Nam Vang,45000,34,30000,16,6,10,pickup,09:30,180000,90000,0.375,Dân cư đông,Hủ tiếu,Phường Gò Vấp
L09091,R108,2026-06-21,Cơm tấm sườn nướng,38000,48,20000,3,2,1,pickup,16:15,40000,36000,0.667,Sinh viên,Cơm tấm,Phường Thủ Đức
L09092,R108,2026-06-21,Cơm tấm bì,44000,47,23000,4,2,2,delivery,16:30,46000,42000,0.5,Sinh viên,Cơm tấm,Phường Thủ Đức
L09093,R108,2026-06-21,Cơm tấm sườn trứng,36000,45,20000,4,2,2,delivery,16:15,40000,32000,0.5,Sinh viên,Cơm tấm,Phường Thủ Đức
L09094,R108,2026-06-21,Cơm tấm đặc biệt,30000,48,16000,3,1,2,delivery,16:45,16000,14000,0.333,Sinh viên,Cơm tấm,Phường Thủ Đức
L09095,R109,2026-06-21,Hủ tiếu thập cẩm,50000,58,21000,1,0,1,pickup,11:15,0,0,0.0,Trung tâm,Hủ tiếu,Phường Sài Gòn
L09096,R109,2026-06-21,Hủ tiếu sa tế,52000,60,21000,1,0,1,pickup,11:45,0,0,0.0,Trung tâm,Hủ tiếu,Phường Sài Gòn
L09097,R109,2026-06-21,Hủ tiếu bò kho,60000,60,24000,1,0,1,delivery,11:30,0,0,0.0,Trung tâm,Hủ tiếu,Phường Sài Gòn
L09098,R110,2026-06-21,Phở gà,53000,56,23000,3,2,1,delivery,10:30,46000,60000,0.667,Sinh viên,Phở,Phường Hiệp Bình
L09099,R110,2026-06-21,Phở bò chín,42000,60,17000,4,3,1,pickup,10:00,51000,75000,0.75,Sinh viên,Phở,Phường Hiệp Bình
L09100,R111,2026-06-21,Bánh mì trứng,22000,51,11000,4,3,1,delivery,09:00,33000,33000,0.75,Sinh viên,Bánh mì,Phường Long Bình
L09101,R112,2026-06-21,Hủ tiếu thập cẩm,42000,53,20000,1,0,1,delivery,11:30,0,0,0.0,Dân cư đông,Hủ tiếu,Phường Gò Vấp
L09102,R112,2026-06-21,Hủ tiếu mì,56000,55,25000,1,0,1,delivery,11:30,0,0,0.0,Dân cư đông,Hủ tiếu,Phường Gò Vấp
L09103,R112,2026-06-21,Hủ tiếu Nam Vang,49000,49,25000,1,0,1,delivery,11:45,0,0,0.0,Dân cư đông,Hủ tiếu,Phường Gò Vấp
L09104,R112,2026-06-21,Hủ tiếu sa tế,47000,46,25000,1,0,1,delivery,11:15,0,0,0.0,Dân cư đông,Hủ tiếu,Phường Gò Vấp
L09105,R112,2026-06-21,Hủ tiếu bò kho,56000,53,26000,1,0,1,delivery,11:45,0,0,0.0,Dân cư đông,Hủ tiếu,Phường Gò Vấp
L09106,R113,2026-06-21,Bánh mì trứng,30000,50,15000,1,0,1,delivery,10:45,0,0,0.0,Dân cư đông,Bánh mì,Phường Tân Hòa
L09107,R113,2026-06-21,Bánh mì xíu mại,27000,44,15000,1,0,1,delivery,10:30,0,0,0.0,Dân cư đông,Bánh mì,Phường Tân Hòa
L09108,R113,2026-06-21,Bánh mì gà,20000,48,10000,1,0,1,delivery,10:00,0,0,0.0,Dân cư đông,Bánh mì,Phường Tân Hòa
L09109,R113,2026-06-21,Bánh mì thịt nguội,22000,45,12000,1,0,1,delivery,10:30,0,0,0.0,Dân cư đông,Bánh mì,Phường Tân Hòa
L09110,R113,2026-06-21,Bánh mì chả lụa,26000,46,14000,1,0,1,delivery,10:30,0,0,0.0,Dân cư đông,Bánh mì,Phường Tân Hòa
L09111,R114,2026-06-21,Cơm gà xối mỡ,44000,40,26000,1,0,1,pickup,10:00,0,0,0.0,Công nhân,Cơm văn phòng,Phường Bình Hòa
L09112,R114,2026-06-21,Cơm thịt kho trứng,28000,39,17000,1,0,1,pickup,10:45,0,0,0.0,Công nhân,Cơm văn phòng,Phường Bình Hòa
L09113,R114,2026-06-21,Cơm canh chua,36000,45,20000,2,1,1,pickup,10:00,20000,16000,0.5,Công nhân,Cơm văn phòng,Phường Bình Hòa
L09114,R114,2026-06-21,Cơm gà luộc,39000,39,24000,1,0,1,pickup,10:30,0,0,0.0,Công nhân,Cơm văn phòng,Phường Bình Hòa
L09115,R115,2026-06-21,Cơm tấm đặc biệt,32000,45,18000,1,0,1,pickup,14:15,0,0,0.0,Dân cư đông,Cơm tấm,Phường Khánh Hội
L09116,R115,2026-06-21,Cơm tấm sườn bì chả,34000,38,21000,1,0,1,pickup,14:15,0,0,0.0,Dân cư đông,Cơm tấm,Phường Khánh Hội
L09117,R116,2026-06-21,Cơm sườn đậu hũ,34000,40,20000,2,1,1,delivery,20:15,20000,14000,0.5,Dân cư đông,Cơm văn phòng,Phường Bình Lợi Trung
L09118,R116,2026-06-21,Cơm canh chua,33000,38,20000,2,0,2,delivery,20:15,0,0,0.0,Dân cư đông,Cơm văn phòng,Phường Bình Lợi Trung
L09119,R117,2026-06-21,Bánh mì thịt nguội,25000,38,16000,1,0,1,delivery,09:00,0,0,0.0,Sinh viên,Bánh mì,Phường Hiệp Bình
L09120,R117,2026-06-21,Bánh mì chả lụa,23000,38,14000,1,0,1,delivery,09:30,0,0,0.0,Sinh viên,Bánh mì,Phường Hiệp Bình
L09121,R117,2026-06-21,Bánh mì trứng,22000,39,13000,1,0,1,delivery,09:00,0,0,0.0,Sinh viên,Bánh mì,Phường Hiệp Bình
L09122,R118,2026-06-21,Bánh mì thịt nguội,30000,31,21000,4,1,3,pickup,10:30,21000,9000,0.25,Dân cư đông,Bánh mì,Phường Gò Vấp
L09123,R118,2026-06-21,Bánh mì chả lụa,26000,32,18000,3,1,2,pickup,10:45,18000,8000,0.333,Dân cư đông,Bánh mì,Phường Gò Vấp
L09124,R118,2026-06-21,Bánh mì trứng,29000,30,20000,4,2,2,pickup,10:30,40000,18000,0.5,Dân cư đông,Bánh mì,Phường Gò Vấp
L09125,R119,2026-06-21,Bún bò gân,42000,51,21000,6,4,2,pickup,14:45,84000,84000,0.667,Công nhân,Bún bò,Phường Đông Hòa
L09126,R120,2026-06-21,Bún bò Huế đặc biệt,43000,59,18000,1,0,1,pickup,11:30,0,0,0.0,Dân cư đông,Bún bò,Phường Hạnh Thông
L09127,R120,2026-06-21,Bún bò thập cẩm,61000,53,29000,1,0,1,pickup,11:00,0,0,0.0,Dân cư đông,Bún bò,Phường Hạnh Thông
L09128,R120,2026-06-21,Bún bò gân,56000,50,28000,1,0,1,pickup,11:30,0,0,0.0,Dân cư đông,Bún bò,Phường Hạnh Thông
L09129,R120,2026-06-21,Bún bò giò heo,54000,54,25000,1,0,1,pickup,11:30,0,0,0.0,Dân cư đông,Bún bò,Phường Hạnh Thông
L09130,R120,2026-06-21,Bún bò viên,53000,58,22000,1,0,1,pickup,11:00,0,0,0.0,Dân cư đông,Bún bò,Phường Hạnh Thông
L09131,R121,2026-06-21,Cơm gà luộc,35000,38,22000,1,0,1,pickup,12:30,0,0,0.0,Dân cư đông,Cơm văn phòng,Phường Gò Vấp
L09132,R121,2026-06-21,Cơm gà xối mỡ,34000,35,22000,1,0,1,pickup,12:15,0,0,0.0,Dân cư đông,Cơm văn phòng,Phường Gò Vấp
L09133,R121,2026-06-21,Cơm thịt kho trứng,45000,39,27000,1,0,1,pickup,12:00,0,0,0.0,Dân cư đông,Cơm văn phòng,Phường Gò Vấp
L09134,R121,2026-06-21,Cơm sườn đậu hũ,41000,37,26000,1,0,1,pickup,12:30,0,0,0.0,Dân cư đông,Cơm văn phòng,Phường Gò Vấp
L09135,R121,2026-06-21,Cơm canh chua,49000,41,29000,1,0,1,pickup,12:00,0,0,0.0,Dân cư đông,Cơm văn phòng,Phường Gò Vấp
L09136,R122,2026-06-21,Bún riêu cua đồng,36000,46,19000,6,3,3,pickup,09:15,57000,51000,0.5,Sinh viên,Bún riêu,Phường Linh Xuân
L09137,R123,2026-06-21,Cơm gà xối mỡ,44000,58,18000,16,10,6,pickup,16:45,180000,260000,0.625,Sinh viên,Cơm văn phòng,Phường Bình Trưng
L09138,R124,2026-06-21,Bún bò viên,49000,30,34000,3,1,2,delivery,15:15,34000,15000,0.333,Sinh viên,Bún bò,Phường Cát Lái
L09139,R124,2026-06-21,Bún bò gân,44000,31,30000,2,1,1,delivery,15:00,30000,14000,0.5,Sinh viên,Bún bò,Phường Cát Lái
L09140,R124,2026-06-21,Bún bò thập cẩm,54000,30,38000,3,1,2,delivery,15:00,38000,16000,0.333,Sinh viên,Bún bò,Phường Cát Lái
L09141,R124,2026-06-21,Bún bò giò heo,38000,33,25000,2,1,1,pickup,15:15,25000,13000,0.5,Sinh viên,Bún bò,Phường Cát Lái
L09142,R124,2026-06-21,Bún bò Huế đặc biệt,42000,35,27000,3,0,3,delivery,15:30,0,0,0.0,Sinh viên,Bún bò,Phường Cát Lái
L09143,R125,2026-06-21,Bánh mì thịt nguội,26000,54,12000,2,1,1,pickup,15:45,12000,14000,0.5,Công nhân,Bánh mì,Phường Lái Thiêu
L09144,R125,2026-06-21,Bánh mì trứng,24000,57,10000,3,2,1,delivery,15:45,20000,28000,0.667,Công nhân,Bánh mì,Phường Lái Thiêu
L09145,R126,2026-06-21,Phở gà,45000,40,27000,2,1,1,delivery,11:00,27000,18000,0.5,Dân cư đông,Phở,Phường Gò Vấp
L09146,R126,2026-06-21,Phở bò chín,45000,31,31000,3,1,2,delivery,11:15,31000,14000,0.333,Dân cư đông,Phở,Phường Gò Vấp
L09147,R126,2026-06-21,Phở bò tái nạm,41000,39,25000,2,1,1,delivery,11:45,25000,16000,0.5,Dân cư đông,Phở,Phường Gò Vấp
L09148,R126,2026-06-21,Phở bò tái,47000,37,30000,3,1,2,delivery,11:00,30000,17000,0.333,Dân cư đông,Phở,Phường Gò Vấp
L09149,R126,2026-06-21,Phở bò viên,39000,38,24000,2,0,2,delivery,11:00,0,0,0.0,Dân cư đông,Phở,Phường Gò Vấp
L09150,R127,2026-06-21,Cơm thịt kho trứng,40000,34,26000,2,0,2,delivery,18:15,0,0,0.0,Dân cư đông,Cơm văn phòng,Phường Tân Sơn Nhất
L09151,R127,2026-06-21,Cơm gà xối mỡ,29000,39,18000,3,1,2,delivery,18:45,18000,11000,0.333,Dân cư đông,Cơm văn phòng,Phường Tân Sơn Nhất
L09152,R127,2026-06-21,Cơm gà luộc,33000,39,20000,2,0,2,delivery,18:15,0,0,0.0,Dân cư đông,Cơm văn phòng,Phường Tân Sơn Nhất
L09153,R127,2026-06-21,Cơm canh chua,46000,37,29000,3,1,2,delivery,18:00,29000,17000,0.333,Dân cư đông,Cơm văn phòng,Phường Tân Sơn Nhất
L09154,R127,2026-06-21,Cơm sườn đậu hũ,41000,34,27000,3,1,2,delivery,18:00,27000,14000,0.333,Dân cư đông,Cơm văn phòng,Phường Tân Sơn Nhất
L09155,R128,2026-06-21,Bánh mì gà,25000,30,18000,4,1,3,delivery,18:30,18000,7000,0.25,Trung tâm,Bánh mì,Phường Đức Nhuận
L09156,R128,2026-06-21,Bánh mì chả lụa,27000,35,18000,4,2,2,delivery,18:15,36000,18000,0.5,Trung tâm,Bánh mì,Phường Đức Nhuận
L09157,R129,2026-06-21,Phở gà,45000,47,24000,2,1,1,pickup,11:30,24000,21000,0.5,Công nhân,Phở,Phường Dĩ An
L09158,R129,2026-06-21,Phở bò viên,47000,47,25000,2,1,1,pickup,11:15,25000,22000,0.5,Công nhân,Phở,Phường Dĩ An
L09159,R129,2026-06-21,Phở bò tái nạm,51000,52,24000,2,1,1,pickup,11:00,24000,27000,0.5,Công nhân,Phở,Phường Dĩ An
L09160,R130,2026-06-21,Phở bò viên,46000,45,25000,4,3,1,delivery,10:30,75000,63000,0.75,Công nhân,Phở,Phường Lái Thiêu
L09161,R130,2026-06-21,Phở bò tái,42000,40,25000,4,2,2,delivery,10:15,50000,34000,0.5,Công nhân,Phở,Phường Lái Thiêu
L09162,R130,2026-06-21,Phở bò tái nạm,58000,48,30000,4,3,1,delivery,10:00,90000,84000,0.75,Công nhân,Phở,Phường Lái Thiêu
L09163,R130,2026-06-21,Phở bò chín,58000,44,32000,4,2,2,delivery,10:30,64000,52000,0.5,Công nhân,Phở,Phường Lái Thiêu
L09164,R131,2026-06-21,Bún bò viên,55000,47,29000,1,0,1,pickup,20:45,0,0,0.0,Sinh viên,Bún bò,Phường Phước Long
L09165,R131,2026-06-21,Bún bò giò heo,46000,48,24000,1,0,1,pickup,20:30,0,0,0.0,Sinh viên,Bún bò,Phường Phước Long
L09166,R131,2026-06-21,Bún bò Huế đặc biệt,47000,52,23000,1,0,1,pickup,20:15,0,0,0.0,Sinh viên,Bún bò,Phường Phước Long
L09167,R131,2026-06-21,Bún bò thập cẩm,39000,47,21000,1,0,1,pickup,20:30,0,0,0.0,Sinh viên,Bún bò,Phường Phước Long
L09168,R132,2026-06-21,Cơm gà xối mỡ,43000,46,23000,4,3,1,delivery,09:45,69000,60000,0.75,Sinh viên,Cơm văn phòng,Phường Linh Xuân
L09169,R132,2026-06-21,Cơm thịt kho trứng,30000,41,18000,3,1,2,delivery,09:00,18000,12000,0.333,Sinh viên,Cơm văn phòng,Phường Linh Xuân
L09170,R132,2026-06-21,Cơm sườn đậu hũ,33000,50,16000,4,2,2,delivery,09:15,32000,34000,0.5,Sinh viên,Cơm văn phòng,Phường Linh Xuân
L09171,R133,2026-06-21,Hủ tiếu sa tế,41000,38,25000,11,4,7,delivery,15:15,100000,64000,0.364,Sinh viên,Hủ tiếu,Phường Cát Lái
L09172,R134,2026-06-21,Cơm tấm bì,35000,37,22000,1,0,1,delivery,15:30,0,0,0.0,Dân cư đông,Cơm tấm,Phường An Nhơn
L09173,R134,2026-06-21,Cơm tấm đặc biệt,50000,30,35000,1,0,1,delivery,15:00,0,0,0.0,Dân cư đông,Cơm tấm,Phường An Nhơn
L09174,R134,2026-06-21,Cơm tấm sườn nướng,43000,37,27000,1,0,1,delivery,15:00,0,0,0.0,Dân cư đông,Cơm tấm,Phường An Nhơn
L09175,R135,2026-06-21,Bún bò gân,52000,45,29000,7,4,3,pickup,20:00,116000,92000,0.571,Sinh viên,Bún bò,Phường Cát Lái
L09176,R135,2026-06-21,Bún bò viên,39000,49,20000,7,4,3,pickup,20:00,80000,76000,0.571,Sinh viên,Bún bò,Phường Cát Lái
L09177,R135,2026-06-21,Bún bò Huế đặc biệt,39000,51,19000,6,4,2,pickup,20:45,76000,80000,0.667,Sinh viên,Bún bò,Phường Cát Lái
L09178,R136,2026-06-21,Bún bò Huế đặc biệt,40000,59,16000,6,5,1,delivery,10:30,80000,120000,0.833,Công nhân,Bún bò,Phường Đông Hòa
L09179,R136,2026-06-21,Bún bò thập cẩm,44000,54,20000,6,5,1,pickup,10:45,100000,120000,0.833,Công nhân,Bún bò,Phường Đông Hòa
L09180,R136,2026-06-21,Bún bò viên,52000,58,22000,7,6,1,delivery,10:00,132000,180000,0.857,Công nhân,Bún bò,Phường Đông Hòa
L09181,R137,2026-06-21,Hủ tiếu thập cẩm,45000,48,23000,1,0,1,delivery,15:00,0,0,0.0,Dân cư đông,Hủ tiếu,Phường Tân Sơn Nhất
L09182,R137,2026-06-21,Hủ tiếu Nam Vang,41000,46,22000,1,0,1,delivery,15:45,0,0,0.0,Dân cư đông,Hủ tiếu,Phường Tân Sơn Nhất
L09183,R137,2026-06-21,Hủ tiếu mì,45000,41,27000,1,0,1,delivery,15:30,0,0,0.0,Dân cư đông,Hủ tiếu,Phường Tân Sơn Nhất
L09184,R137,2026-06-21,Hủ tiếu sa tế,46000,41,27000,1,0,1,delivery,15:30,0,0,0.0,Dân cư đông,Hủ tiếu,Phường Tân Sơn Nhất
L09185,R137,2026-06-21,Hủ tiếu bò kho,54000,47,29000,1,0,1,delivery,15:30,0,0,0.0,Dân cư đông,Hủ tiếu,Phường Tân Sơn Nhất
L09186,R138,2026-06-21,Cơm tấm sườn nướng,36000,58,15000,1,0,1,delivery,16:00,0,0,0.0,Công nhân,Cơm tấm,Phường Đông Hòa
L09187,R138,2026-06-21,Cơm tấm sườn bì chả,40000,58,17000,1,0,1,delivery,16:45,0,0,0.0,Công nhân,Cơm tấm,Phường Đông Hòa
L09188,R138,2026-06-21,Cơm tấm đặc biệt,34000,54,16000,1,0,1,delivery,16:00,0,0,0.0,Công nhân,Cơm tấm,Phường Đông Hòa
L09189,R138,2026-06-21,Cơm tấm sườn trứng,31000,55,14000,1,0,1,delivery,16:15,0,0,0.0,Công nhân,Cơm tấm,Phường Đông Hòa
L09190,R139,2026-06-21,Bánh mì trứng,34000,52,16000,3,2,1,delivery,09:30,32000,36000,0.667,Ngoại ô,Bánh mì,Xã Bà Điểm
L09191,R139,2026-06-21,Bánh mì thịt nguội,18000,51,9000,3,2,1,delivery,09:00,18000,18000,0.667,Ngoại ô,Bánh mì,Xã Bà Điểm
L09192,R139,2026-06-21,Bánh mì gà,30000,59,12000,3,2,1,delivery,09:15,24000,36000,0.667,Ngoại ô,Bánh mì,Xã Bà Điểm
L09193,R140,2026-06-21,Bún riêu cua đồng,36000,35,23000,5,2,3,pickup,17:15,46000,26000,0.4,Ngoại ô,Bún riêu,Xã Hiệp Phước
L09194,R140,2026-06-21,Bún riêu cua,39000,42,23000,5,2,3,delivery,17:15,46000,32000,0.4,Ngoại ô,Bún riêu,Xã Hiệp Phước
L09195,R141,2026-06-21,Cơm canh chua,29000,30,20000,2,0,2,delivery,15:30,0,0,0.0,Sinh viên,Cơm văn phòng,Phường Long Bình
L09196,R141,2026-06-21,Cơm thịt kho trứng,36000,37,23000,2,0,2,delivery,15:15,0,0,0.0,Sinh viên,Cơm văn phòng,Phường Long Bình
L09197,R142,2026-06-21,Bún riêu thập cẩm,39000,48,20000,4,2,2,pickup,11:15,40000,38000,0.5,Công nhân,Bún riêu,Phường Thuận An
L09198,R142,2026-06-21,Bún riêu cua mọc,36000,43,21000,5,3,2,pickup,11:45,63000,45000,0.6,Công nhân,Bún riêu,Phường Thuận An
L09199,R142,2026-06-21,Bún riêu cua,40000,46,22000,4,2,2,pickup,11:00,44000,36000,0.5,Công nhân,Bún riêu,Phường Thuận An
L09200,R142,2026-06-21,Bún riêu cua đồng,41000,46,22000,4,2,2,pickup,11:30,44000,38000,0.5,Công nhân,Bún riêu,Phường Thuận An
L09201,R143,2026-06-21,Bánh mì chả lụa,23000,42,13000,3,2,1,delivery,16:45,26000,20000,0.667,Sinh viên,Bánh mì,Phường Cát Lái
L09202,R143,2026-06-21,Bánh mì thịt nguội,24000,44,13000,3,2,1,pickup,16:30,26000,22000,0.667,Sinh viên,Bánh mì,Phường Cát Lái
L09203,R143,2026-06-21,Bánh mì gà,20000,47,11000,2,1,1,pickup,16:30,11000,9000,0.5,Sinh viên,Bánh mì,Phường Cát Lái
L09204,R143,2026-06-21,Bánh mì xíu mại,24000,47,13000,3,2,1,delivery,16:30,26000,22000,0.667,Sinh viên,Bánh mì,Phường Cát Lái
L09205,R144,2026-06-21,Bún bò thập cẩm,47000,57,20000,4,3,1,pickup,15:45,60000,81000,0.75,Sinh viên,Bún bò,Phường Phước Long
L09206,R144,2026-06-21,Bún bò viên,41000,56,18000,3,2,1,pickup,15:15,36000,46000,0.667,Sinh viên,Bún bò,Phường Phước Long
L09207,R144,2026-06-21,Bún bò gân,45000,56,20000,4,3,1,pickup,15:00,60000,75000,0.75,Sinh viên,Bún bò,Phường Phước Long
L09208,R145,2026-06-21,Cơm tấm sườn nướng,48000,44,27000,1,0,1,pickup,19:15,0,0,0.0,Trung tâm,Cơm tấm,Phường Phú Nhuận
L09209,R145,2026-06-21,Cơm tấm bì,47000,47,25000,1,0,1,delivery,19:45,0,0,0.0,Trung tâm,Cơm tấm,Phường Phú Nhuận
L09210,R145,2026-06-21,Cơm tấm sườn trứng,38000,45,21000,1,0,1,delivery,19:45,0,0,0.0,Trung tâm,Cơm tấm,Phường Phú Nhuận
L09211,R145,2026-06-21,Cơm tấm đặc biệt,45000,45,25000,2,1,1,pickup,19:45,25000,20000,0.5,Trung tâm,Cơm tấm,Phường Phú Nhuận
L09212,R146,2026-06-21,Bún bò thập cẩm,36000,57,15000,2,1,1,delivery,16:45,15000,21000,0.5,Công nhân,Bún bò,Phường Tân Đông Hiệp
L09213,R146,2026-06-21,Bún bò gân,54000,55,24000,2,1,1,delivery,16:00,24000,30000,0.5,Công nhân,Bún bò,Phường Tân Đông Hiệp
L09214,R146,2026-06-21,Bún bò Huế đặc biệt,41000,49,21000,2,1,1,pickup,16:15,21000,20000,0.5,Công nhân,Bún bò,Phường Tân Đông Hiệp
L09215,R147,2026-06-21,Phở bò viên,47000,35,31000,3,1,2,delivery,14:00,31000,16000,0.333,Công nhân,Phở,Phường Dĩ An
L09216,R147,2026-06-21,Phở bò tái,39000,30,27000,3,1,2,delivery,14:00,27000,12000,0.333,Công nhân,Phở,Phường Dĩ An
L09217,R148,2026-06-21,Bún bò gân,51000,30,36000,4,1,3,delivery,17:00,36000,15000,0.25,Trung tâm,Bún bò,Phường Cầu Kiệu
L09218,R148,2026-06-21,Bún bò giò heo,50000,35,32000,3,1,2,pickup,17:00,32000,18000,0.333,Trung tâm,Bún bò,Phường Cầu Kiệu
L09219,R149,2026-06-21,Bún bò giò heo,46000,40,28000,18,14,4,pickup,13:45,392000,252000,0.778,Sinh viên,Bún bò,Phường An Khánh
L09220,R000,2026-06-22,Bún bò viên,40000,32,27000,7,4,3,pickup,18:45,108000,52000,0.571,Công nhân,Bún bò,Phường Đông Hòa
L09221,R000,2026-06-22,Bún bò gân,42000,34,28000,7,3,4,pickup,18:15,84000,42000,0.429,Công nhân,Bún bò,Phường Đông Hòa
L09222,R000,2026-06-22,Bún bò giò heo,49000,38,30000,8,4,4,delivery,18:15,120000,76000,0.5,Công nhân,Bún bò,Phường Đông Hòa
L09223,R001,2026-06-22,Cơm tấm sườn bì chả,38000,44,21000,2,1,1,pickup,19:45,21000,17000,0.5,Ngoại ô,Cơm tấm,Xã Bình Chánh
L09224,R001,2026-06-22,Cơm tấm sườn trứng,34000,40,20000,1,0,1,pickup,19:45,0,0,0.0,Ngoại ô,Cơm tấm,Xã Bình Chánh
L09225,R001,2026-06-22,Cơm tấm đặc biệt,48000,40,29000,2,1,1,pickup,19:15,29000,19000,0.5,Ngoại ô,Cơm tấm,Xã Bình Chánh
L09226,R002,2026-06-22,Hủ tiếu sa tế,58000,42,34000,3,1,2,pickup,20:30,34000,24000,0.333,Dân cư đông,Hủ tiếu,Phường An Nhơn
L09227,R002,2026-06-22,Hủ tiếu mì,44000,35,29000,3,1,2,delivery,20:30,29000,15000,0.333,Dân cư đông,Hủ tiếu,Phường An Nhơn
L09228,R002,2026-06-22,Hủ tiếu thập cẩm,51000,35,33000,2,1,1,delivery,20:15,33000,18000,0.5,Dân cư đông,Hủ tiếu,Phường An Nhơn
L09229,R002,2026-06-22,Hủ tiếu bò kho,46000,42,27000,3,1,2,delivery,20:45,27000,19000,0.333,Dân cư đông,Hủ tiếu,Phường An Nhơn
L09230,R002,2026-06-22,Hủ tiếu Nam Vang,53000,39,32000,3,1,2,pickup,20:45,32000,21000,0.333,Dân cư đông,Hủ tiếu,Phường An Nhơn
L09231,R003,2026-06-22,Phở bò chín,50000,55,22000,6,5,1,delivery,18:00,110000,140000,0.833,Công nhân,Phở,Phường Bình Hòa
L09232,R003,2026-06-22,Phở bò tái nạm,62000,58,26000,7,6,1,delivery,18:00,156000,216000,0.857,Công nhân,Phở,Phường Bình Hòa
L09233,R003,2026-06-22,Phở bò viên,51000,57,22000,7,6,1,pickup,18:30,132000,174000,0.857,Công nhân,Phở,Phường Bình Hòa
L09234,R003,2026-06-22,Phở bò tái,40000,50,20000,5,3,2,pickup,18:00,60000,60000,0.6,Công nhân,Phở,Phường Bình Hòa
L09235,R004,2026-06-22,Hủ tiếu bò kho,37000,50,18000,1,0,1,delivery,16:30,0,0,0.0,Sinh viên,Hủ tiếu,Phường Cát Lái
L09236,R004,2026-06-22,Hủ tiếu mì,45000,50,22000,1,0,1,delivery,16:15,0,0,0.0,Sinh viên,Hủ tiếu,Phường Cát Lái
L09237,R004,2026-06-22,Hủ tiếu sa tế,53000,54,24000,1,0,1,delivery,16:00,0,0,0.0,Sinh viên,Hủ tiếu,Phường Cát Lái
L09238,R004,2026-06-22,Hủ tiếu Nam Vang,46000,49,23000,1,0,1,pickup,16:00,0,0,0.0,Sinh viên,Hủ tiếu,Phường Cát Lái
L09239,R005,2026-06-22,Hủ tiếu bò kho,41000,49,21000,4,3,1,pickup,10:00,63000,60000,0.75,Sinh viên,Hủ tiếu,Phường Long Bình
L09240,R005,2026-06-22,Hủ tiếu thập cẩm,45000,55,20000,4,2,2,pickup,10:30,40000,50000,0.5,Sinh viên,Hủ tiếu,Phường Long Bình
L09241,R005,2026-06-22,Hủ tiếu sa tế,46000,50,23000,4,3,1,pickup,10:45,69000,69000,0.75,Sinh viên,Hủ tiếu,Phường Long Bình
L09242,R005,2026-06-22,Hủ tiếu mì,55000,54,25000,3,2,1,pickup,10:00,50000,60000,0.667,Sinh viên,Hủ tiếu,Phường Long Bình
L09243,R006,2026-06-22,Bún bò viên,56000,39,34000,1,0,1,delivery,17:45,0,0,0.0,Trung tâm,Bún bò,Phường Nhiêu Lộc
L09244,R006,2026-06-22,Bún bò thập cẩm,50000,45,28000,1,0,1,delivery,17:00,0,0,0.0,Trung tâm,Bún bò,Phường Nhiêu Lộc
L09245,R006,2026-06-22,Bún bò Huế đặc biệt,48000,40,29000,2,1,1,delivery,17:15,29000,19000,0.5,Trung tâm,Bún bò,Phường Nhiêu Lộc
L09246,R006,2026-06-22,Bún bò gân,41000,43,23000,2,1,1,delivery,17:15,23000,18000,0.5,Trung tâm,Bún bò,Phường Nhiêu Lộc
L09247,R007,2026-06-22,Phở bò tái,44000,38,27000,22,8,14,pickup,09:00,216000,136000,0.364,Dân cư đông,Phở,Phường An Hội Đông
L09248,R008,2026-06-22,Hủ tiếu Nam Vang,42000,42,24000,5,3,2,delivery,16:00,72000,54000,0.6,Công nhân,Hủ tiếu,Phường Thuận An
L09249,R008,2026-06-22,Hủ tiếu bò kho,58000,48,30000,4,2,2,delivery,16:30,60000,56000,0.5,Công nhân,Hủ tiếu,Phường Thuận An
L09250,R008,2026-06-22,Hủ tiếu mì,46000,46,25000,4,2,2,delivery,16:00,50000,42000,0.5,Công nhân,Hủ tiếu,Phường Thuận An
L09251,R009,2026-06-22,Cơm tấm sườn trứng,43000,50,22000,4,3,1,pickup,20:30,66000,63000,0.75,Dân cư đông,Cơm tấm,Phường Tân Bình
L09252,R009,2026-06-22,Cơm tấm bì,32000,49,16000,4,2,2,pickup,20:30,32000,32000,0.5,Dân cư đông,Cơm tấm,Phường Tân Bình
L09253,R009,2026-06-22,Cơm tấm đặc biệt,31000,57,13000,3,2,1,pickup,20:15,26000,36000,0.667,Dân cư đông,Cơm tấm,Phường Tân Bình
L09254,R010,2026-06-22,Cơm tấm sườn bì chả,34000,44,19000,1,0,1,pickup,19:15,0,0,0.0,Trung tâm,Cơm tấm,Phường Đức Nhuận
L09255,R010,2026-06-22,Cơm tấm bì,44000,44,25000,1,0,1,delivery,19:15,0,0,0.0,Trung tâm,Cơm tấm,Phường Đức Nhuận
L09256,R010,2026-06-22,Cơm tấm sườn nướng,33000,45,18000,1,0,1,delivery,19:15,0,0,0.0,Trung tâm,Cơm tấm,Phường Đức Nhuận
L09257,R011,2026-06-22,Bánh mì gà,21000,36,13000,5,3,2,delivery,20:30,39000,24000,0.6,Ngoại ô,Bánh mì,Xã Hiệp Phước
L09258,R012,2026-06-22,Phở bò tái,41000,60,16000,2,1,1,delivery,20:15,16000,25000,0.5,Dân cư đông,Phở,Phường Khánh Hội
L09259,R012,2026-06-22,Phở bò tái nạm,42000,60,17000,2,1,1,delivery,20:45,17000,25000,0.5,Dân cư đông,Phở,Phường Khánh Hội
L09260,R013,2026-06-22,Phở bò tái nạm,50000,50,25000,4,3,1,delivery,12:30,75000,75000,0.75,Sinh viên,Phở,Phường Long Bình
L09261,R013,2026-06-22,Phở bò chín,45000,56,20000,3,2,1,pickup,12:45,40000,50000,0.667,Sinh viên,Phở,Phường Long Bình
L09262,R013,2026-06-22,Phở gà,54000,49,28000,4,2,2,pickup,12:00,56000,52000,0.5,Sinh viên,Phở,Phường Long Bình
L09263,R013,2026-06-22,Phở bò tái,45000,50,22000,4,3,1,pickup,12:30,66000,69000,0.75,Sinh viên,Phở,Phường Long Bình
L09264,R013,2026-06-22,Phở bò viên,50000,49,26000,3,1,2,delivery,12:00,26000,24000,0.333,Sinh viên,Phở,Phường Long Bình
L09265,R014,2026-06-22,Bánh mì trứng,26000,56,11000,1,0,1,pickup,12:00,0,0,0.0,Sinh viên,Bánh mì,Phường An Khánh
L09266,R014,2026-06-22,Bánh mì xíu mại,27000,58,11000,1,0,1,delivery,12:45,0,0,0.0,Sinh viên,Bánh mì,Phường An Khánh
L09267,R015,2026-06-22,Hủ tiếu bò kho,46000,39,28000,5,2,3,delivery,13:15,56000,36000,0.4,Sinh viên,Hủ tiếu,Phường Hiệp Bình
L09268,R015,2026-06-22,Hủ tiếu mì,48000,43,27000,5,3,2,pickup,13:15,81000,63000,0.6,Sinh viên,Hủ tiếu,Phường Hiệp Bình
L09269,R015,2026-06-22,Hủ tiếu sa tế,58000,38,36000,6,2,4,pickup,13:15,72000,44000,0.333,Sinh viên,Hủ tiếu,Phường Hiệp Bình
L09270,R016,2026-06-22,Phở bò tái,48000,52,23000,4,2,2,delivery,16:15,46000,50000,0.5,Sinh viên,Phở,Phường Tăng Nhơn Phú
L09271,R016,2026-06-22,Phở bò chín,53000,47,28000,5,3,2,delivery,16:30,84000,75000,0.6,Sinh viên,Phở,Phường Tăng Nhơn Phú
L09272,R016,2026-06-22,Phở bò viên,48000,50,24000,3,1,2,delivery,16:00,24000,24000,0.333,Sinh viên,Phở,Phường Tăng Nhơn Phú
L09273,R017,2026-06-22,Cơm tấm sườn trứng,38000,34,25000,20,11,9,delivery,13:45,275000,143000,0.55,Công nhân,Cơm tấm,Phường Dĩ An
L09274,R018,2026-06-22,Cơm tấm sườn nướng,43000,50,22000,2,1,1,delivery,16:15,22000,21000,0.5,Công nhân,Cơm tấm,Phường Lái Thiêu
L09275,R019,2026-06-22,Bún bò giò heo,55000,40,33000,7,3,4,pickup,18:30,99000,66000,0.429,Sinh viên,Bún bò,Phường Long Bình
L09276,R019,2026-06-22,Bún bò viên,55000,46,30000,8,5,3,pickup,18:00,150000,125000,0.625,Sinh viên,Bún bò,Phường Long Bình
L09277,R020,2026-06-22,Phở bò tái,40000,40,24000,2,1,1,delivery,09:00,24000,16000,0.5,Công nhân,Phở,Phường Đông Hòa
L09278,R020,2026-06-22,Phở gà,55000,36,35000,1,0,1,delivery,09:00,0,0,0.0,Công nhân,Phở,Phường Đông Hòa
L09279,R020,2026-06-22,Phở bò viên,49000,43,28000,2,1,1,delivery,09:15,28000,21000,0.5,Công nhân,Phở,Phường Đông Hòa
L09280,R020,2026-06-22,Phở bò chín,63000,37,40000,1,0,1,delivery,09:45,0,0,0.0,Công nhân,Phở,Phường Đông Hòa
L09281,R021,2026-06-22,Hủ tiếu Nam Vang,52000,46,28000,3,2,1,pickup,20:15,56000,48000,0.667,Sinh viên,Hủ tiếu,Phường Bình Trưng
L09282,R021,2026-06-22,Hủ tiếu thập cẩm,57000,43,32000,2,1,1,pickup,20:15,32000,25000,0.5,Sinh viên,Hủ tiếu,Phường Bình Trưng
L09283,R022,2026-06-22,Bánh mì xíu mại,29000,60,12000,2,1,1,pickup,18:45,12000,17000,0.5,Sinh viên,Bánh mì,Phường Long Bình
L09284,R022,2026-06-22,Bánh mì gà,23000,60,9000,2,1,1,pickup,18:45,9000,14000,0.5,Sinh viên,Bánh mì,Phường Long Bình
L09285,R022,2026-06-22,Bánh mì trứng,18000,56,8000,2,1,1,pickup,18:00,8000,10000,0.5,Sinh viên,Bánh mì,Phường Long Bình
L09286,R022,2026-06-22,Bánh mì chả lụa,28000,60,11000,1,0,1,delivery,18:45,0,0,0.0,Sinh viên,Bánh mì,Phường Long Bình
L09287,R022,2026-06-22,Bánh mì thịt nguội,29000,60,12000,2,1,1,pickup,18:45,12000,17000,0.5,Sinh viên,Bánh mì,Phường Long Bình
L09288,R023,2026-06-22,Bánh mì xíu mại,24000,30,17000,2,0,2,delivery,17:00,0,0,0.0,Công nhân,Bánh mì,Phường Tân Đông Hiệp
L09289,R023,2026-06-22,Bánh mì gà,27000,34,18000,3,1,2,delivery,17:45,18000,9000,0.333,Công nhân,Bánh mì,Phường Tân Đông Hiệp
L09290,R024,2026-06-22,Hủ tiếu mì,47000,54,22000,14,13,1,pickup,14:30,286000,325000,0.929,Công nhân,Hủ tiếu,Phường An Phú
L09291,R025,2026-06-22,Cơm sườn đậu hũ,30000,35,20000,2,0,2,pickup,11:30,0,0,0.0,Dân cư đông,Cơm văn phòng,Phường An Hội Đông
L09292,R025,2026-06-22,Cơm thịt kho trứng,42000,30,29000,1,0,1,delivery,11:00,0,0,0.0,Dân cư đông,Cơm văn phòng,Phường An Hội Đông
L09293,R025,2026-06-22,Cơm canh chua,43000,36,28000,1,0,1,delivery,11:15,0,0,0.0,Dân cư đông,Cơm văn phòng,Phường An Hội Đông
L09294,R025,2026-06-22,Cơm gà luộc,43000,31,30000,1,0,1,delivery,11:30,0,0,0.0,Dân cư đông,Cơm văn phòng,Phường An Hội Đông
L09295,R025,2026-06-22,Cơm gà xối mỡ,29000,30,20000,2,0,2,delivery,11:45,0,0,0.0,Dân cư đông,Cơm văn phòng,Phường An Hội Đông
L09296,R026,2026-06-22,Bún riêu cua,41000,37,26000,3,1,2,pickup,16:30,26000,15000,0.333,Sinh viên,Bún riêu,Phường Tam Bình
L09297,R027,2026-06-22,Bún bò viên,52000,30,36000,3,1,2,pickup,17:00,36000,16000,0.333,Công nhân,Bún bò,Phường Hòa Lợi
L09298,R028,2026-06-22,Bánh mì xíu mại,24000,58,10000,7,5,2,delivery,14:45,50000,70000,0.714,Công nhân,Bánh mì,Phường Tân Đông Hiệp
L09299,R029,2026-06-22,Phở gà,50000,55,22000,1,0,1,pickup,19:00,0,0,0.0,Trung tâm,Phở,Phường Bến Thành
L09300,R029,2026-06-22,Phở bò viên,49000,51,24000,1,0,1,delivery,19:00,0,0,0.0,Trung tâm,Phở,Phường Bến Thành
L09301,R029,2026-06-22,Phở bò tái nạm,44000,58,18000,1,0,1,pickup,19:30,0,0,0.0,Trung tâm,Phở,Phường Bến Thành
L09302,R029,2026-06-22,Phở bò tái,50000,60,20000,1,0,1,delivery,19:30,0,0,0.0,Trung tâm,Phở,Phường Bến Thành
L09303,R030,2026-06-22,Bún bò Huế đặc biệt,49000,57,21000,13,10,3,pickup,15:45,210000,280000,0.769,Công nhân,Bún bò,Phường An Phú
L09304,R030,2026-06-22,Bún bò viên,49000,52,24000,11,7,4,delivery,15:15,168000,175000,0.636,Công nhân,Bún bò,Phường An Phú
L09305,R031,2026-06-22,Phở bò chín,45000,42,26000,5,2,3,delivery,09:45,52000,38000,0.4,Sinh viên,Phở,Phường Phước Long
L09306,R031,2026-06-22,Phở gà,45000,42,26000,5,3,2,pickup,09:45,78000,57000,0.6,Sinh viên,Phở,Phường Phước Long
L09307,R032,2026-06-22,Cơm thịt kho trứng,41000,44,23000,4,2,2,delivery,13:30,46000,36000,0.5,Trung tâm,Cơm văn phòng,Phường Cầu Ông Lãnh
L09308,R033,2026-06-22,Cơm tấm bì,42000,52,20000,1,0,1,pickup,13:00,0,0,0.0,Dân cư đông,Cơm tấm,Phường Tân Hòa
L09309,R033,2026-06-22,Cơm tấm sườn bì chả,43000,48,22000,1,0,1,pickup,13:45,0,0,0.0,Dân cư đông,Cơm tấm,Phường Tân Hòa
L09310,R033,2026-06-22,Cơm tấm đặc biệt,47000,46,25000,2,1,1,pickup,13:15,25000,22000,0.5,Dân cư đông,Cơm tấm,Phường Tân Hòa
L09311,R033,2026-06-22,Cơm tấm sườn trứng,39000,42,23000,2,1,1,pickup,13:00,23000,16000,0.5,Dân cư đông,Cơm tấm,Phường Tân Hòa
L09312,R033,2026-06-22,Cơm tấm sườn nướng,50000,50,25000,1,0,1,pickup,13:00,0,0,0.0,Dân cư đông,Cơm tấm,Phường Tân Hòa
L09313,R034,2026-06-22,Bún bò gân,52000,34,34000,5,1,4,delivery,18:15,34000,18000,0.2,Ngoại ô,Bún bò,Xã Bình Chánh
L09314,R034,2026-06-22,Bún bò thập cẩm,41000,33,27000,5,2,3,delivery,18:15,54000,28000,0.4,Ngoại ô,Bún bò,Xã Bình Chánh
L09315,R035,2026-06-22,Bánh mì gà,18000,53,8000,1,0,1,delivery,12:15,0,0,0.0,Dân cư đông,Bánh mì,Phường Tân Sơn Nhất
L09316,R035,2026-06-22,Bánh mì chả lụa,32000,54,15000,1,0,1,delivery,12:45,0,0,0.0,Dân cư đông,Bánh mì,Phường Tân Sơn Nhất
L09317,R035,2026-06-22,Bánh mì xíu mại,25000,51,12000,1,0,1,delivery,12:00,0,0,0.0,Dân cư đông,Bánh mì,Phường Tân Sơn Nhất
L09318,R035,2026-06-22,Bánh mì thịt nguội,19000,53,9000,1,0,1,delivery,12:00,0,0,0.0,Dân cư đông,Bánh mì,Phường Tân Sơn Nhất
L09319,R035,2026-06-22,Bánh mì trứng,18000,51,9000,1,0,1,delivery,12:45,0,0,0.0,Dân cư đông,Bánh mì,Phường Tân Sơn Nhất
L09320,R036,2026-06-22,Bún bò giò heo,46000,34,30000,5,2,3,delivery,14:15,60000,32000,0.4,Sinh viên,Bún bò,Phường Phước Long
L09321,R036,2026-06-22,Bún bò Huế đặc biệt,51000,31,35000,5,3,2,pickup,14:30,105000,48000,0.6,Sinh viên,Bún bò,Phường Phước Long
L09322,R036,2026-06-22,Bún bò thập cẩm,46000,38,29000,5,1,4,pickup,14:00,29000,17000,0.2,Sinh viên,Bún bò,Phường Phước Long
L09323,R037,2026-06-22,Bún bò giò heo,57000,40,34000,8,4,4,delivery,15:15,136000,92000,0.5,Trung tâm,Bún bò,Phường Tân Định
L09324,R038,2026-06-22,Bún bò giò heo,44000,48,23000,1,0,1,pickup,17:15,0,0,0.0,Công nhân,Bún bò,Phường Thuận Giao
L09325,R038,2026-06-22,Bún bò viên,41000,53,19000,2,1,1,pickup,17:45,19000,22000,0.5,Công nhân,Bún bò,Phường Thuận Giao
L09326,R039,2026-06-22,Bún riêu cua,39000,59,16000,19,16,3,pickup,09:45,256000,368000,0.842,Công nhân,Bún riêu,Phường Đông Hòa
L09327,R040,2026-06-22,Bún bò gân,52000,60,21000,2,1,1,delivery,14:30,21000,31000,0.5,Sinh viên,Bún bò,Phường Bình Trưng
L09328,R041,2026-06-22,Phở bò tái,52000,47,28000,3,2,1,pickup,15:30,56000,48000,0.667,Công nhân,Phở,Phường Tân Khánh
L09329,R041,2026-06-22,Phở bò viên,45000,49,23000,2,1,1,delivery,15:00,23000,22000,0.5,Công nhân,Phở,Phường Tân Khánh
L09330,R042,2026-06-22,Cơm tấm sườn trứng,37000,55,17000,3,2,1,pickup,11:00,34000,40000,0.667,Trung tâm,Cơm tấm,Phường Tân Định
L09331,R042,2026-06-22,Cơm tấm bì,38000,60,15000,2,1,1,pickup,11:45,15000,23000,0.5,Trung tâm,Cơm tấm,Phường Tân Định
L09332,R042,2026-06-22,Cơm tấm đặc biệt,31000,60,12000,3,2,1,pickup,11:15,24000,38000,0.667,Trung tâm,Cơm tấm,Phường Tân Định
L09333,R043,2026-06-22,Cơm gà xối mỡ,37000,56,16000,2,1,1,pickup,16:15,16000,21000,0.5,Dân cư đông,Cơm văn phòng,Phường Bảy Hiền
L09334,R043,2026-06-22,Cơm canh chua,44000,60,18000,3,2,1,pickup,16:45,36000,52000,0.667,Dân cư đông,Cơm văn phòng,Phường Bảy Hiền
L09335,R043,2026-06-22,Cơm gà luộc,46000,55,21000,3,2,1,pickup,16:15,42000,50000,0.667,Dân cư đông,Cơm văn phòng,Phường Bảy Hiền
L09336,R043,2026-06-22,Cơm thịt kho trứng,44000,60,18000,3,2,1,pickup,16:45,36000,52000,0.667,Dân cư đông,Cơm văn phòng,Phường Bảy Hiền
L09337,R043,2026-06-22,Cơm sườn đậu hũ,38000,60,15000,3,2,1,pickup,16:15,30000,46000,0.667,Dân cư đông,Cơm văn phòng,Phường Bảy Hiền
L09338,R044,2026-06-22,Hủ tiếu thập cẩm,47000,55,21000,3,2,1,pickup,13:45,42000,52000,0.667,Sinh viên,Hủ tiếu,Phường Tam Bình
L09339,R044,2026-06-22,Hủ tiếu sa tế,54000,45,30000,3,1,2,delivery,13:30,30000,24000,0.333,Sinh viên,Hủ tiếu,Phường Tam Bình
L09340,R044,2026-06-22,Hủ tiếu mì,49000,54,23000,2,1,1,pickup,13:30,23000,26000,0.5,Sinh viên,Hủ tiếu,Phường Tam Bình
L09341,R045,2026-06-22,Bún bò thập cẩm,54000,37,34000,4,1,3,delivery,17:45,34000,20000,0.25,Công nhân,Bún bò,Phường Thuận An
L09342,R045,2026-06-22,Bún bò gân,47000,44,26000,4,2,2,delivery,17:15,52000,42000,0.5,Công nhân,Bún bò,Phường Thuận An
L09343,R045,2026-06-22,Bún bò viên,38000,41,22000,4,2,2,delivery,17:45,44000,32000,0.5,Công nhân,Bún bò,Phường Thuận An
L09344,R046,2026-06-22,Bánh mì trứng,27000,53,13000,3,2,1,pickup,13:30,26000,28000,0.667,Sinh viên,Bánh mì,Phường Cát Lái
L09345,R046,2026-06-22,Bánh mì chả lụa,27000,59,11000,3,2,1,pickup,13:15,22000,32000,0.667,Sinh viên,Bánh mì,Phường Cát Lái
L09346,R046,2026-06-22,Bánh mì xíu mại,23000,58,10000,2,1,1,pickup,13:30,10000,13000,0.5,Sinh viên,Bánh mì,Phường Cát Lái
L09347,R046,2026-06-22,Bánh mì thịt nguội,22000,51,11000,3,2,1,pickup,13:30,22000,22000,0.667,Sinh viên,Bánh mì,Phường Cát Lái
L09348,R046,2026-06-22,Bánh mì gà,26000,51,13000,2,1,1,pickup,13:45,13000,13000,0.5,Sinh viên,Bánh mì,Phường Cát Lái
L09349,R047,2026-06-22,Bún bò giò heo,46000,48,24000,21,15,6,delivery,17:15,360000,330000,0.714,Công nhân,Bún bò,Phường Tân Khánh
L09350,R048,2026-06-22,Bánh mì trứng,24000,56,11000,3,2,1,delivery,18:45,22000,26000,0.667,Công nhân,Bánh mì,Phường An Phú
L09351,R048,2026-06-22,Bánh mì thịt nguội,18000,55,8000,3,2,1,delivery,18:15,16000,20000,0.667,Công nhân,Bánh mì,Phường An Phú
L09352,R049,2026-06-22,Phở bò chín,46000,45,25000,1,0,1,pickup,12:00,0,0,0.0,Sinh viên,Phở,Phường Thủ Đức
L09353,R049,2026-06-22,Phở gà,39000,40,23000,1,0,1,delivery,12:30,0,0,0.0,Sinh viên,Phở,Phường Thủ Đức
L09354,R049,2026-06-22,Phở bò viên,49000,39,30000,1,0,1,delivery,12:45,0,0,0.0,Sinh viên,Phở,Phường Thủ Đức
L09355,R049,2026-06-22,Phở bò tái,39000,43,22000,1,0,1,pickup,12:30,0,0,0.0,Sinh viên,Phở,Phường Thủ Đức
L09356,R050,2026-06-22,Bánh mì thịt nguội,23000,42,13000,1,0,1,delivery,17:15,0,0,0.0,Ngoại ô,Bánh mì,Xã Hưng Long
L09357,R051,2026-06-22,Hủ tiếu bò kho,48000,49,24000,6,4,2,delivery,13:45,96000,96000,0.667,Dân cư đông,Hủ tiếu,Phường Hạnh Thông
L09358,R052,2026-06-22,Cơm tấm sườn bì chả,48000,37,30000,4,1,3,delivery,18:00,30000,18000,0.25,Dân cư đông,Cơm tấm,Phường Xóm Chiếu
L09359,R052,2026-06-22,Cơm tấm sườn trứng,37000,44,21000,4,2,2,delivery,18:45,42000,32000,0.5,Dân cư đông,Cơm tấm,Phường Xóm Chiếu
L09360,R052,2026-06-22,Cơm tấm đặc biệt,39000,39,24000,4,1,3,delivery,18:15,24000,15000,0.25,Dân cư đông,Cơm tấm,Phường Xóm Chiếu
L09361,R053,2026-06-22,Bánh mì xíu mại,20000,58,8000,4,2,2,pickup,17:00,16000,24000,0.5,Dân cư đông,Bánh mì,Phường Gia Định
L09362,R053,2026-06-22,Bánh mì gà,29000,55,13000,4,2,2,delivery,17:15,26000,32000,0.5,Dân cư đông,Bánh mì,Phường Gia Định
L09363,R053,2026-06-22,Bánh mì chả lụa,22000,56,10000,4,3,1,delivery,17:00,30000,36000,0.75,Dân cư đông,Bánh mì,Phường Gia Định
L09364,R053,2026-06-22,Bánh mì thịt nguội,20000,60,8000,3,2,1,delivery,17:30,16000,24000,0.667,Dân cư đông,Bánh mì,Phường Gia Định
L09365,R053,2026-06-22,Bánh mì trứng,23000,55,10000,4,3,1,delivery,17:15,30000,39000,0.75,Dân cư đông,Bánh mì,Phường Gia Định
L09366,R054,2026-06-22,Bánh mì trứng,21000,56,9000,4,2,2,delivery,11:30,18000,24000,0.5,Công nhân,Bánh mì,Phường Bình Hòa
L09367,R054,2026-06-22,Bánh mì chả lụa,19000,59,8000,3,2,1,delivery,11:15,16000,22000,0.667,Công nhân,Bánh mì,Phường Bình Hòa
L09368,R054,2026-06-22,Bánh mì gà,21000,52,10000,4,2,2,delivery,11:00,20000,22000,0.5,Công nhân,Bánh mì,Phường Bình Hòa
L09369,R054,2026-06-22,Bánh mì xíu mại,25000,55,11000,4,2,2,delivery,11:45,22000,28000,0.5,Công nhân,Bánh mì,Phường Bình Hòa
L09370,R055,2026-06-22,Cơm tấm đặc biệt,36000,56,16000,1,0,1,pickup,12:45,0,0,0.0,Dân cư đông,Cơm tấm,Phường Thông Tây Hội
L09371,R055,2026-06-22,Cơm tấm sườn nướng,36000,60,14000,1,0,1,delivery,12:15,0,0,0.0,Dân cư đông,Cơm tấm,Phường Thông Tây Hội
L09372,R055,2026-06-22,Cơm tấm sườn trứng,36000,59,15000,2,1,1,delivery,12:45,15000,21000,0.5,Dân cư đông,Cơm tấm,Phường Thông Tây Hội
L09373,R055,2026-06-22,Cơm tấm bì,41000,59,17000,1,0,1,delivery,12:45,0,0,0.0,Dân cư đông,Cơm tấm,Phường Thông Tây Hội
L09374,R055,2026-06-22,Cơm tấm sườn bì chả,48000,56,21000,2,1,1,delivery,12:15,21000,27000,0.5,Dân cư đông,Cơm tấm,Phường Thông Tây Hội
L09375,R056,2026-06-22,Hủ tiếu sa tế,45000,33,30000,4,1,3,delivery,17:15,30000,15000,0.25,Trung tâm,Hủ tiếu,Phường Nhiêu Lộc
L09376,R056,2026-06-22,Hủ tiếu mì,39000,33,26000,4,1,3,pickup,17:45,26000,13000,0.25,Trung tâm,Hủ tiếu,Phường Nhiêu Lộc
L09377,R057,2026-06-22,Bún bò Huế đặc biệt,60000,49,31000,1,0,1,pickup,18:45,0,0,0.0,Sinh viên,Bún bò,Phường Bình Trưng
L09378,R057,2026-06-22,Bún bò viên,43000,48,22000,1,0,1,pickup,18:15,0,0,0.0,Sinh viên,Bún bò,Phường Bình Trưng
L09379,R058,2026-06-22,Bánh mì chả lụa,24000,34,16000,1,0,1,pickup,19:15,0,0,0.0,Trung tâm,Bánh mì,Phường Cầu Kiệu
L09380,R058,2026-06-22,Bánh mì gà,26000,31,18000,1,0,1,pickup,19:30,0,0,0.0,Trung tâm,Bánh mì,Phường Cầu Kiệu
L09381,R058,2026-06-22,Bánh mì trứng,16000,39,10000,1,0,1,pickup,19:15,0,0,0.0,Trung tâm,Bánh mì,Phường Cầu Kiệu
L09382,R058,2026-06-22,Bánh mì thịt nguội,25000,34,16000,1,0,1,pickup,19:00,0,0,0.0,Trung tâm,Bánh mì,Phường Cầu Kiệu
L09383,R059,2026-06-22,Cơm tấm bì,43000,32,29000,2,1,1,pickup,14:30,29000,14000,0.5,Sinh viên,Cơm tấm,Phường Tam Bình
L09384,R059,2026-06-22,Cơm tấm sườn nướng,38000,30,27000,1,0,1,pickup,14:15,0,0,0.0,Sinh viên,Cơm tấm,Phường Tam Bình
L09385,R060,2026-06-22,Phở gà,48000,60,19000,3,2,1,delivery,10:15,38000,58000,0.667,Công nhân,Phở,Phường Tân Đông Hiệp
L09386,R061,2026-06-22,Cơm tấm sườn bì chả,44000,45,24000,5,3,2,pickup,15:15,72000,60000,0.6,Sinh viên,Cơm tấm,Phường Tam Bình
L09387,R061,2026-06-22,Cơm tấm sườn trứng,47000,43,27000,4,2,2,delivery,15:15,54000,40000,0.5,Sinh viên,Cơm tấm,Phường Tam Bình
L09388,R062,2026-06-22,Phở gà,47000,37,30000,1,0,1,delivery,10:00,0,0,0.0,Dân cư đông,Phở,Phường Hạnh Thông
L09389,R062,2026-06-22,Phở bò chín,49000,33,33000,1,0,1,delivery,10:30,0,0,0.0,Dân cư đông,Phở,Phường Hạnh Thông
L09390,R062,2026-06-22,Phở bò viên,37000,30,26000,1,0,1,delivery,10:45,0,0,0.0,Dân cư đông,Phở,Phường Hạnh Thông
L09391,R062,2026-06-22,Phở bò tái nạm,40000,30,28000,1,0,1,delivery,10:15,0,0,0.0,Dân cư đông,Phở,Phường Hạnh Thông
L09392,R062,2026-06-22,Phở bò tái,41000,32,28000,1,0,1,delivery,10:15,0,0,0.0,Dân cư đông,Phở,Phường Hạnh Thông
L09393,R063,2026-06-22,Hủ tiếu mì,51000,42,30000,4,2,2,delivery,19:00,60000,42000,0.5,Công nhân,Hủ tiếu,Phường Thuận Giao
L09394,R063,2026-06-22,Hủ tiếu bò kho,41000,47,22000,4,2,2,delivery,19:00,44000,38000,0.5,Công nhân,Hủ tiếu,Phường Thuận Giao
L09395,R063,2026-06-22,Hủ tiếu thập cẩm,58000,41,34000,3,1,2,delivery,19:00,34000,24000,0.333,Công nhân,Hủ tiếu,Phường Thuận Giao
L09396,R064,2026-06-22,Bún bò thập cẩm,47000,38,29000,3,1,2,delivery,10:00,29000,18000,0.333,Sinh viên,Bún bò,Phường Tăng Nhơn Phú
L09397,R064,2026-06-22,Bún bò viên,46000,43,26000,3,1,2,delivery,10:30,26000,20000,0.333,Sinh viên,Bún bò,Phường Tăng Nhơn Phú
L09398,R064,2026-06-22,Bún bò gân,47000,44,26000,3,1,2,delivery,10:15,26000,21000,0.333,Sinh viên,Bún bò,Phường Tăng Nhơn Phú
L09399,R065,2026-06-22,Cơm tấm đặc biệt,42000,55,19000,2,1,1,pickup,19:15,19000,23000,0.5,Công nhân,Cơm tấm,Phường Đông Hòa
L09400,R065,2026-06-22,Cơm tấm bì,32000,56,14000,2,1,1,pickup,19:00,14000,18000,0.5,Công nhân,Cơm tấm,Phường Đông Hòa
L09401,R065,2026-06-22,Cơm tấm sườn bì chả,34000,55,15000,2,1,1,pickup,19:30,15000,19000,0.5,Công nhân,Cơm tấm,Phường Đông Hòa
L09402,R066,2026-06-22,Cơm gà xối mỡ,50000,59,20000,4,3,1,pickup,09:00,60000,90000,0.75,Sinh viên,Cơm văn phòng,Phường An Khánh
L09403,R066,2026-06-22,Cơm canh chua,41000,60,16000,4,3,1,pickup,09:15,48000,75000,0.75,Sinh viên,Cơm văn phòng,Phường An Khánh
L09404,R066,2026-06-22,Cơm thịt kho trứng,45000,55,20000,5,4,1,pickup,09:00,80000,100000,0.8,Sinh viên,Cơm văn phòng,Phường An Khánh
L09405,R067,2026-06-22,Cơm gà luộc,31000,52,15000,1,0,1,delivery,19:15,0,0,0.0,Dân cư đông,Cơm văn phòng,Phường An Hội Đông
L09406,R067,2026-06-22,Cơm sườn đậu hũ,34000,50,17000,1,0,1,pickup,19:00,0,0,0.0,Dân cư đông,Cơm văn phòng,Phường An Hội Đông
L09407,R067,2026-06-22,Cơm gà xối mỡ,36000,49,18000,1,0,1,pickup,19:30,0,0,0.0,Dân cư đông,Cơm văn phòng,Phường An Hội Đông
L09408,R067,2026-06-22,Cơm canh chua,38000,43,22000,1,0,1,pickup,19:30,0,0,0.0,Dân cư đông,Cơm văn phòng,Phường An Hội Đông
L09409,R067,2026-06-22,Cơm thịt kho trứng,37000,46,20000,1,0,1,delivery,19:30,0,0,0.0,Dân cư đông,Cơm văn phòng,Phường An Hội Đông
L09410,R068,2026-06-22,Bún riêu cua đồng,40000,33,27000,1,0,1,delivery,19:00,0,0,0.0,Trung tâm,Bún riêu,Phường Xuân Hòa
L09411,R068,2026-06-22,Bún riêu cua,52000,30,36000,1,0,1,delivery,19:15,0,0,0.0,Trung tâm,Bún riêu,Phường Xuân Hòa
L09412,R068,2026-06-22,Bún riêu cua mọc,37000,30,26000,1,0,1,delivery,19:15,0,0,0.0,Trung tâm,Bún riêu,Phường Xuân Hòa
L09413,R069,2026-06-22,Bánh mì chả lụa,24000,50,12000,1,0,1,delivery,20:45,0,0,0.0,Ngoại ô,Bánh mì,Xã Xuân Thới Sơn
L09414,R069,2026-06-22,Bánh mì thịt nguội,23000,43,13000,1,0,1,delivery,20:00,0,0,0.0,Ngoại ô,Bánh mì,Xã Xuân Thới Sơn
L09415,R069,2026-06-22,Bánh mì gà,22000,44,12000,1,0,1,pickup,20:15,0,0,0.0,Ngoại ô,Bánh mì,Xã Xuân Thới Sơn
L09416,R070,2026-06-22,Hủ tiếu Nam Vang,60000,58,25000,1,0,1,delivery,19:45,0,0,0.0,Dân cư đông,Hủ tiếu,Phường Gò Vấp
L09417,R070,2026-06-22,Hủ tiếu sa tế,40000,60,16000,1,0,1,delivery,19:30,0,0,0.0,Dân cư đông,Hủ tiếu,Phường Gò Vấp
L09418,R070,2026-06-22,Hủ tiếu thập cẩm,61000,56,27000,1,0,1,delivery,19:00,0,0,0.0,Dân cư đông,Hủ tiếu,Phường Gò Vấp
L09419,R070,2026-06-22,Hủ tiếu mì,54000,56,24000,1,0,1,delivery,19:45,0,0,0.0,Dân cư đông,Hủ tiếu,Phường Gò Vấp
L09420,R071,2026-06-22,Cơm tấm bì,30000,36,19000,3,1,2,delivery,11:45,19000,11000,0.333,Sinh viên,Cơm tấm,Phường Bình Trưng
L09421,R071,2026-06-22,Cơm tấm sườn nướng,26000,37,16000,3,1,2,delivery,11:30,16000,10000,0.333,Sinh viên,Cơm tấm,Phường Bình Trưng
L09422,R071,2026-06-22,Cơm tấm sườn trứng,34000,30,24000,4,2,2,delivery,11:30,48000,20000,0.5,Sinh viên,Cơm tấm,Phường Bình Trưng
L09423,R071,2026-06-22,Cơm tấm đặc biệt,42000,32,29000,4,2,2,delivery,11:15,58000,26000,0.5,Sinh viên,Cơm tấm,Phường Bình Trưng
L09424,R071,2026-06-22,Cơm tấm sườn bì chả,40000,30,28000,4,1,3,delivery,11:30,28000,12000,0.25,Sinh viên,Cơm tấm,Phường Bình Trưng
L09425,R072,2026-06-22,Cơm gà luộc,44000,59,18000,5,3,2,pickup,14:45,54000,78000,0.6,Trung tâm,Cơm văn phòng,Phường Bến Thành
L09426,R072,2026-06-22,Cơm sườn đậu hũ,31000,50,16000,5,4,1,pickup,14:00,64000,60000,0.8,Trung tâm,Cơm văn phòng,Phường Bến Thành
L09427,R073,2026-06-22,Bánh mì thịt nguội,27000,44,15000,2,1,1,pickup,16:45,15000,12000,0.5,Dân cư đông,Bánh mì,Phường Vĩnh Hội
L09428,R073,2026-06-22,Bánh mì xíu mại,20000,42,12000,2,1,1,delivery,16:30,12000,8000,0.5,Dân cư đông,Bánh mì,Phường Vĩnh Hội
L09429,R074,2026-06-22,Cơm gà luộc,35000,30,24000,2,0,2,pickup,17:00,0,0,0.0,Dân cư đông,Cơm văn phòng,Phường Bình Lợi Trung
L09430,R074,2026-06-22,Cơm gà xối mỡ,43000,35,28000,2,0,2,pickup,17:00,0,0,0.0,Dân cư đông,Cơm văn phòng,Phường Bình Lợi Trung
L09431,R074,2026-06-22,Cơm sườn đậu hũ,50000,30,35000,2,1,1,pickup,17:15,35000,15000,0.5,Dân cư đông,Cơm văn phòng,Phường Bình Lợi Trung
L09432,R074,2026-06-22,Cơm canh chua,35000,30,24000,1,0,1,pickup,17:15,0,0,0.0,Dân cư đông,Cơm văn phòng,Phường Bình Lợi Trung
L09433,R074,2026-06-22,Cơm thịt kho trứng,38000,31,26000,2,0,2,pickup,17:15,0,0,0.0,Dân cư đông,Cơm văn phòng,Phường Bình Lợi Trung
L09434,R075,2026-06-22,Cơm tấm sườn nướng,47000,47,25000,3,2,1,delivery,15:45,50000,44000,0.667,Dân cư đông,Cơm tấm,Phường Vĩnh Hội
L09435,R075,2026-06-22,Cơm tấm sườn trứng,39000,51,19000,3,2,1,pickup,15:15,38000,40000,0.667,Dân cư đông,Cơm tấm,Phường Vĩnh Hội
L09436,R075,2026-06-22,Cơm tấm đặc biệt,29000,49,15000,4,2,2,pickup,15:30,30000,28000,0.5,Dân cư đông,Cơm tấm,Phường Vĩnh Hội
L09437,R076,2026-06-22,Phở bò tái nạm,58000,42,34000,6,3,3,pickup,12:00,102000,72000,0.5,Dân cư đông,Phở,Phường An Nhơn
L09438,R076,2026-06-22,Phở gà,61000,45,34000,7,4,3,pickup,12:15,136000,108000,0.571,Dân cư đông,Phở,Phường An Nhơn
L09439,R076,2026-06-22,Phở bò chín,45000,38,28000,6,2,4,pickup,12:30,56000,34000,0.333,Dân cư đông,Phở,Phường An Nhơn
L09440,R077,2026-06-22,Cơm tấm bì,37000,49,19000,2,1,1,pickup,14:00,19000,18000,0.5,Trung tâm,Cơm tấm,Phường Xuân Hòa
L09441,R077,2026-06-22,Cơm tấm sườn nướng,31000,46,17000,2,1,1,pickup,14:45,17000,14000,0.5,Trung tâm,Cơm tấm,Phường Xuân Hòa
L09442,R077,2026-06-22,Cơm tấm sườn trứng,40000,40,24000,2,1,1,pickup,14:15,24000,16000,0.5,Trung tâm,Cơm tấm,Phường Xuân Hòa
L09443,R078,2026-06-22,Bún riêu cua,45000,36,29000,2,0,2,delivery,13:00,0,0,0.0,Công nhân,Bún riêu,Phường Tân Đông Hiệp
L09444,R078,2026-06-22,Bún riêu cua mọc,45000,40,27000,2,1,1,delivery,13:45,27000,18000,0.5,Công nhân,Bún riêu,Phường Tân Đông Hiệp
L09445,R078,2026-06-22,Bún riêu thập cẩm,40000,34,26000,2,1,1,delivery,13:00,26000,14000,0.5,Công nhân,Bún riêu,Phường Tân Đông Hiệp
L09446,R078,2026-06-22,Bún riêu cua đồng,46000,38,29000,2,0,2,pickup,13:30,0,0,0.0,Công nhân,Bún riêu,Phường Tân Đông Hiệp
L09447,R079,2026-06-22,Cơm tấm bì,38000,49,19000,7,4,3,delivery,16:15,76000,76000,0.571,Sinh viên,Cơm tấm,Phường Bình Trưng
L09448,R080,2026-06-22,Cơm tấm đặc biệt,47000,43,27000,2,1,1,delivery,09:00,27000,20000,0.5,Dân cư đông,Cơm tấm,Phường An Hội Đông
L09449,R080,2026-06-22,Cơm tấm bì,49000,43,28000,2,1,1,delivery,09:15,28000,21000,0.5,Dân cư đông,Cơm tấm,Phường An Hội Đông
L09450,R080,2026-06-22,Cơm tấm sườn trứng,37000,45,20000,1,0,1,delivery,09:15,0,0,0.0,Dân cư đông,Cơm tấm,Phường An Hội Đông
L09451,R080,2026-06-22,Cơm tấm sườn nướng,47000,50,24000,1,0,1,delivery,09:30,0,0,0.0,Dân cư đông,Cơm tấm,Phường An Hội Đông
L09452,R080,2026-06-22,Cơm tấm sườn bì chả,32000,43,18000,2,1,1,delivery,09:45,18000,14000,0.5,Dân cư đông,Cơm tấm,Phường An Hội Đông
L09453,R081,2026-06-22,Bún riêu cua,42000,56,18000,3,2,1,pickup,09:30,36000,48000,0.667,Công nhân,Bún riêu,Phường Đông Hòa
L09454,R081,2026-06-22,Bún riêu thập cẩm,44000,56,19000,3,2,1,pickup,09:30,38000,50000,0.667,Công nhân,Bún riêu,Phường Đông Hòa
L09455,R081,2026-06-22,Bún riêu cua đồng,45000,56,20000,3,2,1,pickup,09:45,40000,50000,0.667,Công nhân,Bún riêu,Phường Đông Hòa
L09456,R081,2026-06-22,Bún riêu cua mọc,43000,54,20000,4,3,1,pickup,09:45,60000,69000,0.75,Công nhân,Bún riêu,Phường Đông Hòa
L09457,R082,2026-06-22,Hủ tiếu sa tế,52000,54,24000,9,7,2,pickup,19:30,168000,196000,0.778,Sinh viên,Hủ tiếu,Phường Tăng Nhơn Phú
L09458,R082,2026-06-22,Hủ tiếu thập cẩm,44000,54,20000,11,9,2,delivery,19:15,180000,216000,0.818,Sinh viên,Hủ tiếu,Phường Tăng Nhơn Phú
L09459,R083,2026-06-22,Cơm tấm sườn bì chả,37000,32,25000,2,0,2,pickup,14:00,0,0,0.0,Trung tâm,Cơm tấm,Phường Sài Gòn
L09460,R083,2026-06-22,Cơm tấm sườn trứng,34000,31,23000,1,0,1,delivery,14:30,0,0,0.0,Trung tâm,Cơm tấm,Phường Sài Gòn
L09461,R083,2026-06-22,Cơm tấm sườn nướng,40000,36,26000,2,0,2,pickup,14:45,0,0,0.0,Trung tâm,Cơm tấm,Phường Sài Gòn
L09462,R084,2026-06-22,Bún riêu cua đồng,38000,45,21000,2,1,1,pickup,18:15,21000,17000,0.5,Sinh viên,Bún riêu,Phường Hiệp Bình
L09463,R085,2026-06-22,Bánh mì gà,22000,59,9000,18,16,2,pickup,20:45,144000,208000,0.889,Sinh viên,Bánh mì,Phường Tăng Nhơn Phú
L09464,R086,2026-06-22,Phở bò tái nạm,52000,57,22000,1,0,1,delivery,10:30,0,0,0.0,Dân cư đông,Phở,Phường Tân Sơn Nhất
L09465,R086,2026-06-22,Phở bò chín,59000,57,25000,1,0,1,delivery,10:30,0,0,0.0,Dân cư đông,Phở,Phường Tân Sơn Nhất
L09466,R086,2026-06-22,Phở bò viên,46000,56,20000,1,0,1,delivery,10:15,0,0,0.0,Dân cư đông,Phở,Phường Tân Sơn Nhất
L09467,R086,2026-06-22,Phở gà,51000,51,25000,1,0,1,delivery,10:00,0,0,0.0,Dân cư đông,Phở,Phường Tân Sơn Nhất
L09468,R086,2026-06-22,Phở bò tái,47000,51,23000,1,0,1,delivery,10:30,0,0,0.0,Dân cư đông,Phở,Phường Tân Sơn Nhất
L09469,R087,2026-06-22,Phở bò chín,49000,35,32000,14,4,10,pickup,13:15,128000,68000,0.286,Công nhân,Phở,Phường Thuận An
L09470,R087,2026-06-22,Phở bò tái,39000,30,27000,10,4,6,pickup,13:15,108000,48000,0.4,Công nhân,Phở,Phường Thuận An
L09471,R088,2026-06-22,Cơm tấm sườn bì chả,39000,59,16000,3,2,1,pickup,09:45,32000,46000,0.667,Dân cư đông,Cơm tấm,Phường Gò Vấp
L09472,R088,2026-06-22,Cơm tấm bì,44000,53,21000,3,2,1,pickup,09:30,42000,46000,0.667,Dân cư đông,Cơm tấm,Phường Gò Vấp
L09473,R088,2026-06-22,Cơm tấm sườn trứng,47000,60,19000,3,2,1,pickup,09:15,38000,56000,0.667,Dân cư đông,Cơm tấm,Phường Gò Vấp
L09474,R088,2026-06-22,Cơm tấm sườn nướng,42000,59,17000,3,2,1,delivery,09:00,34000,50000,0.667,Dân cư đông,Cơm tấm,Phường Gò Vấp
L09475,R088,2026-06-22,Cơm tấm đặc biệt,45000,54,21000,2,1,1,delivery,09:15,21000,24000,0.5,Dân cư đông,Cơm tấm,Phường Gò Vấp
L09476,R089,2026-06-22,Hủ tiếu sa tế,46000,32,31000,1,0,1,delivery,15:45,0,0,0.0,Công nhân,Hủ tiếu,Phường Đông Hòa
L09477,R089,2026-06-22,Hủ tiếu bò kho,46000,30,32000,1,0,1,pickup,15:30,0,0,0.0,Công nhân,Hủ tiếu,Phường Đông Hòa
L09478,R089,2026-06-22,Hủ tiếu mì,41000,38,25000,1,0,1,pickup,15:45,0,0,0.0,Công nhân,Hủ tiếu,Phường Đông Hòa
L09479,R089,2026-06-22,Hủ tiếu thập cẩm,47000,36,30000,1,0,1,delivery,15:15,0,0,0.0,Công nhân,Hủ tiếu,Phường Đông Hòa
L09480,R090,2026-06-22,Hủ tiếu bò kho,40000,44,22000,14,7,7,pickup,09:45,154000,126000,0.5,Sinh viên,Hủ tiếu,Phường Thủ Đức
L09481,R091,2026-06-22,Bánh mì thịt nguội,22000,55,10000,2,1,1,pickup,12:15,10000,12000,0.5,Dân cư đông,Bánh mì,Phường Xóm Chiếu
L09482,R092,2026-06-22,Cơm tấm bì,38000,38,24000,3,1,2,delivery,17:00,24000,14000,0.333,Dân cư đông,Cơm tấm,Phường Gia Định
L09483,R092,2026-06-22,Cơm tấm đặc biệt,46000,39,28000,2,0,2,pickup,17:45,0,0,0.0,Dân cư đông,Cơm tấm,Phường Gia Định
L09484,R092,2026-06-22,Cơm tấm sườn nướng,27000,33,18000,2,0,2,pickup,17:15,0,0,0.0,Dân cư đông,Cơm tấm,Phường Gia Định
L09485,R092,2026-06-22,Cơm tấm sườn bì chả,40000,40,24000,3,1,2,pickup,17:45,24000,16000,0.333,Dân cư đông,Cơm tấm,Phường Gia Định
L09486,R092,2026-06-22,Cơm tấm sườn trứng,35000,36,22000,3,1,2,delivery,17:00,22000,13000,0.333,Dân cư đông,Cơm tấm,Phường Gia Định
L09487,R093,2026-06-22,Phở gà,51000,38,32000,5,1,4,delivery,09:15,32000,19000,0.2,Công nhân,Phở,Phường Tân Đông Hiệp
L09488,R093,2026-06-22,Phở bò viên,52000,38,32000,5,2,3,pickup,09:15,64000,40000,0.4,Công nhân,Phở,Phường Tân Đông Hiệp
L09489,R093,2026-06-22,Phở bò tái,42000,34,28000,6,3,3,delivery,09:00,84000,42000,0.5,Công nhân,Phở,Phường Tân Đông Hiệp
L09490,R093,2026-06-22,Phở bò chín,40000,38,25000,4,1,3,delivery,09:00,25000,15000,0.25,Công nhân,Phở,Phường Tân Đông Hiệp
L09491,R094,2026-06-22,Hủ tiếu bò kho,47000,51,23000,7,4,3,delivery,12:45,92000,96000,0.571,Dân cư đông,Hủ tiếu,Phường Bình Lợi Trung
L09492,R095,2026-06-22,Cơm tấm sườn nướng,40000,60,16000,2,1,1,pickup,14:00,16000,24000,0.5,Công nhân,Cơm tấm,Phường Lái Thiêu
L09493,R095,2026-06-22,Cơm tấm bì,45000,55,20000,2,1,1,delivery,14:30,20000,25000,0.5,Công nhân,Cơm tấm,Phường Lái Thiêu
L09494,R095,2026-06-22,Cơm tấm sườn trứng,40000,60,16000,2,1,1,pickup,14:00,16000,24000,0.5,Công nhân,Cơm tấm,Phường Lái Thiêu
L09495,R095,2026-06-22,Cơm tấm đặc biệt,27000,60,11000,2,1,1,pickup,14:00,11000,16000,0.5,Công nhân,Cơm tấm,Phường Lái Thiêu
L09496,R096,2026-06-22,Cơm canh chua,29000,45,16000,8,5,3,pickup,14:15,80000,65000,0.625,Công nhân,Cơm văn phòng,Phường Lái Thiêu
L09497,R096,2026-06-22,Cơm thịt kho trứng,39000,43,22000,10,7,3,pickup,14:00,154000,119000,0.7,Công nhân,Cơm văn phòng,Phường Lái Thiêu
L09498,R097,2026-06-22,Hủ tiếu Nam Vang,50000,57,22000,2,1,1,delivery,20:15,22000,28000,0.5,Công nhân,Hủ tiếu,Phường Tân Đông Hiệp
L09499,R097,2026-06-22,Hủ tiếu sa tế,37000,53,17000,2,1,1,pickup,20:30,17000,20000,0.5,Công nhân,Hủ tiếu,Phường Tân Đông Hiệp
L09500,R097,2026-06-22,Hủ tiếu mì,43000,53,20000,2,1,1,delivery,20:45,20000,23000,0.5,Công nhân,Hủ tiếu,Phường Tân Đông Hiệp
L09501,R098,2026-06-22,Bún riêu cua mọc,36000,35,23000,2,0,2,pickup,16:15,0,0,0.0,Trung tâm,Bún riêu,Phường Xuân Hòa
L09502,R099,2026-06-22,Cơm canh chua,46000,60,18000,1,0,1,pickup,09:45,0,0,0.0,Sinh viên,Cơm văn phòng,Phường An Khánh
L09503,R099,2026-06-22,Cơm thịt kho trứng,36000,54,17000,1,0,1,pickup,09:30,0,0,0.0,Sinh viên,Cơm văn phòng,Phường An Khánh
L09504,R099,2026-06-22,Cơm gà xối mỡ,41000,56,18000,1,0,1,pickup,09:00,0,0,0.0,Sinh viên,Cơm văn phòng,Phường An Khánh
L09505,R099,2026-06-22,Cơm sườn đậu hũ,35000,56,15000,1,0,1,pickup,09:00,0,0,0.0,Sinh viên,Cơm văn phòng,Phường An Khánh
L09506,R099,2026-06-22,Cơm gà luộc,38000,58,16000,1,0,1,pickup,09:00,0,0,0.0,Sinh viên,Cơm văn phòng,Phường An Khánh
L09507,R100,2026-06-22,Hủ tiếu bò kho,54000,44,30000,3,1,2,pickup,15:00,30000,24000,0.333,Trung tâm,Hủ tiếu,Phường Tân Định
L09508,R100,2026-06-22,Hủ tiếu thập cẩm,50000,41,30000,3,2,1,delivery,15:15,60000,40000,0.667,Trung tâm,Hủ tiếu,Phường Tân Định
L09509,R101,2026-06-22,Phở bò viên,43000,30,30000,1,0,1,pickup,09:00,0,0,0.0,Công nhân,Phở,Phường Bình Hòa
L09510,R101,2026-06-22,Phở bò chín,46000,30,32000,1,0,1,pickup,09:45,0,0,0.0,Công nhân,Phở,Phường Bình Hòa
L09511,R101,2026-06-22,Phở bò tái,47000,31,32000,1,0,1,pickup,09:45,0,0,0.0,Công nhân,Phở,Phường Bình Hòa
L09512,R102,2026-06-22,Bún bò gân,52000,49,27000,1,0,1,pickup,15:00,0,0,0.0,Sinh viên,Bún bò,Phường Thủ Đức
L09513,R102,2026-06-22,Bún bò thập cẩm,47000,56,21000,1,0,1,delivery,15:15,0,0,0.0,Sinh viên,Bún bò,Phường Thủ Đức
L09514,R102,2026-06-22,Bún bò viên,41000,54,19000,2,1,1,delivery,15:30,19000,22000,0.5,Sinh viên,Bún bò,Phường Thủ Đức
L09515,R102,2026-06-22,Bún bò Huế đặc biệt,57000,53,27000,2,1,1,delivery,15:00,27000,30000,0.5,Sinh viên,Bún bò,Phường Thủ Đức
L09516,R103,2026-06-22,Cơm gà luộc,30000,37,19000,8,4,4,delivery,11:45,76000,44000,0.5,Công nhân,Cơm văn phòng,Phường Đông Hòa
L09517,R103,2026-06-22,Cơm gà xối mỡ,36000,41,21000,6,4,2,delivery,11:45,84000,60000,0.667,Công nhân,Cơm văn phòng,Phường Đông Hòa
L09518,R103,2026-06-22,Cơm canh chua,46000,35,30000,8,2,6,delivery,11:30,60000,32000,0.25,Công nhân,Cơm văn phòng,Phường Đông Hòa
L09519,R104,2026-06-22,Bánh mì thịt nguội,24000,53,11000,1,0,1,pickup,19:00,0,0,0.0,Dân cư đông,Bánh mì,Phường Thông Tây Hội
L09520,R104,2026-06-22,Bánh mì xíu mại,20000,48,10000,1,0,1,pickup,19:30,0,0,0.0,Dân cư đông,Bánh mì,Phường Thông Tây Hội
L09521,R104,2026-06-22,Bánh mì trứng,21000,50,10000,1,0,1,pickup,19:00,0,0,0.0,Dân cư đông,Bánh mì,Phường Thông Tây Hội
L09522,R104,2026-06-22,Bánh mì gà,24000,49,12000,1,0,1,pickup,19:30,0,0,0.0,Dân cư đông,Bánh mì,Phường Thông Tây Hội
L09523,R104,2026-06-22,Bánh mì chả lụa,34000,50,17000,1,0,1,pickup,19:15,0,0,0.0,Dân cư đông,Bánh mì,Phường Thông Tây Hội
L09524,R105,2026-06-22,Bánh mì trứng,21000,36,13000,5,2,3,pickup,16:15,26000,16000,0.4,Sinh viên,Bánh mì,Phường Tam Bình
L09525,R105,2026-06-22,Bánh mì chả lụa,19000,31,13000,5,1,4,pickup,16:15,13000,6000,0.2,Sinh viên,Bánh mì,Phường Tam Bình
L09526,R106,2026-06-22,Phở bò chín,44000,60,18000,6,4,2,pickup,11:30,72000,104000,0.667,Công nhân,Phở,Phường An Phú
L09527,R106,2026-06-22,Phở gà,58000,59,24000,7,6,1,pickup,11:00,144000,204000,0.857,Công nhân,Phở,Phường An Phú
L09528,R106,2026-06-22,Phở bò tái nạm,52000,55,23000,7,4,3,pickup,11:00,92000,116000,0.571,Công nhân,Phở,Phường An Phú
L09529,R107,2026-06-22,Hủ tiếu Nam Vang,53000,35,34000,16,8,8,pickup,09:00,272000,152000,0.5,Dân cư đông,Hủ tiếu,Phường Gò Vấp
L09530,R108,2026-06-22,Cơm tấm bì,33000,44,18000,3,1,2,delivery,16:15,18000,15000,0.333,Sinh viên,Cơm tấm,Phường Thủ Đức
L09531,R108,2026-06-22,Cơm tấm đặc biệt,40000,50,20000,4,3,1,pickup,16:30,60000,60000,0.75,Sinh viên,Cơm tấm,Phường Thủ Đức
L09532,R108,2026-06-22,Cơm tấm sườn bì chả,33000,48,17000,3,1,2,delivery,16:45,17000,16000,0.333,Sinh viên,Cơm tấm,Phường Thủ Đức
L09533,R108,2026-06-22,Cơm tấm sườn nướng,33000,52,16000,4,2,2,delivery,16:15,32000,34000,0.5,Sinh viên,Cơm tấm,Phường Thủ Đức
L09534,R109,2026-06-22,Hủ tiếu mì,45000,55,20000,1,0,1,delivery,11:30,0,0,0.0,Trung tâm,Hủ tiếu,Phường Sài Gòn
L09535,R109,2026-06-22,Hủ tiếu Nam Vang,48000,60,19000,1,0,1,pickup,11:30,0,0,0.0,Trung tâm,Hủ tiếu,Phường Sài Gòn
L09536,R109,2026-06-22,Hủ tiếu bò kho,47000,53,22000,1,0,1,delivery,11:45,0,0,0.0,Trung tâm,Hủ tiếu,Phường Sài Gòn
L09537,R110,2026-06-22,Phở gà,42000,60,17000,4,3,1,delivery,10:45,51000,75000,0.75,Sinh viên,Phở,Phường Hiệp Bình
L09538,R110,2026-06-22,Phở bò viên,48000,60,19000,4,3,1,delivery,10:30,57000,87000,0.75,Sinh viên,Phở,Phường Hiệp Bình
L09539,R111,2026-06-22,Bánh mì trứng,23000,53,11000,4,3,1,delivery,09:45,33000,36000,0.75,Sinh viên,Bánh mì,Phường Long Bình
L09540,R112,2026-06-22,Hủ tiếu sa tế,49000,55,22000,1,0,1,pickup,11:15,0,0,0.0,Dân cư đông,Hủ tiếu,Phường Gò Vấp
L09541,R112,2026-06-22,Hủ tiếu bò kho,40000,54,18000,1,0,1,delivery,11:30,0,0,0.0,Dân cư đông,Hủ tiếu,Phường Gò Vấp
L09542,R112,2026-06-22,Hủ tiếu Nam Vang,53000,51,26000,1,0,1,delivery,11:45,0,0,0.0,Dân cư đông,Hủ tiếu,Phường Gò Vấp
L09543,R112,2026-06-22,Hủ tiếu mì,47000,46,25000,1,0,1,pickup,11:45,0,0,0.0,Dân cư đông,Hủ tiếu,Phường Gò Vấp
L09544,R112,2026-06-22,Hủ tiếu thập cẩm,57000,46,31000,1,0,1,delivery,11:30,0,0,0.0,Dân cư đông,Hủ tiếu,Phường Gò Vấp
L09545,R113,2026-06-22,Bánh mì gà,23000,44,13000,1,0,1,delivery,10:00,0,0,0.0,Dân cư đông,Bánh mì,Phường Tân Hòa
L09546,R113,2026-06-22,Bánh mì trứng,24000,49,12000,1,0,1,delivery,10:15,0,0,0.0,Dân cư đông,Bánh mì,Phường Tân Hòa
L09547,R113,2026-06-22,Bánh mì thịt nguội,21000,47,11000,1,0,1,delivery,10:00,0,0,0.0,Dân cư đông,Bánh mì,Phường Tân Hòa
L09548,R113,2026-06-22,Bánh mì xíu mại,19000,50,10000,1,0,1,delivery,10:00,0,0,0.0,Dân cư đông,Bánh mì,Phường Tân Hòa
L09549,R113,2026-06-22,Bánh mì chả lụa,28000,45,15000,1,0,1,delivery,10:00,0,0,0.0,Dân cư đông,Bánh mì,Phường Tân Hòa
L09550,R114,2026-06-22,Cơm canh chua,44000,37,28000,1,0,1,delivery,10:00,0,0,0.0,Công nhân,Cơm văn phòng,Phường Bình Hòa
L09551,R114,2026-06-22,Cơm gà luộc,45000,40,27000,1,0,1,pickup,10:15,0,0,0.0,Công nhân,Cơm văn phòng,Phường Bình Hòa
L09552,R114,2026-06-22,Cơm gà xối mỡ,37000,46,20000,1,0,1,pickup,10:15,0,0,0.0,Công nhân,Cơm văn phòng,Phường Bình Hòa
L09553,R114,2026-06-22,Cơm thịt kho trứng,35000,42,20000,1,0,1,pickup,10:45,0,0,0.0,Công nhân,Cơm văn phòng,Phường Bình Hòa
L09554,R115,2026-06-22,Cơm tấm sườn nướng,41000,40,25000,1,0,1,delivery,14:30,0,0,0.0,Dân cư đông,Cơm tấm,Phường Khánh Hội
L09555,R115,2026-06-22,Cơm tấm sườn bì chả,31000,43,18000,1,0,1,delivery,14:15,0,0,0.0,Dân cư đông,Cơm tấm,Phường Khánh Hội
L09556,R116,2026-06-22,Cơm gà xối mỡ,28000,38,17000,2,1,1,delivery,20:45,17000,11000,0.5,Dân cư đông,Cơm văn phòng,Phường Bình Lợi Trung
L09557,R116,2026-06-22,Cơm gà luộc,35000,38,22000,2,0,2,delivery,20:30,0,0,0.0,Dân cư đông,Cơm văn phòng,Phường Bình Lợi Trung
L09558,R117,2026-06-22,Bánh mì trứng,19000,36,12000,1,0,1,delivery,09:15,0,0,0.0,Sinh viên,Bánh mì,Phường Hiệp Bình
L09559,R117,2026-06-22,Bánh mì chả lụa,31000,38,19000,1,0,1,delivery,09:15,0,0,0.0,Sinh viên,Bánh mì,Phường Hiệp Bình
L09560,R117,2026-06-22,Bánh mì thịt nguội,17000,36,11000,1,0,1,delivery,09:45,0,0,0.0,Sinh viên,Bánh mì,Phường Hiệp Bình
L09561,R118,2026-06-22,Bánh mì trứng,19000,36,12000,4,1,3,pickup,10:00,12000,7000,0.25,Dân cư đông,Bánh mì,Phường Gò Vấp
L09562,R118,2026-06-22,Bánh mì xíu mại,20000,30,14000,3,1,2,pickup,10:30,14000,6000,0.333,Dân cư đông,Bánh mì,Phường Gò Vấp
L09563,R118,2026-06-22,Bánh mì thịt nguội,22000,34,15000,3,1,2,pickup,10:15,15000,7000,0.333,Dân cư đông,Bánh mì,Phường Gò Vấp
L09564,R119,2026-06-22,Bún bò viên,47000,52,23000,7,6,1,pickup,14:45,138000,144000,0.857,Công nhân,Bún bò,Phường Đông Hòa
L09565,R120,2026-06-22,Bún bò viên,49000,55,22000,1,0,1,pickup,11:45,0,0,0.0,Dân cư đông,Bún bò,Phường Hạnh Thông
L09566,R120,2026-06-22,Bún bò giò heo,48000,51,24000,1,0,1,pickup,11:15,0,0,0.0,Dân cư đông,Bún bò,Phường Hạnh Thông
L09567,R120,2026-06-22,Bún bò gân,41000,58,17000,2,1,1,pickup,11:15,17000,24000,0.5,Dân cư đông,Bún bò,Phường Hạnh Thông
L09568,R120,2026-06-22,Bún bò thập cẩm,39000,51,19000,2,1,1,pickup,11:15,19000,20000,0.5,Dân cư đông,Bún bò,Phường Hạnh Thông
L09569,R120,2026-06-22,Bún bò Huế đặc biệt,38000,51,19000,1,0,1,pickup,11:15,0,0,0.0,Dân cư đông,Bún bò,Phường Hạnh Thông
L09570,R121,2026-06-22,Cơm thịt kho trứng,41000,37,26000,1,0,1,pickup,12:00,0,0,0.0,Dân cư đông,Cơm văn phòng,Phường Gò Vấp
L09571,R121,2026-06-22,Cơm sườn đậu hũ,35000,33,23000,1,0,1,pickup,12:15,0,0,0.0,Dân cư đông,Cơm văn phòng,Phường Gò Vấp
L09572,R121,2026-06-22,Cơm gà xối mỡ,36000,42,21000,1,0,1,pickup,12:00,0,0,0.0,Dân cư đông,Cơm văn phòng,Phường Gò Vấp
L09573,R121,2026-06-22,Cơm canh chua,39000,37,25000,1,0,1,pickup,12:45,0,0,0.0,Dân cư đông,Cơm văn phòng,Phường Gò Vấp
L09574,R121,2026-06-22,Cơm gà luộc,47000,36,30000,1,0,1,pickup,12:00,0,0,0.0,Dân cư đông,Cơm văn phòng,Phường Gò Vấp
L09575,R122,2026-06-22,Bún riêu thập cẩm,42000,45,23000,6,3,3,pickup,09:15,69000,57000,0.5,Sinh viên,Bún riêu,Phường Linh Xuân
L09576,R123,2026-06-22,Cơm gà luộc,39000,59,16000,13,10,3,pickup,16:00,160000,230000,0.769,Sinh viên,Cơm văn phòng,Phường Bình Trưng
L09577,R124,2026-06-22,Bún bò giò heo,51000,30,36000,3,1,2,delivery,15:15,36000,15000,0.333,Sinh viên,Bún bò,Phường Cát Lái
L09578,R124,2026-06-22,Bún bò thập cẩm,61000,37,38000,3,1,2,delivery,15:45,38000,23000,0.333,Sinh viên,Bún bò,Phường Cát Lái
L09579,R124,2026-06-22,Bún bò gân,47000,36,30000,3,1,2,pickup,15:30,30000,17000,0.333,Sinh viên,Bún bò,Phường Cát Lái
L09580,R124,2026-06-22,Bún bò viên,54000,34,36000,3,1,2,delivery,15:15,36000,18000,0.333,Sinh viên,Bún bò,Phường Cát Lái
L09581,R124,2026-06-22,Bún bò Huế đặc biệt,48000,30,34000,3,1,2,delivery,15:15,34000,14000,0.333,Sinh viên,Bún bò,Phường Cát Lái
L09582,R125,2026-06-22,Bánh mì gà,30000,50,15000,2,1,1,delivery,15:45,15000,15000,0.5,Công nhân,Bánh mì,Phường Lái Thiêu
L09583,R125,2026-06-22,Bánh mì xíu mại,19000,51,9000,3,2,1,delivery,15:45,18000,20000,0.667,Công nhân,Bánh mì,Phường Lái Thiêu
L09584,R126,2026-06-22,Phở bò viên,44000,38,27000,2,0,2,delivery,11:45,0,0,0.0,Dân cư đông,Phở,Phường Gò Vấp
L09585,R126,2026-06-22,Phở bò tái,46000,30,32000,2,0,2,delivery,11:15,0,0,0.0,Dân cư đông,Phở,Phường Gò Vấp
L09586,R126,2026-06-22,Phở bò tái nạm,44000,37,28000,2,0,2,delivery,11:00,0,0,0.0,Dân cư đông,Phở,Phường Gò Vấp
L09587,R126,2026-06-22,Phở gà,49000,35,32000,3,1,2,delivery,11:15,32000,17000,0.333,Dân cư đông,Phở,Phường Gò Vấp
L09588,R126,2026-06-22,Phở bò chín,54000,32,37000,3,1,2,delivery,11:45,37000,17000,0.333,Dân cư đông,Phở,Phường Gò Vấp
L09589,R127,2026-06-22,Cơm gà luộc,47000,32,32000,2,0,2,delivery,18:30,0,0,0.0,Dân cư đông,Cơm văn phòng,Phường Tân Sơn Nhất
L09590,R127,2026-06-22,Cơm thịt kho trứng,28000,32,19000,2,0,2,delivery,18:00,0,0,0.0,Dân cư đông,Cơm văn phòng,Phường Tân Sơn Nhất
L09591,R127,2026-06-22,Cơm sườn đậu hũ,46000,33,31000,2,1,1,delivery,18:45,31000,15000,0.5,Dân cư đông,Cơm văn phòng,Phường Tân Sơn Nhất
L09592,R127,2026-06-22,Cơm canh chua,46000,31,32000,3,1,2,delivery,18:15,32000,14000,0.333,Dân cư đông,Cơm văn phòng,Phường Tân Sơn Nhất
L09593,R127,2026-06-22,Cơm gà xối mỡ,30000,38,19000,3,1,2,delivery,18:15,19000,11000,0.333,Dân cư đông,Cơm văn phòng,Phường Tân Sơn Nhất
L09594,R128,2026-06-22,Bánh mì xíu mại,27000,33,18000,3,1,2,delivery,18:00,18000,9000,0.333,Trung tâm,Bánh mì,Phường Đức Nhuận
L09595,R128,2026-06-22,Bánh mì thịt nguội,19000,32,13000,4,1,3,pickup,18:00,13000,6000,0.25,Trung tâm,Bánh mì,Phường Đức Nhuận
L09596,R129,2026-06-22,Phở bò tái nạm,44000,54,20000,1,0,1,pickup,11:00,0,0,0.0,Công nhân,Phở,Phường Dĩ An
L09597,R129,2026-06-22,Phở gà,45000,55,20000,2,1,1,pickup,11:30,20000,25000,0.5,Công nhân,Phở,Phường Dĩ An
L09598,R129,2026-06-22,Phở bò chín,47000,52,23000,1,0,1,pickup,11:15,0,0,0.0,Công nhân,Phở,Phường Dĩ An
L09599,R130,2026-06-22,Phở bò tái,52000,42,30000,3,2,1,delivery,10:00,60000,44000,0.667,Công nhân,Phở,Phường Lái Thiêu
L09600,R130,2026-06-22,Phở bò tái nạm,46000,48,24000,4,2,2,delivery,10:45,48000,44000,0.5,Công nhân,Phở,Phường Lái Thiêu
L09601,R130,2026-06-22,Phở gà,50000,49,26000,4,2,2,delivery,10:45,52000,48000,0.5,Công nhân,Phở,Phường Lái Thiêu
L09602,R130,2026-06-22,Phở bò viên,44000,40,26000,4,2,2,delivery,10:30,52000,36000,0.5,Công nhân,Phở,Phường Lái Thiêu
L09603,R131,2026-06-22,Bún bò Huế đặc biệt,48000,55,22000,1,0,1,delivery,20:15,0,0,0.0,Sinh viên,Bún bò,Phường Phước Long
L09604,R131,2026-06-22,Bún bò viên,43000,48,22000,1,0,1,delivery,20:15,0,0,0.0,Sinh viên,Bún bò,Phường Phước Long
L09605,R131,2026-06-22,Bún bò giò heo,55000,54,25000,1,0,1,delivery,20:00,0,0,0.0,Sinh viên,Bún bò,Phường Phước Long
L09606,R131,2026-06-22,Bún bò thập cẩm,55000,51,27000,1,0,1,pickup,20:15,0,0,0.0,Sinh viên,Bún bò,Phường Phước Long
L09607,R132,2026-06-22,Cơm thịt kho trứng,49000,44,27000,3,1,2,delivery,09:45,27000,22000,0.333,Sinh viên,Cơm văn phòng,Phường Linh Xuân
L09608,R132,2026-06-22,Cơm gà luộc,37000,42,21000,4,2,2,delivery,09:30,42000,32000,0.5,Sinh viên,Cơm văn phòng,Phường Linh Xuân
L09609,R132,2026-06-22,Cơm sườn đậu hũ,37000,41,22000,5,3,2,delivery,09:15,66000,45000,0.6,Sinh viên,Cơm văn phòng,Phường Linh Xuân
L09610,R133,2026-06-22,Hủ tiếu mì,44000,37,28000,16,8,8,delivery,15:15,224000,128000,0.5,Sinh viên,Hủ tiếu,Phường Cát Lái
L09611,R134,2026-06-22,Cơm tấm sườn nướng,39000,30,27000,1,0,1,delivery,15:45,0,0,0.0,Dân cư đông,Cơm tấm,Phường An Nhơn
L09612,R134,2026-06-22,Cơm tấm sườn bì chả,40000,30,28000,1,0,1,delivery,15:30,0,0,0.0,Dân cư đông,Cơm tấm,Phường An Nhơn
L09613,R134,2026-06-22,Cơm tấm sườn trứng,29000,37,18000,1,0,1,pickup,15:00,0,0,0.0,Dân cư đông,Cơm tấm,Phường An Nhơn
L09614,R135,2026-06-22,Bún bò thập cẩm,52000,44,29000,6,3,3,pickup,20:30,87000,69000,0.5,Sinh viên,Bún bò,Phường Cát Lái
L09615,R135,2026-06-22,Bún bò gân,46000,54,21000,6,4,2,pickup,20:30,84000,100000,0.667,Sinh viên,Bún bò,Phường Cát Lái
L09616,R135,2026-06-22,Bún bò giò heo,62000,48,32000,6,4,2,pickup,20:45,128000,120000,0.667,Sinh viên,Bún bò,Phường Cát Lái
L09617,R136,2026-06-22,Bún bò gân,46000,51,23000,7,4,3,delivery,10:45,92000,92000,0.571,Công nhân,Bún bò,Phường Đông Hòa
L09618,R136,2026-06-22,Bún bò Huế đặc biệt,45000,51,22000,7,6,1,pickup,10:45,132000,138000,0.857,Công nhân,Bún bò,Phường Đông Hòa
L09619,R136,2026-06-22,Bún bò viên,50000,57,22000,7,5,2,delivery,10:00,110000,140000,0.714,Công nhân,Bún bò,Phường Đông Hòa
L09620,R137,2026-06-22,Hủ tiếu thập cẩm,47000,45,26000,1,0,1,delivery,15:45,0,0,0.0,Dân cư đông,Hủ tiếu,Phường Tân Sơn Nhất
L09621,R137,2026-06-22,Hủ tiếu Nam Vang,41000,41,24000,1,0,1,delivery,15:00,0,0,0.0,Dân cư đông,Hủ tiếu,Phường Tân Sơn Nhất
L09622,R137,2026-06-22,Hủ tiếu sa tế,39000,46,21000,1,0,1,delivery,15:15,0,0,0.0,Dân cư đông,Hủ tiếu,Phường Tân Sơn Nhất
L09623,R137,2026-06-22,Hủ tiếu mì,46000,46,25000,1,0,1,delivery,15:15,0,0,0.0,Dân cư đông,Hủ tiếu,Phường Tân Sơn Nhất
L09624,R137,2026-06-22,Hủ tiếu bò kho,47000,44,26000,1,0,1,delivery,15:30,0,0,0.0,Dân cư đông,Hủ tiếu,Phường Tân Sơn Nhất
L09625,R138,2026-06-22,Cơm tấm sườn bì chả,30000,55,13000,1,0,1,delivery,16:30,0,0,0.0,Công nhân,Cơm tấm,Phường Đông Hòa
L09626,R138,2026-06-22,Cơm tấm bì,31000,60,12000,1,0,1,delivery,16:00,0,0,0.0,Công nhân,Cơm tấm,Phường Đông Hòa
L09627,R138,2026-06-22,Cơm tấm đặc biệt,42000,60,17000,1,0,1,delivery,16:00,0,0,0.0,Công nhân,Cơm tấm,Phường Đông Hòa
L09628,R138,2026-06-22,Cơm tấm sườn nướng,43000,58,18000,1,0,1,delivery,16:30,0,0,0.0,Công nhân,Cơm tấm,Phường Đông Hòa
L09629,R139,2026-06-22,Bánh mì gà,20000,60,8000,3,2,1,delivery,09:15,16000,24000,0.667,Ngoại ô,Bánh mì,Xã Bà Điểm
L09630,R139,2026-06-22,Bánh mì thịt nguội,28000,53,13000,3,2,1,delivery,09:45,26000,30000,0.667,Ngoại ô,Bánh mì,Xã Bà Điểm
L09631,R139,2026-06-22,Bánh mì chả lụa,19000,60,8000,3,2,1,delivery,09:15,16000,22000,0.667,Ngoại ô,Bánh mì,Xã Bà Điểm
L09632,R140,2026-06-22,Bún riêu thập cẩm,35000,38,22000,6,3,3,delivery,17:45,66000,39000,0.5,Ngoại ô,Bún riêu,Xã Hiệp Phước
L09633,R140,2026-06-22,Bún riêu cua mọc,47000,40,28000,6,4,2,delivery,17:15,112000,76000,0.667,Ngoại ô,Bún riêu,Xã Hiệp Phước
L09634,R141,2026-06-22,Cơm canh chua,39000,30,27000,2,0,2,delivery,15:00,0,0,0.0,Sinh viên,Cơm văn phòng,Phường Long Bình
L09635,R141,2026-06-22,Cơm thịt kho trứng,43000,30,30000,3,1,2,delivery,15:15,30000,13000,0.333,Sinh viên,Cơm văn phòng,Phường Long Bình
L09636,R142,2026-06-22,Bún riêu cua,48000,48,25000,4,2,2,pickup,11:45,50000,46000,0.5,Công nhân,Bún riêu,Phường Thuận An
L09637,R142,2026-06-22,Bún riêu thập cẩm,34000,50,17000,6,4,2,pickup,11:45,68000,68000,0.667,Công nhân,Bún riêu,Phường Thuận An
L09638,R142,2026-06-22,Bún riêu cua mọc,42000,43,24000,4,2,2,pickup,11:30,48000,36000,0.5,Công nhân,Bún riêu,Phường Thuận An
L09639,R142,2026-06-22,Bún riêu cua đồng,45000,49,23000,6,4,2,pickup,11:00,92000,88000,0.667,Công nhân,Bún riêu,Phường Thuận An
L09640,R143,2026-06-22,Bánh mì trứng,22000,50,11000,2,1,1,pickup,16:45,11000,11000,0.5,Sinh viên,Bánh mì,Phường Cát Lái
L09641,R143,2026-06-22,Bánh mì thịt nguội,32000,48,17000,2,1,1,delivery,16:45,17000,15000,0.5,Sinh viên,Bánh mì,Phường Cát Lái
L09642,R143,2026-06-22,Bánh mì chả lụa,26000,48,14000,3,2,1,delivery,16:30,28000,24000,0.667,Sinh viên,Bánh mì,Phường Cát Lái
L09643,R143,2026-06-22,Bánh mì gà,25000,45,14000,2,1,1,delivery,16:00,14000,11000,0.5,Sinh viên,Bánh mì,Phường Cát Lái
L09644,R144,2026-06-22,Bún bò viên,38000,60,15000,3,2,1,pickup,15:15,30000,46000,0.667,Sinh viên,Bún bò,Phường Phước Long
L09645,R144,2026-06-22,Bún bò giò heo,50000,55,22000,2,1,1,pickup,15:15,22000,28000,0.5,Sinh viên,Bún bò,Phường Phước Long
L09646,R144,2026-06-22,Bún bò Huế đặc biệt,46000,60,18000,3,2,1,pickup,15:30,36000,56000,0.667,Sinh viên,Bún bò,Phường Phước Long
L09647,R145,2026-06-22,Cơm tấm sườn trứng,32000,48,17000,2,1,1,pickup,19:30,17000,15000,0.5,Trung tâm,Cơm tấm,Phường Phú Nhuận
L09648,R145,2026-06-22,Cơm tấm đặc biệt,39000,42,23000,2,1,1,delivery,19:45,23000,16000,0.5,Trung tâm,Cơm tấm,Phường Phú Nhuận
L09649,R145,2026-06-22,Cơm tấm bì,44000,41,26000,2,1,1,delivery,19:00,26000,18000,0.5,Trung tâm,Cơm tấm,Phường Phú Nhuận
L09650,R145,2026-06-22,Cơm tấm sườn nướng,34000,46,18000,2,1,1,pickup,19:00,18000,16000,0.5,Trung tâm,Cơm tấm,Phường Phú Nhuận
L09651,R146,2026-06-22,Bún bò gân,51000,51,25000,3,2,1,delivery,16:15,50000,52000,0.667,Công nhân,Bún bò,Phường Tân Đông Hiệp
L09652,R146,2026-06-22,Bún bò thập cẩm,44000,48,23000,2,1,1,pickup,16:00,23000,21000,0.5,Công nhân,Bún bò,Phường Tân Đông Hiệp
L09653,R146,2026-06-22,Bún bò giò heo,43000,56,19000,3,2,1,delivery,16:15,38000,48000,0.667,Công nhân,Bún bò,Phường Tân Đông Hiệp
L09654,R147,2026-06-22,Phở bò viên,38000,31,26000,4,2,2,delivery,14:00,52000,24000,0.5,Công nhân,Phở,Phường Dĩ An
L09655,R147,2026-06-22,Phở bò chín,40000,37,25000,3,1,2,pickup,14:00,25000,15000,0.333,Công nhân,Phở,Phường Dĩ An
L09656,R148,2026-06-22,Bún bò viên,48000,33,32000,4,1,3,pickup,17:30,32000,16000,0.25,Trung tâm,Bún bò,Phường Cầu Kiệu
L09657,R148,2026-06-22,Bún bò Huế đặc biệt,45000,30,31000,3,1,2,pickup,17:15,31000,14000,0.333,Trung tâm,Bún bò,Phường Cầu Kiệu
L09658,R149,2026-06-22,Bún bò Huế đặc biệt,48000,36,31000,17,5,12,pickup,13:15,155000,85000,0.294,Sinh viên,Bún bò,Phường An Khánh
L09659,R000,2026-06-23,Bún bò thập cẩm,47000,30,33000,9,5,4,pickup,18:30,165000,70000,0.556,Công nhân,Bún bò,Phường Đông Hòa
L09660,R000,2026-06-23,Bún bò gân,50000,36,32000,7,4,3,pickup,18:30,128000,72000,0.571,Công nhân,Bún bò,Phường Đông Hòa
L09661,R000,2026-06-23,Bún bò giò heo,45000,38,28000,8,3,5,pickup,18:00,84000,51000,0.375,Công nhân,Bún bò,Phường Đông Hòa
L09662,R001,2026-06-23,Cơm tấm sườn bì chả,32000,38,20000,2,1,1,pickup,19:15,20000,12000,0.5,Ngoại ô,Cơm tấm,Xã Bình Chánh
L09663,R001,2026-06-23,Cơm tấm bì,33000,43,19000,2,1,1,pickup,19:00,19000,14000,0.5,Ngoại ô,Cơm tấm,Xã Bình Chánh
L09664,R001,2026-06-23,Cơm tấm sườn nướng,32000,40,19000,1,0,1,pickup,19:30,0,0,0.0,Ngoại ô,Cơm tấm,Xã Bình Chánh
L09665,R002,2026-06-23,Hủ tiếu thập cẩm,43000,34,28000,3,1,2,pickup,20:15,28000,15000,0.333,Dân cư đông,Hủ tiếu,Phường An Nhơn
L09666,R002,2026-06-23,Hủ tiếu Nam Vang,46000,42,27000,3,1,2,delivery,20:45,27000,19000,0.333,Dân cư đông,Hủ tiếu,Phường An Nhơn
L09667,R002,2026-06-23,Hủ tiếu bò kho,48000,35,31000,3,1,2,delivery,20:15,31000,17000,0.333,Dân cư đông,Hủ tiếu,Phường An Nhơn
L09668,R002,2026-06-23,Hủ tiếu sa tế,49000,32,33000,3,1,2,delivery,20:45,33000,16000,0.333,Dân cư đông,Hủ tiếu,Phường An Nhơn
L09669,R002,2026-06-23,Hủ tiếu mì,60000,34,40000,3,1,2,pickup,20:15,40000,20000,0.333,Dân cư đông,Hủ tiếu,Phường An Nhơn
L09670,R003,2026-06-23,Phở bò tái,47000,51,23000,6,4,2,delivery,18:45,92000,96000,0.667,Công nhân,Phở,Phường Bình Hòa
L09671,R003,2026-06-23,Phở bò chín,41000,56,18000,5,4,1,delivery,18:15,72000,92000,0.8,Công nhân,Phở,Phường Bình Hòa
L09672,R003,2026-06-23,Phở gà,51000,60,20000,6,5,1,pickup,18:45,100000,155000,0.833,Công nhân,Phở,Phường Bình Hòa
L09673,R003,2026-06-23,Phở bò tái nạm,37000,59,15000,7,5,2,delivery,18:15,75000,110000,0.714,Công nhân,Phở,Phường Bình Hòa
L09674,R004,2026-06-23,Hủ tiếu Nam Vang,39000,56,17000,1,0,1,delivery,16:15,0,0,0.0,Sinh viên,Hủ tiếu,Phường Cát Lái
L09675,R004,2026-06-23,Hủ tiếu bò kho,43000,53,20000,1,0,1,delivery,16:15,0,0,0.0,Sinh viên,Hủ tiếu,Phường Cát Lái
L09676,R004,2026-06-23,Hủ tiếu mì,50000,56,22000,1,0,1,delivery,16:45,0,0,0.0,Sinh viên,Hủ tiếu,Phường Cát Lái
L09677,R004,2026-06-23,Hủ tiếu thập cẩm,40000,50,20000,1,0,1,pickup,16:00,0,0,0.0,Sinh viên,Hủ tiếu,Phường Cát Lái
L09678,R005,2026-06-23,Hủ tiếu mì,52000,50,26000,4,2,2,pickup,10:15,52000,52000,0.5,Sinh viên,Hủ tiếu,Phường Long Bình
L09679,R005,2026-06-23,Hủ tiếu sa tế,41000,51,20000,3,2,1,pickup,10:00,40000,42000,0.667,Sinh viên,Hủ tiếu,Phường Long Bình
L09680,R005,2026-06-23,Hủ tiếu thập cẩm,47000,54,22000,4,3,1,pickup,10:15,66000,75000,0.75,Sinh viên,Hủ tiếu,Phường Long Bình
L09681,R005,2026-06-23,Hủ tiếu Nam Vang,50000,54,23000,4,3,1,pickup,10:45,69000,81000,0.75,Sinh viên,Hủ tiếu,Phường Long Bình
L09682,R006,2026-06-23,Bún bò giò heo,47000,36,30000,2,0,2,delivery,17:00,0,0,0.0,Trung tâm,Bún bò,Phường Nhiêu Lộc
L09683,R006,2026-06-23,Bún bò viên,48000,39,29000,2,1,1,delivery,17:30,29000,19000,0.5,Trung tâm,Bún bò,Phường Nhiêu Lộc
L09684,R006,2026-06-23,Bún bò gân,45000,46,24000,1,0,1,delivery,17:45,0,0,0.0,Trung tâm,Bún bò,Phường Nhiêu Lộc
L09685,R006,2026-06-23,Bún bò thập cẩm,45000,44,25000,1,0,1,delivery,17:45,0,0,0.0,Trung tâm,Bún bò,Phường Nhiêu Lộc
L09686,R007,2026-06-23,Phở bò chín,51000,31,35000,16,9,7,pickup,09:30,315000,144000,0.562,Dân cư đông,Phở,Phường An Hội Đông
L09687,R008,2026-06-23,Hủ tiếu mì,52000,44,29000,5,3,2,pickup,16:15,87000,69000,0.6,Công nhân,Hủ tiếu,Phường Thuận An
L09688,R008,2026-06-23,Hủ tiếu bò kho,51000,44,29000,4,2,2,delivery,16:30,58000,44000,0.5,Công nhân,Hủ tiếu,Phường Thuận An
L09689,R008,2026-06-23,Hủ tiếu thập cẩm,43000,47,23000,5,2,3,pickup,16:15,46000,40000,0.4,Công nhân,Hủ tiếu,Phường Thuận An
L09690,R009,2026-06-23,Cơm tấm bì,36000,58,15000,4,3,1,pickup,20:45,45000,63000,0.75,Dân cư đông,Cơm tấm,Phường Tân Bình
L09691,R009,2026-06-23,Cơm tấm đặc biệt,36000,50,18000,3,2,1,pickup,20:00,36000,36000,0.667,Dân cư đông,Cơm tấm,Phường Tân Bình
L09692,R009,2026-06-23,Cơm tấm sườn bì chả,46000,54,21000,4,2,2,pickup,20:00,42000,50000,0.5,Dân cư đông,Cơm tấm,Phường Tân Bình
L09693,R010,2026-06-23,Cơm tấm sườn trứng,46000,50,23000,1,0,1,pickup,19:00,0,0,0.0,Trung tâm,Cơm tấm,Phường Đức Nhuận
L09694,R010,2026-06-23,Cơm tấm sườn nướng,40000,41,24000,1,0,1,delivery,19:15,0,0,0.0,Trung tâm,Cơm tấm,Phường Đức Nhuận
L09695,R010,2026-06-23,Cơm tấm sườn bì chả,33000,50,16000,1,0,1,pickup,19:30,0,0,0.0,Trung tâm,Cơm tấm,Phường Đức Nhuận
L09696,R011,2026-06-23,Bánh mì gà,28000,34,18000,6,3,3,delivery,20:30,54000,30000,0.5,Ngoại ô,Bánh mì,Xã Hiệp Phước
L09697,R012,2026-06-23,Phở bò tái nạm,56000,53,26000,2,1,1,delivery,20:45,26000,30000,0.5,Dân cư đông,Phở,Phường Khánh Hội
L09698,R012,2026-06-23,Phở bò chín,59000,58,25000,2,1,1,delivery,20:30,25000,34000,0.5,Dân cư đông,Phở,Phường Khánh Hội
L09699,R013,2026-06-23,Phở gà,53000,47,28000,3,2,1,delivery,12:00,56000,50000,0.667,Sinh viên,Phở,Phường Long Bình
L09700,R013,2026-06-23,Phở bò viên,42000,49,21000,4,2,2,pickup,12:45,42000,42000,0.5,Sinh viên,Phở,Phường Long Bình
L09701,R013,2026-06-23,Phở bò chín,43000,53,20000,3,2,1,delivery,12:30,40000,46000,0.667,Sinh viên,Phở,Phường Long Bình
L09702,R013,2026-06-23,Phở bò tái nạm,42000,53,20000,4,3,1,delivery,12:15,60000,66000,0.75,Sinh viên,Phở,Phường Long Bình
L09703,R013,2026-06-23,Phở bò tái,44000,50,22000,3,2,1,delivery,12:45,44000,44000,0.667,Sinh viên,Phở,Phường Long Bình
L09704,R014,2026-06-23,Bánh mì xíu mại,26000,53,12000,1,0,1,pickup,12:15,0,0,0.0,Sinh viên,Bánh mì,Phường An Khánh
L09705,R014,2026-06-23,Bánh mì thịt nguội,25000,54,12000,1,0,1,pickup,12:30,0,0,0.0,Sinh viên,Bánh mì,Phường An Khánh
L09706,R015,2026-06-23,Hủ tiếu Nam Vang,50000,38,31000,7,4,3,delivery,13:45,124000,76000,0.571,Sinh viên,Hủ tiếu,Phường Hiệp Bình
L09707,R015,2026-06-23,Hủ tiếu mì,49000,38,30000,5,3,2,delivery,13:15,90000,57000,0.6,Sinh viên,Hủ tiếu,Phường Hiệp Bình
L09708,R015,2026-06-23,Hủ tiếu bò kho,51000,38,32000,5,2,3,delivery,13:15,64000,38000,0.4,Sinh viên,Hủ tiếu,Phường Hiệp Bình
L09709,R016,2026-06-23,Phở bò tái nạm,55000,44,31000,3,2,1,delivery,16:15,62000,48000,0.667,Sinh viên,Phở,Phường Tăng Nhơn Phú
L09710,R016,2026-06-23,Phở bò chín,41000,47,22000,4,2,2,pickup,16:15,44000,38000,0.5,Sinh viên,Phở,Phường Tăng Nhơn Phú
L09711,R016,2026-06-23,Phở bò viên,56000,51,27000,4,3,1,delivery,16:45,81000,87000,0.75,Sinh viên,Phở,Phường Tăng Nhơn Phú
L09712,R017,2026-06-23,Cơm tấm sườn trứng,38000,35,25000,14,8,6,delivery,13:45,200000,104000,0.571,Công nhân,Cơm tấm,Phường Dĩ An
L09713,R018,2026-06-23,Cơm tấm bì,48000,42,28000,3,1,2,delivery,16:15,28000,20000,0.333,Công nhân,Cơm tấm,Phường Lái Thiêu
L09714,R019,2026-06-23,Bún bò gân,47000,45,26000,6,3,3,pickup,18:00,78000,63000,0.5,Sinh viên,Bún bò,Phường Long Bình
L09715,R019,2026-06-23,Bún bò thập cẩm,43000,40,26000,7,3,4,pickup,18:15,78000,51000,0.429,Sinh viên,Bún bò,Phường Long Bình
L09716,R020,2026-06-23,Phở gà,40000,35,26000,2,0,2,delivery,09:00,0,0,0.0,Công nhân,Phở,Phường Đông Hòa
L09717,R020,2026-06-23,Phở bò viên,48000,41,28000,2,1,1,delivery,09:45,28000,20000,0.5,Công nhân,Phở,Phường Đông Hòa
L09718,R020,2026-06-23,Phở bò chín,38000,35,25000,1,0,1,delivery,09:15,0,0,0.0,Công nhân,Phở,Phường Đông Hòa
L09719,R020,2026-06-23,Phở bò tái nạm,48000,41,28000,2,1,1,delivery,09:15,28000,20000,0.5,Công nhân,Phở,Phường Đông Hòa
L09720,R021,2026-06-23,Hủ tiếu Nam Vang,54000,36,35000,3,1,2,pickup,20:00,35000,19000,0.333,Sinh viên,Hủ tiếu,Phường Bình Trưng
L09721,R021,2026-06-23,Hủ tiếu thập cẩm,42000,39,26000,3,1,2,pickup,20:00,26000,16000,0.333,Sinh viên,Hủ tiếu,Phường Bình Trưng
L09722,R022,2026-06-23,Bánh mì trứng,27000,57,12000,2,1,1,pickup,18:45,12000,15000,0.5,Sinh viên,Bánh mì,Phường Long Bình
L09723,R022,2026-06-23,Bánh mì chả lụa,24000,59,10000,1,0,1,pickup,18:30,0,0,0.0,Sinh viên,Bánh mì,Phường Long Bình
L09724,R022,2026-06-23,Bánh mì thịt nguội,28000,55,13000,2,1,1,delivery,18:45,13000,15000,0.5,Sinh viên,Bánh mì,Phường Long Bình
L09725,R022,2026-06-23,Bánh mì xíu mại,28000,59,11000,2,1,1,delivery,18:15,11000,17000,0.5,Sinh viên,Bánh mì,Phường Long Bình
L09726,R022,2026-06-23,Bánh mì gà,18000,60,7000,2,1,1,delivery,18:30,7000,11000,0.5,Sinh viên,Bánh mì,Phường Long Bình
L09727,R023,2026-06-23,Bánh mì xíu mại,24000,34,16000,2,1,1,pickup,17:15,16000,8000,0.5,Công nhân,Bánh mì,Phường Tân Đông Hiệp
L09728,R023,2026-06-23,Bánh mì gà,27000,30,19000,2,1,1,delivery,17:15,19000,8000,0.5,Công nhân,Bánh mì,Phường Tân Đông Hiệp
L09729,R024,2026-06-23,Hủ tiếu bò kho,43000,52,21000,14,10,4,delivery,14:15,210000,220000,0.714,Công nhân,Hủ tiếu,Phường An Phú
L09730,R025,2026-06-23,Cơm gà xối mỡ,45000,34,30000,1,0,1,delivery,11:45,0,0,0.0,Dân cư đông,Cơm văn phòng,Phường An Hội Đông
L09731,R025,2026-06-23,Cơm sườn đậu hũ,41000,37,26000,2,0,2,pickup,11:00,0,0,0.0,Dân cư đông,Cơm văn phòng,Phường An Hội Đông
L09732,R025,2026-06-23,Cơm thịt kho trứng,29000,30,20000,2,0,2,delivery,11:45,0,0,0.0,Dân cư đông,Cơm văn phòng,Phường An Hội Đông
L09733,R025,2026-06-23,Cơm canh chua,32000,30,22000,2,1,1,pickup,11:00,22000,10000,0.5,Dân cư đông,Cơm văn phòng,Phường An Hội Đông
L09734,R025,2026-06-23,Cơm gà luộc,37000,30,26000,1,0,1,pickup,11:00,0,0,0.0,Dân cư đông,Cơm văn phòng,Phường An Hội Đông
L09735,R026,2026-06-23,Bún riêu cua đồng,47000,44,26000,4,2,2,pickup,16:00,52000,42000,0.5,Sinh viên,Bún riêu,Phường Tam Bình
L09736,R027,2026-06-23,Bún bò Huế đặc biệt,48000,35,31000,2,0,2,pickup,17:45,0,0,0.0,Công nhân,Bún bò,Phường Hòa Lợi
L09737,R028,2026-06-23,Bánh mì xíu mại,28000,55,13000,6,5,1,delivery,14:30,65000,75000,0.833,Công nhân,Bánh mì,Phường Tân Đông Hiệp
L09738,R029,2026-06-23,Phở gà,53000,56,23000,1,0,1,delivery,19:45,0,0,0.0,Trung tâm,Phở,Phường Bến Thành
L09739,R029,2026-06-23,Phở bò viên,57000,57,25000,1,0,1,pickup,19:30,0,0,0.0,Trung tâm,Phở,Phường Bến Thành
L09740,R029,2026-06-23,Phở bò tái,59000,54,27000,1,0,1,delivery,19:15,0,0,0.0,Trung tâm,Phở,Phường Bến Thành
L09741,R029,2026-06-23,Phở bò chín,47000,59,19000,1,0,1,delivery,19:30,0,0,0.0,Trung tâm,Phở,Phường Bến Thành
L09742,R030,2026-06-23,Bún bò Huế đặc biệt,51000,55,23000,12,9,3,delivery,15:30,207000,252000,0.75,Công nhân,Bún bò,Phường An Phú
L09743,R030,2026-06-23,Bún bò viên,49000,56,22000,12,8,4,delivery,15:15,176000,216000,0.667,Công nhân,Bún bò,Phường An Phú
L09744,R031,2026-06-23,Phở bò tái,38000,38,24000,4,1,3,delivery,09:45,24000,14000,0.25,Sinh viên,Phở,Phường Phước Long
L09745,R031,2026-06-23,Phở bò viên,37000,46,20000,4,2,2,pickup,09:00,40000,34000,0.5,Sinh viên,Phở,Phường Phước Long
L09746,R032,2026-06-23,Cơm sườn đậu hũ,45000,42,26000,5,3,2,delivery,13:45,78000,57000,0.6,Trung tâm,Cơm văn phòng,Phường Cầu Ông Lãnh
L09747,R033,2026-06-23,Cơm tấm sườn bì chả,41000,50,20000,1,0,1,pickup,13:00,0,0,0.0,Dân cư đông,Cơm tấm,Phường Tân Hòa
L09748,R033,2026-06-23,Cơm tấm sườn nướng,42000,50,21000,2,1,1,pickup,13:15,21000,21000,0.5,Dân cư đông,Cơm tấm,Phường Tân Hòa
L09749,R033,2026-06-23,Cơm tấm sườn trứng,47000,45,26000,2,1,1,pickup,13:30,26000,21000,0.5,Dân cư đông,Cơm tấm,Phường Tân Hòa
L09750,R033,2026-06-23,Cơm tấm đặc biệt,40000,48,21000,2,1,1,pickup,13:45,21000,19000,0.5,Dân cư đông,Cơm tấm,Phường Tân Hòa
L09751,R033,2026-06-23,Cơm tấm bì,30000,48,16000,1,0,1,pickup,13:00,0,0,0.0,Dân cư đông,Cơm tấm,Phường Tân Hòa
L09752,R034,2026-06-23,Bún bò giò heo,59000,31,41000,6,3,3,delivery,18:30,123000,54000,0.5,Ngoại ô,Bún bò,Xã Bình Chánh
L09753,R034,2026-06-23,Bún bò Huế đặc biệt,54000,30,38000,7,3,4,delivery,18:15,114000,48000,0.429,Ngoại ô,Bún bò,Xã Bình Chánh
L09754,R035,2026-06-23,Bánh mì gà,21000,60,8000,1,0,1,delivery,12:00,0,0,0.0,Dân cư đông,Bánh mì,Phường Tân Sơn Nhất
L09755,R035,2026-06-23,Bánh mì trứng,23000,52,11000,1,0,1,delivery,12:45,0,0,0.0,Dân cư đông,Bánh mì,Phường Tân Sơn Nhất
L09756,R035,2026-06-23,Bánh mì chả lụa,19000,53,9000,1,0,1,delivery,12:00,0,0,0.0,Dân cư đông,Bánh mì,Phường Tân Sơn Nhất
L09757,R035,2026-06-23,Bánh mì xíu mại,24000,59,10000,1,0,1,delivery,12:30,0,0,0.0,Dân cư đông,Bánh mì,Phường Tân Sơn Nhất
L09758,R035,2026-06-23,Bánh mì thịt nguội,22000,59,9000,1,0,1,delivery,12:00,0,0,0.0,Dân cư đông,Bánh mì,Phường Tân Sơn Nhất
L09759,R036,2026-06-23,Bún bò Huế đặc biệt,46000,40,28000,3,1,2,delivery,14:45,28000,18000,0.333,Sinh viên,Bún bò,Phường Phước Long
L09760,R036,2026-06-23,Bún bò thập cẩm,63000,33,42000,4,2,2,delivery,14:15,84000,42000,0.5,Sinh viên,Bún bò,Phường Phước Long
L09761,R036,2026-06-23,Bún bò viên,44000,41,26000,4,2,2,delivery,14:00,52000,36000,0.5,Sinh viên,Bún bò,Phường Phước Long
L09762,R037,2026-06-23,Bún bò viên,52000,38,32000,8,3,5,delivery,15:30,96000,60000,0.375,Trung tâm,Bún bò,Phường Tân Định
L09763,R038,2026-06-23,Bún bò viên,43000,48,22000,2,1,1,pickup,17:45,22000,21000,0.5,Công nhân,Bún bò,Phường Thuận Giao
L09764,R038,2026-06-23,Bún bò gân,52000,49,27000,1,0,1,pickup,17:30,0,0,0.0,Công nhân,Bún bò,Phường Thuận Giao
L09765,R039,2026-06-23,Bún riêu cua đồng,39000,60,16000,18,12,6,pickup,09:15,192000,276000,0.667,Công nhân,Bún riêu,Phường Đông Hòa
L09766,R040,2026-06-23,Bún bò thập cẩm,48000,54,22000,1,0,1,pickup,14:30,0,0,0.0,Sinh viên,Bún bò,Phường Bình Trưng
L09767,R041,2026-06-23,Phở bò tái,47000,50,24000,3,2,1,delivery,15:30,48000,46000,0.667,Công nhân,Phở,Phường Tân Khánh
L09768,R041,2026-06-23,Phở bò chín,62000,51,30000,3,2,1,pickup,15:00,60000,64000,0.667,Công nhân,Phở,Phường Tân Khánh
L09769,R042,2026-06-23,Cơm tấm đặc biệt,29000,57,12000,3,2,1,delivery,11:00,24000,34000,0.667,Trung tâm,Cơm tấm,Phường Tân Định
L09770,R042,2026-06-23,Cơm tấm sườn bì chả,37000,59,15000,3,2,1,delivery,11:45,30000,44000,0.667,Trung tâm,Cơm tấm,Phường Tân Định
L09771,R042,2026-06-23,Cơm tấm sườn nướng,48000,60,19000,2,1,1,delivery,11:15,19000,29000,0.5,Trung tâm,Cơm tấm,Phường Tân Định
L09772,R043,2026-06-23,Cơm thịt kho trứng,36000,55,16000,2,1,1,pickup,16:00,16000,20000,0.5,Dân cư đông,Cơm văn phòng,Phường Bảy Hiền
L09773,R043,2026-06-23,Cơm canh chua,34000,60,14000,3,2,1,pickup,16:00,28000,40000,0.667,Dân cư đông,Cơm văn phòng,Phường Bảy Hiền
L09774,R043,2026-06-23,Cơm gà luộc,35000,60,14000,3,2,1,pickup,16:45,28000,42000,0.667,Dân cư đông,Cơm văn phòng,Phường Bảy Hiền
L09775,R043,2026-06-23,Cơm sườn đậu hũ,41000,57,18000,3,2,1,pickup,16:15,36000,46000,0.667,Dân cư đông,Cơm văn phòng,Phường Bảy Hiền
L09776,R043,2026-06-23,Cơm gà xối mỡ,41000,60,16000,3,2,1,pickup,16:30,32000,50000,0.667,Dân cư đông,Cơm văn phòng,Phường Bảy Hiền
L09777,R044,2026-06-23,Hủ tiếu bò kho,60000,49,31000,3,2,1,pickup,13:15,62000,58000,0.667,Sinh viên,Hủ tiếu,Phường Tam Bình
L09778,R044,2026-06-23,Hủ tiếu mì,48000,49,24000,3,1,2,pickup,13:15,24000,24000,0.333,Sinh viên,Hủ tiếu,Phường Tam Bình
L09779,R044,2026-06-23,Hủ tiếu Nam Vang,48000,45,26000,3,2,1,delivery,13:15,52000,44000,0.667,Sinh viên,Hủ tiếu,Phường Tam Bình
L09780,R045,2026-06-23,Bún bò Huế đặc biệt,48000,41,28000,4,3,1,pickup,17:15,84000,60000,0.75,Công nhân,Bún bò,Phường Thuận An
L09781,R045,2026-06-23,Bún bò viên,49000,46,26000,4,2,2,pickup,17:15,52000,46000,0.5,Công nhân,Bún bò,Phường Thuận An
L09782,R045,2026-06-23,Bún bò gân,47000,38,29000,4,1,3,pickup,17:30,29000,18000,0.25,Công nhân,Bún bò,Phường Thuận An
L09783,R046,2026-06-23,Bánh mì chả lụa,23000,50,12000,2,1,1,pickup,13:00,12000,11000,0.5,Sinh viên,Bánh mì,Phường Cát Lái
L09784,R046,2026-06-23,Bánh mì trứng,22000,59,9000,3,1,2,pickup,13:45,9000,13000,0.333,Sinh viên,Bánh mì,Phường Cát Lái
L09785,R046,2026-06-23,Bánh mì gà,23000,58,10000,3,2,1,pickup,13:00,20000,26000,0.667,Sinh viên,Bánh mì,Phường Cát Lái
L09786,R046,2026-06-23,Bánh mì thịt nguội,19000,52,9000,3,2,1,pickup,13:45,18000,20000,0.667,Sinh viên,Bánh mì,Phường Cát Lái
L09787,R046,2026-06-23,Bánh mì xíu mại,30000,54,14000,2,1,1,pickup,13:15,14000,16000,0.5,Sinh viên,Bánh mì,Phường Cát Lái
L09788,R047,2026-06-23,Bún bò thập cẩm,41000,46,22000,22,15,7,delivery,17:15,330000,285000,0.682,Công nhân,Bún bò,Phường Tân Khánh
L09789,R048,2026-06-23,Bánh mì gà,23000,57,10000,4,3,1,delivery,18:30,30000,39000,0.75,Công nhân,Bánh mì,Phường An Phú
L09790,R048,2026-06-23,Bánh mì trứng,24000,54,11000,3,2,1,pickup,18:00,22000,26000,0.667,Công nhân,Bánh mì,Phường An Phú
L09791,R049,2026-06-23,Phở bò chín,62000,39,38000,1,0,1,pickup,12:00,0,0,0.0,Sinh viên,Phở,Phường Thủ Đức
L09792,R049,2026-06-23,Phở bò tái,64000,41,38000,1,0,1,pickup,12:15,0,0,0.0,Sinh viên,Phở,Phường Thủ Đức
L09793,R049,2026-06-23,Phở bò tái nạm,47000,44,26000,1,0,1,pickup,12:15,0,0,0.0,Sinh viên,Phở,Phường Thủ Đức
L09794,R049,2026-06-23,Phở bò viên,44000,43,25000,1,0,1,delivery,12:15,0,0,0.0,Sinh viên,Phở,Phường Thủ Đức
L09795,R050,2026-06-23,Bánh mì thịt nguội,22000,45,12000,1,0,1,delivery,17:00,0,0,0.0,Ngoại ô,Bánh mì,Xã Hưng Long
L09796,R051,2026-06-23,Hủ tiếu thập cẩm,53000,56,23000,5,3,2,delivery,13:30,69000,90000,0.6,Dân cư đông,Hủ tiếu,Phường Hạnh Thông
L09797,R052,2026-06-23,Cơm tấm sườn nướng,50000,42,29000,4,2,2,delivery,18:15,58000,42000,0.5,Dân cư đông,Cơm tấm,Phường Xóm Chiếu
L09798,R052,2026-06-23,Cơm tấm sườn bì chả,46000,34,30000,4,2,2,delivery,18:15,60000,32000,0.5,Dân cư đông,Cơm tấm,Phường Xóm Chiếu
L09799,R052,2026-06-23,Cơm tấm bì,40000,44,22000,4,3,1,delivery,18:30,66000,54000,0.75,Dân cư đông,Cơm tấm,Phường Xóm Chiếu
L09800,R053,2026-06-23,Bánh mì gà,25000,60,10000,3,2,1,delivery,17:15,20000,30000,0.667,Dân cư đông,Bánh mì,Phường Gia Định
L09801,R053,2026-06-23,Bánh mì thịt nguội,25000,57,11000,3,2,1,delivery,17:45,22000,28000,0.667,Dân cư đông,Bánh mì,Phường Gia Định
L09802,R053,2026-06-23,Bánh mì xíu mại,23000,60,9000,3,2,1,delivery,17:15,18000,28000,0.667,Dân cư đông,Bánh mì,Phường Gia Định
L09803,R053,2026-06-23,Bánh mì chả lụa,20000,60,8000,4,3,1,pickup,17:30,24000,36000,0.75,Dân cư đông,Bánh mì,Phường Gia Định
L09804,R053,2026-06-23,Bánh mì trứng,26000,60,10000,4,2,2,pickup,17:45,20000,32000,0.5,Dân cư đông,Bánh mì,Phường Gia Định
L09805,R054,2026-06-23,Bánh mì gà,23000,58,10000,4,2,2,pickup,11:15,20000,26000,0.5,Công nhân,Bánh mì,Phường Bình Hòa
L09806,R054,2026-06-23,Bánh mì xíu mại,18000,51,9000,4,3,1,pickup,11:30,27000,27000,0.75,Công nhân,Bánh mì,Phường Bình Hòa
L09807,R054,2026-06-23,Bánh mì chả lụa,21000,57,9000,4,3,1,delivery,11:15,27000,36000,0.75,Công nhân,Bánh mì,Phường Bình Hòa
L09808,R054,2026-06-23,Bánh mì thịt nguội,28000,51,14000,4,3,1,pickup,11:15,42000,42000,0.75,Công nhân,Bánh mì,Phường Bình Hòa
L09809,R055,2026-06-23,Cơm tấm bì,47000,60,19000,1,0,1,delivery,12:15,0,0,0.0,Dân cư đông,Cơm tấm,Phường Thông Tây Hội
L09810,R055,2026-06-23,Cơm tấm sườn trứng,39000,60,16000,2,1,1,delivery,12:00,16000,23000,0.5,Dân cư đông,Cơm tấm,Phường Thông Tây Hội
L09811,R055,2026-06-23,Cơm tấm sườn nướng,43000,60,17000,1,0,1,pickup,12:30,0,0,0.0,Dân cư đông,Cơm tấm,Phường Thông Tây Hội
L09812,R055,2026-06-23,Cơm tấm sườn bì chả,39000,57,17000,1,0,1,pickup,12:15,0,0,0.0,Dân cư đông,Cơm tấm,Phường Thông Tây Hội
L09813,R055,2026-06-23,Cơm tấm đặc biệt,47000,60,19000,2,1,1,delivery,12:15,19000,28000,0.5,Dân cư đông,Cơm tấm,Phường Thông Tây Hội
L09814,R056,2026-06-23,Hủ tiếu sa tế,50000,31,34000,5,1,4,pickup,17:45,34000,16000,0.2,Trung tâm,Hủ tiếu,Phường Nhiêu Lộc
L09815,R056,2026-06-23,Hủ tiếu mì,46000,36,29000,5,2,3,pickup,17:00,58000,34000,0.4,Trung tâm,Hủ tiếu,Phường Nhiêu Lộc
L09816,R057,2026-06-23,Bún bò giò heo,37000,52,18000,1,0,1,pickup,18:30,0,0,0.0,Sinh viên,Bún bò,Phường Bình Trưng
L09817,R057,2026-06-23,Bún bò viên,61000,48,32000,1,0,1,pickup,18:15,0,0,0.0,Sinh viên,Bún bò,Phường Bình Trưng
L09818,R058,2026-06-23,Bánh mì trứng,20000,30,14000,1,0,1,pickup,19:00,0,0,0.0,Trung tâm,Bánh mì,Phường Cầu Kiệu
L09819,R058,2026-06-23,Bánh mì xíu mại,27000,32,18000,1,0,1,pickup,19:15,0,0,0.0,Trung tâm,Bánh mì,Phường Cầu Kiệu
L09820,R058,2026-06-23,Bánh mì thịt nguội,25000,34,16000,1,0,1,pickup,19:30,0,0,0.0,Trung tâm,Bánh mì,Phường Cầu Kiệu
L09821,R058,2026-06-23,Bánh mì chả lụa,24000,35,16000,1,0,1,pickup,19:45,0,0,0.0,Trung tâm,Bánh mì,Phường Cầu Kiệu
L09822,R059,2026-06-23,Cơm tấm sườn bì chả,29000,33,19000,2,1,1,delivery,14:15,19000,10000,0.5,Sinh viên,Cơm tấm,Phường Tam Bình
L09823,R059,2026-06-23,Cơm tấm bì,37000,32,25000,1,0,1,pickup,14:00,0,0,0.0,Sinh viên,Cơm tấm,Phường Tam Bình
L09824,R060,2026-06-23,Phở bò viên,42000,56,18000,2,1,1,delivery,10:30,18000,24000,0.5,Công nhân,Phở,Phường Tân Đông Hiệp
L09825,R061,2026-06-23,Cơm tấm sườn trứng,41000,42,24000,3,1,2,pickup,15:00,24000,17000,0.333,Sinh viên,Cơm tấm,Phường Tam Bình
L09826,R061,2026-06-23,Cơm tấm đặc biệt,37000,41,22000,4,3,1,pickup,15:45,66000,45000,0.75,Sinh viên,Cơm tấm,Phường Tam Bình
L09827,R062,2026-06-23,Phở gà,46000,30,32000,1,0,1,delivery,10:30,0,0,0.0,Dân cư đông,Phở,Phường Hạnh Thông
L09828,R062,2026-06-23,Phở bò viên,43000,30,30000,1,0,1,delivery,10:30,0,0,0.0,Dân cư đông,Phở,Phường Hạnh Thông
L09829,R062,2026-06-23,Phở bò tái,37000,32,25000,1,0,1,delivery,10:15,0,0,0.0,Dân cư đông,Phở,Phường Hạnh Thông
L09830,R062,2026-06-23,Phở bò tái nạm,56000,34,37000,1,0,1,delivery,10:15,0,0,0.0,Dân cư đông,Phở,Phường Hạnh Thông
L09831,R062,2026-06-23,Phở bò chín,44000,33,29000,1,0,1,delivery,10:45,0,0,0.0,Dân cư đông,Phở,Phường Hạnh Thông
L09832,R063,2026-06-23,Hủ tiếu thập cẩm,56000,37,35000,3,1,2,delivery,19:15,35000,21000,0.333,Công nhân,Hủ tiếu,Phường Thuận Giao
L09833,R063,2026-06-23,Hủ tiếu Nam Vang,57000,41,34000,3,2,1,delivery,19:15,68000,46000,0.667,Công nhân,Hủ tiếu,Phường Thuận Giao
L09834,R063,2026-06-23,Hủ tiếu mì,37000,45,20000,5,2,3,delivery,19:30,40000,34000,0.4,Công nhân,Hủ tiếu,Phường Thuận Giao
L09835,R064,2026-06-23,Bún bò gân,52000,44,29000,3,1,2,delivery,10:15,29000,23000,0.333,Sinh viên,Bún bò,Phường Tăng Nhơn Phú
L09836,R064,2026-06-23,Bún bò Huế đặc biệt,45000,42,26000,3,2,1,delivery,10:00,52000,38000,0.667,Sinh viên,Bún bò,Phường Tăng Nhơn Phú
L09837,R064,2026-06-23,Bún bò viên,47000,46,25000,3,2,1,delivery,10:45,50000,44000,0.667,Sinh viên,Bún bò,Phường Tăng Nhơn Phú
L09838,R065,2026-06-23,Cơm tấm sườn nướng,30000,54,14000,1,0,1,pickup,19:45,0,0,0.0,Công nhân,Cơm tấm,Phường Đông Hòa
L09839,R065,2026-06-23,Cơm tấm bì,44000,53,21000,1,0,1,pickup,19:30,0,0,0.0,Công nhân,Cơm tấm,Phường Đông Hòa
L09840,R065,2026-06-23,Cơm tấm đặc biệt,42000,55,19000,2,1,1,pickup,19:15,19000,23000,0.5,Công nhân,Cơm tấm,Phường Đông Hòa
L09841,R066,2026-06-23,Cơm thịt kho trứng,42000,56,18000,4,3,1,pickup,09:45,54000,72000,0.75,Sinh viên,Cơm văn phòng,Phường An Khánh
L09842,R066,2026-06-23,Cơm gà xối mỡ,34000,60,14000,5,4,1,pickup,09:45,56000,80000,0.8,Sinh viên,Cơm văn phòng,Phường An Khánh
L09843,R066,2026-06-23,Cơm gà luộc,36000,60,14000,4,3,1,pickup,09:45,42000,66000,0.75,Sinh viên,Cơm văn phòng,Phường An Khánh
L09844,R067,2026-06-23,Cơm gà luộc,38000,47,20000,1,0,1,delivery,19:00,0,0,0.0,Dân cư đông,Cơm văn phòng,Phường An Hội Đông
L09845,R067,2026-06-23,Cơm canh chua,43000,45,24000,1,0,1,delivery,19:30,0,0,0.0,Dân cư đông,Cơm văn phòng,Phường An Hội Đông
L09846,R067,2026-06-23,Cơm gà xối mỡ,39000,43,22000,1,0,1,delivery,19:45,0,0,0.0,Dân cư đông,Cơm văn phòng,Phường An Hội Đông
L09847,R067,2026-06-23,Cơm sườn đậu hũ,40000,42,23000,1,0,1,pickup,19:30,0,0,0.0,Dân cư đông,Cơm văn phòng,Phường An Hội Đông
L09848,R067,2026-06-23,Cơm thịt kho trứng,52000,52,25000,1,0,1,pickup,19:00,0,0,0.0,Dân cư đông,Cơm văn phòng,Phường An Hội Đông
L09849,R068,2026-06-23,Bún riêu cua đồng,45000,30,31000,1,0,1,delivery,19:00,0,0,0.0,Trung tâm,Bún riêu,Phường Xuân Hòa
L09850,R068,2026-06-23,Bún riêu cua,46000,38,29000,1,0,1,delivery,19:30,0,0,0.0,Trung tâm,Bún riêu,Phường Xuân Hòa
L09851,R068,2026-06-23,Bún riêu thập cẩm,35000,33,23000,1,0,1,delivery,19:00,0,0,0.0,Trung tâm,Bún riêu,Phường Xuân Hòa
L09852,R069,2026-06-23,Bánh mì xíu mại,23000,43,13000,1,0,1,delivery,20:30,0,0,0.0,Ngoại ô,Bánh mì,Xã Xuân Thới Sơn
L09853,R069,2026-06-23,Bánh mì chả lụa,18000,50,9000,1,0,1,pickup,20:30,0,0,0.0,Ngoại ô,Bánh mì,Xã Xuân Thới Sơn
L09854,R069,2026-06-23,Bánh mì trứng,22000,52,11000,1,0,1,delivery,20:15,0,0,0.0,Ngoại ô,Bánh mì,Xã Xuân Thới Sơn
L09855,R070,2026-06-23,Hủ tiếu bò kho,42000,60,17000,1,0,1,pickup,19:45,0,0,0.0,Dân cư đông,Hủ tiếu,Phường Gò Vấp
L09856,R070,2026-06-23,Hủ tiếu sa tế,61000,59,25000,1,0,1,pickup,19:15,0,0,0.0,Dân cư đông,Hủ tiếu,Phường Gò Vấp
L09857,R070,2026-06-23,Hủ tiếu mì,54000,58,23000,1,0,1,delivery,19:15,0,0,0.0,Dân cư đông,Hủ tiếu,Phường Gò Vấp
L09858,R070,2026-06-23,Hủ tiếu Nam Vang,40000,60,16000,1,0,1,delivery,19:15,0,0,0.0,Dân cư đông,Hủ tiếu,Phường Gò Vấp
L09859,R071,2026-06-23,Cơm tấm sườn nướng,46000,37,29000,3,1,2,delivery,11:45,29000,17000,0.333,Sinh viên,Cơm tấm,Phường Bình Trưng
L09860,R071,2026-06-23,Cơm tấm sườn trứng,45000,31,31000,3,1,2,pickup,11:30,31000,14000,0.333,Sinh viên,Cơm tấm,Phường Bình Trưng
L09861,R071,2026-06-23,Cơm tấm bì,44000,31,30000,4,2,2,pickup,11:30,60000,28000,0.5,Sinh viên,Cơm tấm,Phường Bình Trưng
L09862,R071,2026-06-23,Cơm tấm sườn bì chả,34000,39,21000,4,2,2,delivery,11:30,42000,26000,0.5,Sinh viên,Cơm tấm,Phường Bình Trưng
L09863,R071,2026-06-23,Cơm tấm đặc biệt,37000,34,24000,4,1,3,delivery,11:45,24000,13000,0.25,Sinh viên,Cơm tấm,Phường Bình Trưng
L09864,R072,2026-06-23,Cơm thịt kho trứng,43000,59,18000,5,4,1,pickup,14:45,72000,100000,0.8,Trung tâm,Cơm văn phòng,Phường Bến Thành
L09865,R072,2026-06-23,Cơm gà xối mỡ,40000,52,19000,5,4,1,delivery,14:00,76000,84000,0.8,Trung tâm,Cơm văn phòng,Phường Bến Thành
L09866,R073,2026-06-23,Bánh mì chả lụa,16000,43,9000,2,1,1,delivery,16:15,9000,7000,0.5,Dân cư đông,Bánh mì,Phường Vĩnh Hội
L09867,R073,2026-06-23,Bánh mì gà,32000,44,18000,2,1,1,pickup,16:15,18000,14000,0.5,Dân cư đông,Bánh mì,Phường Vĩnh Hội
L09868,R074,2026-06-23,Cơm canh chua,40000,30,28000,2,0,2,pickup,17:00,0,0,0.0,Dân cư đông,Cơm văn phòng,Phường Bình Lợi Trung
L09869,R074,2026-06-23,Cơm gà xối mỡ,30000,30,21000,2,0,2,pickup,17:00,0,0,0.0,Dân cư đông,Cơm văn phòng,Phường Bình Lợi Trung
L09870,R074,2026-06-23,Cơm sườn đậu hũ,31000,30,22000,1,0,1,pickup,17:00,0,0,0.0,Dân cư đông,Cơm văn phòng,Phường Bình Lợi Trung
L09871,R074,2026-06-23,Cơm thịt kho trứng,38000,30,27000,2,1,1,pickup,17:30,27000,11000,0.5,Dân cư đông,Cơm văn phòng,Phường Bình Lợi Trung
L09872,R074,2026-06-23,Cơm gà luộc,43000,30,30000,2,0,2,pickup,17:15,0,0,0.0,Dân cư đông,Cơm văn phòng,Phường Bình Lợi Trung
L09873,R075,2026-06-23,Cơm tấm sườn nướng,34000,52,16000,3,2,1,delivery,15:15,32000,36000,0.667,Dân cư đông,Cơm tấm,Phường Vĩnh Hội
L09874,R075,2026-06-23,Cơm tấm sườn bì chả,44000,48,23000,4,2,2,delivery,15:15,46000,42000,0.5,Dân cư đông,Cơm tấm,Phường Vĩnh Hội
L09875,R075,2026-06-23,Cơm tấm đặc biệt,46000,45,25000,3,1,2,delivery,15:15,25000,21000,0.333,Dân cư đông,Cơm tấm,Phường Vĩnh Hội
L09876,R076,2026-06-23,Phở bò tái nạm,45000,46,24000,6,4,2,pickup,12:00,96000,84000,0.667,Dân cư đông,Phở,Phường An Nhơn
L09877,R076,2026-06-23,Phở gà,55000,40,33000,5,3,2,pickup,12:00,99000,66000,0.6,Dân cư đông,Phở,Phường An Nhơn
L09878,R076,2026-06-23,Phở bò viên,47000,47,25000,7,4,3,pickup,12:00,100000,88000,0.571,Dân cư đông,Phở,Phường An Nhơn
L09879,R077,2026-06-23,Cơm tấm sườn bì chả,46000,45,25000,2,1,1,pickup,14:00,25000,21000,0.5,Trung tâm,Cơm tấm,Phường Xuân Hòa
L09880,R077,2026-06-23,Cơm tấm sườn nướng,33000,40,20000,2,1,1,pickup,14:00,20000,13000,0.5,Trung tâm,Cơm tấm,Phường Xuân Hòa
L09881,R077,2026-06-23,Cơm tấm bì,33000,43,19000,2,1,1,pickup,14:00,19000,14000,0.5,Trung tâm,Cơm tấm,Phường Xuân Hòa
L09882,R078,2026-06-23,Bún riêu cua mọc,39000,35,25000,2,0,2,pickup,13:15,0,0,0.0,Công nhân,Bún riêu,Phường Tân Đông Hiệp
L09883,R078,2026-06-23,Bún riêu thập cẩm,37000,35,24000,2,1,1,pickup,13:15,24000,13000,0.5,Công nhân,Bún riêu,Phường Tân Đông Hiệp
L09884,R078,2026-06-23,Bún riêu cua,50000,43,28000,2,1,1,pickup,13:00,28000,22000,0.5,Công nhân,Bún riêu,Phường Tân Đông Hiệp
L09885,R078,2026-06-23,Bún riêu cua đồng,38000,33,25000,2,1,1,delivery,13:00,25000,13000,0.5,Công nhân,Bún riêu,Phường Tân Đông Hiệp
L09886,R079,2026-06-23,Cơm tấm sườn bì chả,33000,40,20000,8,5,3,pickup,16:15,100000,65000,0.625,Sinh viên,Cơm tấm,Phường Bình Trưng
L09887,R080,2026-06-23,Cơm tấm sườn bì chả,47000,42,27000,2,1,1,delivery,09:15,27000,20000,0.5,Dân cư đông,Cơm tấm,Phường An Hội Đông
L09888,R080,2026-06-23,Cơm tấm sườn nướng,39000,50,20000,1,0,1,pickup,09:30,0,0,0.0,Dân cư đông,Cơm tấm,Phường An Hội Đông
L09889,R080,2026-06-23,Cơm tấm bì,45000,47,24000,1,0,1,delivery,09:00,0,0,0.0,Dân cư đông,Cơm tấm,Phường An Hội Đông
L09890,R080,2026-06-23,Cơm tấm đặc biệt,32000,45,18000,2,1,1,pickup,09:15,18000,14000,0.5,Dân cư đông,Cơm tấm,Phường An Hội Đông
L09891,R080,2026-06-23,Cơm tấm sườn trứng,36000,50,18000,1,0,1,delivery,09:30,0,0,0.0,Dân cư đông,Cơm tấm,Phường An Hội Đông
L09892,R081,2026-06-23,Bún riêu cua mọc,47000,56,21000,3,2,1,pickup,09:00,42000,52000,0.667,Công nhân,Bún riêu,Phường Đông Hòa
L09893,R081,2026-06-23,Bún riêu thập cẩm,39000,59,16000,3,2,1,pickup,09:45,32000,46000,0.667,Công nhân,Bún riêu,Phường Đông Hòa
L09894,R081,2026-06-23,Bún riêu cua,46000,49,23000,4,2,2,pickup,09:00,46000,46000,0.5,Công nhân,Bún riêu,Phường Đông Hòa
L09895,R081,2026-06-23,Bún riêu cua đồng,40000,56,18000,4,3,1,pickup,09:30,54000,66000,0.75,Công nhân,Bún riêu,Phường Đông Hòa
L09896,R082,2026-06-23,Hủ tiếu sa tế,46000,52,22000,10,9,1,delivery,19:15,198000,216000,0.9,Sinh viên,Hủ tiếu,Phường Tăng Nhơn Phú
L09897,R082,2026-06-23,Hủ tiếu Nam Vang,49000,49,25000,11,8,3,pickup,19:30,200000,192000,0.727,Sinh viên,Hủ tiếu,Phường Tăng Nhơn Phú
L09898,R083,2026-06-23,Cơm tấm bì,41000,30,29000,1,0,1,delivery,14:15,0,0,0.0,Trung tâm,Cơm tấm,Phường Sài Gòn
L09899,R083,2026-06-23,Cơm tấm sườn bì chả,31000,30,22000,2,0,2,pickup,14:00,0,0,0.0,Trung tâm,Cơm tấm,Phường Sài Gòn
L09900,R083,2026-06-23,Cơm tấm sườn nướng,42000,37,26000,2,0,2,delivery,14:45,0,0,0.0,Trung tâm,Cơm tấm,Phường Sài Gòn
L09901,R084,2026-06-23,Bún riêu cua,44000,39,27000,1,0,1,delivery,18:45,0,0,0.0,Sinh viên,Bún riêu,Phường Hiệp Bình
L09902,R085,2026-06-23,Bánh mì xíu mại,32000,55,14000,17,12,5,pickup,20:45,168000,216000,0.706,Sinh viên,Bánh mì,Phường Tăng Nhơn Phú
L09903,R086,2026-06-23,Phở gà,45000,57,19000,1,0,1,delivery,10:30,0,0,0.0,Dân cư đông,Phở,Phường Tân Sơn Nhất
L09904,R086,2026-06-23,Phở bò chín,48000,57,21000,1,0,1,delivery,10:45,0,0,0.0,Dân cư đông,Phở,Phường Tân Sơn Nhất
L09905,R086,2026-06-23,Phở bò tái,41000,50,20000,1,0,1,delivery,10:00,0,0,0.0,Dân cư đông,Phở,Phường Tân Sơn Nhất
L09906,R086,2026-06-23,Phở bò viên,43000,55,19000,1,0,1,delivery,10:00,0,0,0.0,Dân cư đông,Phở,Phường Tân Sơn Nhất
L09907,R086,2026-06-23,Phở bò tái nạm,44000,55,20000,1,0,1,delivery,10:45,0,0,0.0,Dân cư đông,Phở,Phường Tân Sơn Nhất
L09908,R087,2026-06-23,Phở bò tái nạm,53000,39,32000,11,7,4,pickup,13:45,224000,147000,0.636,Công nhân,Phở,Phường Thuận An
L09909,R087,2026-06-23,Phở bò chín,55000,34,36000,14,7,7,pickup,13:00,252000,133000,0.5,Công nhân,Phở,Phường Thuận An
L09910,R088,2026-06-23,Cơm tấm sườn trứng,37000,60,15000,3,2,1,pickup,09:30,30000,44000,0.667,Dân cư đông,Cơm tấm,Phường Gò Vấp
L09911,R088,2026-06-23,Cơm tấm sườn bì chả,41000,60,16000,2,1,1,delivery,09:15,16000,25000,0.5,Dân cư đông,Cơm tấm,Phường Gò Vấp
L09912,R088,2026-06-23,Cơm tấm sườn nướng,34000,54,16000,3,2,1,pickup,09:30,32000,36000,0.667,Dân cư đông,Cơm tấm,Phường Gò Vấp
L09913,R088,2026-06-23,Cơm tấm đặc biệt,38000,56,17000,2,1,1,delivery,09:30,17000,21000,0.5,Dân cư đông,Cơm tấm,Phường Gò Vấp
L09914,R088,2026-06-23,Cơm tấm bì,38000,60,15000,2,1,1,pickup,09:30,15000,23000,0.5,Dân cư đông,Cơm tấm,Phường Gò Vấp
L09915,R089,2026-06-23,Hủ tiếu thập cẩm,47000,35,31000,1,0,1,delivery,15:00,0,0,0.0,Công nhân,Hủ tiếu,Phường Đông Hòa
L09916,R089,2026-06-23,Hủ tiếu bò kho,54000,30,38000,1,0,1,pickup,15:00,0,0,0.0,Công nhân,Hủ tiếu,Phường Đông Hòa
L09917,R089,2026-06-23,Hủ tiếu Nam Vang,44000,33,29000,1,0,1,delivery,15:30,0,0,0.0,Công nhân,Hủ tiếu,Phường Đông Hòa
L09918,R089,2026-06-23,Hủ tiếu mì,46000,36,29000,1,0,1,delivery,15:00,0,0,0.0,Công nhân,Hủ tiếu,Phường Đông Hòa
L09919,R090,2026-06-23,Hủ tiếu mì,48000,38,30000,13,5,8,delivery,09:30,150000,90000,0.385,Sinh viên,Hủ tiếu,Phường Thủ Đức
L09920,R091,2026-06-23,Bánh mì chả lụa,24000,59,10000,3,2,1,delivery,12:00,20000,28000,0.667,Dân cư đông,Bánh mì,Phường Xóm Chiếu
L09921,R092,2026-06-23,Cơm tấm sườn trứng,41000,40,25000,2,1,1,delivery,17:30,25000,16000,0.5,Dân cư đông,Cơm tấm,Phường Gia Định
L09922,R092,2026-06-23,Cơm tấm bì,45000,39,27000,3,1,2,delivery,17:45,27000,18000,0.333,Dân cư đông,Cơm tấm,Phường Gia Định
L09923,R092,2026-06-23,Cơm tấm đặc biệt,30000,40,18000,3,1,2,delivery,17:00,18000,12000,0.333,Dân cư đông,Cơm tấm,Phường Gia Định
L09924,R092,2026-06-23,Cơm tấm sườn nướng,31000,37,20000,3,1,2,delivery,17:30,20000,11000,0.333,Dân cư đông,Cơm tấm,Phường Gia Định
L09925,R092,2026-06-23,Cơm tấm sườn bì chả,42000,38,26000,2,1,1,delivery,17:00,26000,16000,0.5,Dân cư đông,Cơm tấm,Phường Gia Định
L09926,R093,2026-06-23,Phở bò viên,54000,41,32000,6,3,3,delivery,09:30,96000,66000,0.5,Công nhân,Phở,Phường Tân Đông Hiệp
L09927,R093,2026-06-23,Phở bò chín,46000,41,27000,6,3,3,delivery,09:00,81000,57000,0.5,Công nhân,Phở,Phường Tân Đông Hiệp
L09928,R093,2026-06-23,Phở gà,50000,36,32000,5,2,3,pickup,09:00,64000,36000,0.4,Công nhân,Phở,Phường Tân Đông Hiệp
L09929,R093,2026-06-23,Phở bò tái nạm,56000,33,38000,5,2,3,pickup,09:30,76000,36000,0.4,Công nhân,Phở,Phường Tân Đông Hiệp
L09930,R094,2026-06-23,Hủ tiếu sa tế,51000,52,24000,10,7,3,pickup,12:15,168000,189000,0.7,Dân cư đông,Hủ tiếu,Phường Bình Lợi Trung
L09931,R095,2026-06-23,Cơm tấm sườn nướng,51000,55,23000,2,1,1,delivery,14:00,23000,28000,0.5,Công nhân,Cơm tấm,Phường Lái Thiêu
L09932,R095,2026-06-23,Cơm tấm sườn bì chả,41000,60,16000,2,1,1,pickup,14:30,16000,25000,0.5,Công nhân,Cơm tấm,Phường Lái Thiêu
L09933,R095,2026-06-23,Cơm tấm bì,43000,60,17000,2,1,1,delivery,14:00,17000,26000,0.5,Công nhân,Cơm tấm,Phường Lái Thiêu
L09934,R095,2026-06-23,Cơm tấm đặc biệt,33000,60,13000,2,1,1,delivery,14:15,13000,20000,0.5,Công nhân,Cơm tấm,Phường Lái Thiêu
L09935,R096,2026-06-23,Cơm thịt kho trứng,33000,38,20000,8,4,4,pickup,14:00,80000,52000,0.5,Công nhân,Cơm văn phòng,Phường Lái Thiêu
L09936,R096,2026-06-23,Cơm gà luộc,38000,44,21000,10,6,4,pickup,14:15,126000,102000,0.6,Công nhân,Cơm văn phòng,Phường Lái Thiêu
L09937,R097,2026-06-23,Hủ tiếu sa tế,60000,56,26000,3,2,1,pickup,20:15,52000,68000,0.667,Công nhân,Hủ tiếu,Phường Tân Đông Hiệp
L09938,R097,2026-06-23,Hủ tiếu thập cẩm,54000,48,28000,2,1,1,delivery,20:15,28000,26000,0.5,Công nhân,Hủ tiếu,Phường Tân Đông Hiệp
L09939,R097,2026-06-23,Hủ tiếu mì,50000,49,26000,3,1,2,delivery,20:30,26000,24000,0.333,Công nhân,Hủ tiếu,Phường Tân Đông Hiệp
L09940,R098,2026-06-23,Bún riêu cua đồng,40000,37,25000,3,1,2,delivery,16:30,25000,15000,0.333,Trung tâm,Bún riêu,Phường Xuân Hòa
L09941,R099,2026-06-23,Cơm thịt kho trứng,52000,60,21000,1,0,1,pickup,09:15,0,0,0.0,Sinh viên,Cơm văn phòng,Phường An Khánh
L09942,R099,2026-06-23,Cơm gà luộc,35000,58,15000,1,0,1,pickup,09:45,0,0,0.0,Sinh viên,Cơm văn phòng,Phường An Khánh
L09943,R099,2026-06-23,Cơm canh chua,35000,59,14000,1,0,1,pickup,09:00,0,0,0.0,Sinh viên,Cơm văn phòng,Phường An Khánh
L09944,R099,2026-06-23,Cơm gà xối mỡ,32000,54,15000,1,0,1,pickup,09:45,0,0,0.0,Sinh viên,Cơm văn phòng,Phường An Khánh
L09945,R099,2026-06-23,Cơm sườn đậu hũ,41000,55,18000,1,0,1,pickup,09:00,0,0,0.0,Sinh viên,Cơm văn phòng,Phường An Khánh
L09946,R100,2026-06-23,Hủ tiếu Nam Vang,51000,44,29000,2,1,1,delivery,15:30,29000,22000,0.5,Trung tâm,Hủ tiếu,Phường Tân Định
L09947,R100,2026-06-23,Hủ tiếu mì,45000,40,27000,3,1,2,delivery,15:30,27000,18000,0.333,Trung tâm,Hủ tiếu,Phường Tân Định
L09948,R101,2026-06-23,Phở bò viên,60000,30,42000,1,0,1,pickup,09:30,0,0,0.0,Công nhân,Phở,Phường Bình Hòa
L09949,R101,2026-06-23,Phở bò tái,46000,30,32000,1,0,1,pickup,09:30,0,0,0.0,Công nhân,Phở,Phường Bình Hòa
L09950,R101,2026-06-23,Phở gà,58000,31,40000,1,0,1,pickup,09:00,0,0,0.0,Công nhân,Phở,Phường Bình Hòa
L09951,R102,2026-06-23,Bún bò gân,52000,49,27000,2,1,1,pickup,15:00,27000,25000,0.5,Sinh viên,Bún bò,Phường Thủ Đức
L09952,R102,2026-06-23,Bún bò giò heo,57000,57,25000,1,0,1,pickup,15:00,0,0,0.0,Sinh viên,Bún bò,Phường Thủ Đức
L09953,R102,2026-06-23,Bún bò thập cẩm,52000,51,25000,1,0,1,pickup,15:30,0,0,0.0,Sinh viên,Bún bò,Phường Thủ Đức
L09954,R102,2026-06-23,Bún bò Huế đặc biệt,43000,53,20000,1,0,1,delivery,15:45,0,0,0.0,Sinh viên,Bún bò,Phường Thủ Đức
L09955,R103,2026-06-23,Cơm gà xối mỡ,41000,41,24000,7,4,3,delivery,11:30,96000,68000,0.571,Công nhân,Cơm văn phòng,Phường Đông Hòa
L09956,R103,2026-06-23,Cơm sườn đậu hũ,41000,41,24000,5,3,2,pickup,11:15,72000,51000,0.6,Công nhân,Cơm văn phòng,Phường Đông Hòa
L09957,R103,2026-06-23,Cơm canh chua,30000,40,18000,8,5,3,delivery,11:45,90000,60000,0.625,Công nhân,Cơm văn phòng,Phường Đông Hòa
L09958,R104,2026-06-23,Bánh mì thịt nguội,23000,44,13000,1,0,1,pickup,19:00,0,0,0.0,Dân cư đông,Bánh mì,Phường Thông Tây Hội
L09959,R104,2026-06-23,Bánh mì xíu mại,19000,47,10000,1,0,1,pickup,19:30,0,0,0.0,Dân cư đông,Bánh mì,Phường Thông Tây Hội
L09960,R104,2026-06-23,Bánh mì chả lụa,19000,48,10000,1,0,1,pickup,19:15,0,0,0.0,Dân cư đông,Bánh mì,Phường Thông Tây Hội
L09961,R104,2026-06-23,Bánh mì trứng,19000,45,10000,1,0,1,pickup,19:45,0,0,0.0,Dân cư đông,Bánh mì,Phường Thông Tây Hội
L09962,R104,2026-06-23,Bánh mì gà,23000,45,13000,1,0,1,pickup,19:00,0,0,0.0,Dân cư đông,Bánh mì,Phường Thông Tây Hội
L09963,R105,2026-06-23,Bánh mì trứng,21000,30,15000,5,3,2,pickup,16:15,45000,18000,0.6,Sinh viên,Bánh mì,Phường Tam Bình
L09964,R105,2026-06-23,Bánh mì gà,20000,35,13000,6,2,4,pickup,16:15,26000,14000,0.333,Sinh viên,Bánh mì,Phường Tam Bình
L09965,R106,2026-06-23,Phở bò tái,56000,51,27000,8,7,1,pickup,11:00,189000,203000,0.875,Công nhân,Phở,Phường An Phú
L09966,R106,2026-06-23,Phở bò chín,48000,51,24000,6,4,2,pickup,11:00,96000,96000,0.667,Công nhân,Phở,Phường An Phú
L09967,R106,2026-06-23,Phở bò viên,40000,60,16000,6,4,2,pickup,11:00,64000,96000,0.667,Công nhân,Phở,Phường An Phú
L09968,R107,2026-06-23,Hủ tiếu bò kho,46000,37,29000,14,8,6,delivery,09:45,232000,136000,0.571,Dân cư đông,Hủ tiếu,Phường Gò Vấp
L09969,R108,2026-06-23,Cơm tấm đặc biệt,49000,53,23000,3,2,1,pickup,16:15,46000,52000,0.667,Sinh viên,Cơm tấm,Phường Thủ Đức
L09970,R108,2026-06-23,Cơm tấm sườn trứng,37000,49,19000,3,1,2,pickup,16:30,19000,18000,0.333,Sinh viên,Cơm tấm,Phường Thủ Đức
L09971,R108,2026-06-23,Cơm tấm sườn bì chả,34000,52,16000,3,2,1,pickup,16:30,32000,36000,0.667,Sinh viên,Cơm tấm,Phường Thủ Đức
L09972,R108,2026-06-23,Cơm tấm sườn nướng,39000,54,18000,4,3,1,delivery,16:30,54000,63000,0.75,Sinh viên,Cơm tấm,Phường Thủ Đức
L09973,R109,2026-06-23,Hủ tiếu bò kho,51000,60,20000,1,0,1,pickup,11:45,0,0,0.0,Trung tâm,Hủ tiếu,Phường Sài Gòn
L09974,R109,2026-06-23,Hủ tiếu mì,60000,60,24000,1,0,1,pickup,11:00,0,0,0.0,Trung tâm,Hủ tiếu,Phường Sài Gòn
L09975,R109,2026-06-23,Hủ tiếu thập cẩm,45000,58,19000,1,0,1,delivery,11:45,0,0,0.0,Trung tâm,Hủ tiếu,Phường Sài Gòn
L09976,R110,2026-06-23,Phở bò chín,60000,56,26000,3,2,1,pickup,10:00,52000,68000,0.667,Sinh viên,Phở,Phường Hiệp Bình
L09977,R110,2026-06-23,Phở bò viên,45000,59,18000,3,2,1,delivery,10:30,36000,54000,0.667,Sinh viên,Phở,Phường Hiệp Bình
L09978,R111,2026-06-23,Bánh mì chả lụa,19000,56,8000,4,2,2,delivery,09:45,16000,22000,0.5,Sinh viên,Bánh mì,Phường Long Bình
L09979,R112,2026-06-23,Hủ tiếu bò kho,45000,51,22000,1,0,1,delivery,11:00,0,0,0.0,Dân cư đông,Hủ tiếu,Phường Gò Vấp
L09980,R112,2026-06-23,Hủ tiếu sa tế,44000,52,21000,1,0,1,pickup,11:00,0,0,0.0,Dân cư đông,Hủ tiếu,Phường Gò Vấp
L09981,R112,2026-06-23,Hủ tiếu thập cẩm,50000,48,26000,1,0,1,delivery,11:15,0,0,0.0,Dân cư đông,Hủ tiếu,Phường Gò Vấp
L09982,R112,2026-06-23,Hủ tiếu mì,58000,52,28000,1,0,1,pickup,11:00,0,0,0.0,Dân cư đông,Hủ tiếu,Phường Gò Vấp
L09983,R112,2026-06-23,Hủ tiếu Nam Vang,45000,46,24000,1,0,1,pickup,11:45,0,0,0.0,Dân cư đông,Hủ tiếu,Phường Gò Vấp
L09984,R113,2026-06-23,Bánh mì trứng,17000,49,9000,1,0,1,delivery,10:15,0,0,0.0,Dân cư đông,Bánh mì,Phường Tân Hòa
L09985,R113,2026-06-23,Bánh mì gà,23000,47,12000,1,0,1,delivery,10:30,0,0,0.0,Dân cư đông,Bánh mì,Phường Tân Hòa
L09986,R113,2026-06-23,Bánh mì chả lụa,23000,51,11000,1,0,1,delivery,10:00,0,0,0.0,Dân cư đông,Bánh mì,Phường Tân Hòa
L09987,R113,2026-06-23,Bánh mì thịt nguội,28000,51,14000,1,0,1,delivery,10:45,0,0,0.0,Dân cư đông,Bánh mì,Phường Tân Hòa
L09988,R113,2026-06-23,Bánh mì xíu mại,26000,43,15000,1,0,1,delivery,10:45,0,0,0.0,Dân cư đông,Bánh mì,Phường Tân Hòa
L09989,R114,2026-06-23,Cơm sườn đậu hũ,40000,37,25000,1,0,1,delivery,10:00,0,0,0.0,Công nhân,Cơm văn phòng,Phường Bình Hòa
L09990,R114,2026-06-23,Cơm canh chua,35000,43,20000,2,1,1,delivery,10:15,20000,15000,0.5,Công nhân,Cơm văn phòng,Phường Bình Hòa
L09991,R114,2026-06-23,Cơm gà luộc,33000,42,19000,1,0,1,delivery,10:45,0,0,0.0,Công nhân,Cơm văn phòng,Phường Bình Hòa
L09992,R114,2026-06-23,Cơm thịt kho trứng,47000,39,29000,2,1,1,pickup,10:15,29000,18000,0.5,Công nhân,Cơm văn phòng,Phường Bình Hòa
L09993,R115,2026-06-23,Cơm tấm sườn nướng,34000,47,18000,1,0,1,delivery,14:00,0,0,0.0,Dân cư đông,Cơm tấm,Phường Khánh Hội
L09994,R115,2026-06-23,Cơm tấm sườn bì chả,42000,43,24000,1,0,1,delivery,14:15,0,0,0.0,Dân cư đông,Cơm tấm,Phường Khánh Hội
L09995,R116,2026-06-23,Cơm thịt kho trứng,38000,37,24000,2,0,2,delivery,20:30,0,0,0.0,Dân cư đông,Cơm văn phòng,Phường Bình Lợi Trung
L09996,R116,2026-06-23,Cơm canh chua,32000,37,20000,2,0,2,delivery,20:30,0,0,0.0,Dân cư đông,Cơm văn phòng,Phường Bình Lợi Trung
L09997,R117,2026-06-23,Bánh mì thịt nguội,17000,41,10000,1,0,1,delivery,09:15,0,0,0.0,Sinh viên,Bánh mì,Phường Hiệp Bình
L09998,R117,2026-06-23,Bánh mì xíu mại,32000,37,20000,1,0,1,delivery,09:15,0,0,0.0,Sinh viên,Bánh mì,Phường Hiệp Bình
L09999,R117,2026-06-23,Bánh mì chả lụa,20000,41,12000,1,0,1,delivery,09:00,0,0,0.0,Sinh viên,Bánh mì,Phường Hiệp Bình
L10000,R118,2026-06-23,Bánh mì xíu mại,25000,30,18000,2,1,1,pickup,10:15,18000,7000,0.5,Dân cư đông,Bánh mì,Phường Gò Vấp
L10001,R118,2026-06-23,Bánh mì thịt nguội,23000,30,16000,3,1,2,pickup,10:15,16000,7000,0.333,Dân cư đông,Bánh mì,Phường Gò Vấp
L10002,R118,2026-06-23,Bánh mì trứng,18000,30,13000,3,1,2,pickup,10:15,13000,5000,0.333,Dân cư đông,Bánh mì,Phường Gò Vấp
L10003,R119,2026-06-23,Bún bò thập cẩm,47000,53,22000,5,4,1,pickup,14:00,88000,100000,0.8,Công nhân,Bún bò,Phường Đông Hòa
L10004,R120,2026-06-23,Bún bò thập cẩm,50000,56,22000,2,1,1,pickup,11:00,22000,28000,0.5,Dân cư đông,Bún bò,Phường Hạnh Thông
L10005,R120,2026-06-23,Bún bò Huế đặc biệt,53000,52,25000,1,0,1,pickup,11:00,0,0,0.0,Dân cư đông,Bún bò,Phường Hạnh Thông
L10006,R120,2026-06-23,Bún bò giò heo,45000,57,19000,1,0,1,pickup,11:30,0,0,0.0,Dân cư đông,Bún bò,Phường Hạnh Thông
L10007,R120,2026-06-23,Bún bò viên,42000,57,18000,1,0,1,pickup,11:00,0,0,0.0,Dân cư đông,Bún bò,Phường Hạnh Thông
L10008,R120,2026-06-23,Bún bò gân,46000,55,21000,2,1,1,pickup,11:15,21000,25000,0.5,Dân cư đông,Bún bò,Phường Hạnh Thông
L10009,R121,2026-06-23,Cơm gà luộc,34000,42,20000,1,0,1,pickup,12:30,0,0,0.0,Dân cư đông,Cơm văn phòng,Phường Gò Vấp
L10010,R121,2026-06-23,Cơm thịt kho trứng,39000,35,25000,1,0,1,pickup,12:30,0,0,0.0,Dân cư đông,Cơm văn phòng,Phường Gò Vấp
L10011,R121,2026-06-23,Cơm gà xối mỡ,32000,35,21000,1,0,1,pickup,12:45,0,0,0.0,Dân cư đông,Cơm văn phòng,Phường Gò Vấp
L10012,R121,2026-06-23,Cơm sườn đậu hũ,38000,43,22000,1,0,1,pickup,12:00,0,0,0.0,Dân cư đông,Cơm văn phòng,Phường Gò Vấp
L10013,R121,2026-06-23,Cơm canh chua,28000,41,17000,1,0,1,pickup,12:45,0,0,0.0,Dân cư đông,Cơm văn phòng,Phường Gò Vấp
L10014,R122,2026-06-23,Bún riêu cua đồng,49000,41,29000,7,4,3,pickup,09:30,116000,80000,0.571,Sinh viên,Bún riêu,Phường Linh Xuân
L10015,R123,2026-06-23,Cơm gà xối mỡ,43000,59,18000,11,7,4,pickup,16:00,126000,175000,0.636,Sinh viên,Cơm văn phòng,Phường Bình Trưng
L10016,R124,2026-06-23,Bún bò giò heo,58000,36,37000,2,0,2,pickup,15:45,0,0,0.0,Sinh viên,Bún bò,Phường Cát Lái
L10017,R124,2026-06-23,Bún bò thập cẩm,47000,37,30000,3,0,3,pickup,15:15,0,0,0.0,Sinh viên,Bún bò,Phường Cát Lái
L10018,R124,2026-06-23,Bún bò Huế đặc biệt,47000,31,32000,3,1,2,delivery,15:00,32000,15000,0.333,Sinh viên,Bún bò,Phường Cát Lái
L10019,R124,2026-06-23,Bún bò gân,45000,30,31000,3,1,2,delivery,15:15,31000,14000,0.333,Sinh viên,Bún bò,Phường Cát Lái
L10020,R124,2026-06-23,Bún bò viên,54000,37,34000,3,1,2,delivery,15:00,34000,20000,0.333,Sinh viên,Bún bò,Phường Cát Lái
L10021,R125,2026-06-23,Bánh mì xíu mại,23000,53,11000,2,1,1,delivery,15:30,11000,12000,0.5,Công nhân,Bánh mì,Phường Lái Thiêu
L10022,R125,2026-06-23,Bánh mì thịt nguội,18000,56,8000,3,2,1,delivery,15:00,16000,20000,0.667,Công nhân,Bánh mì,Phường Lái Thiêu
L10023,R126,2026-06-23,Phở bò tái,53000,39,32000,3,0,3,delivery,11:00,0,0,0.0,Dân cư đông,Phở,Phường Gò Vấp
L10024,R126,2026-06-23,Phở gà,42000,30,29000,3,1,2,delivery,11:30,29000,13000,0.333,Dân cư đông,Phở,Phường Gò Vấp
L10025,R126,2026-06-23,Phở bò chín,45000,30,31000,2,0,2,delivery,11:45,0,0,0.0,Dân cư đông,Phở,Phường Gò Vấp
L10026,R126,2026-06-23,Phở bò viên,43000,39,26000,2,0,2,delivery,11:45,0,0,0.0,Dân cư đông,Phở,Phường Gò Vấp
L10027,R126,2026-06-23,Phở bò tái nạm,50000,35,32000,2,0,2,delivery,11:00,0,0,0.0,Dân cư đông,Phở,Phường Gò Vấp
L10028,R127,2026-06-23,Cơm canh chua,44000,33,29000,2,0,2,delivery,18:00,0,0,0.0,Dân cư đông,Cơm văn phòng,Phường Tân Sơn Nhất
L10029,R127,2026-06-23,Cơm gà xối mỡ,43000,33,29000,2,0,2,delivery,18:30,0,0,0.0,Dân cư đông,Cơm văn phòng,Phường Tân Sơn Nhất
L10030,R127,2026-06-23,Cơm gà luộc,44000,38,27000,2,1,1,delivery,18:00,27000,17000,0.5,Dân cư đông,Cơm văn phòng,Phường Tân Sơn Nhất
L10031,R127,2026-06-23,Cơm sườn đậu hũ,44000,34,29000,2,0,2,delivery,18:15,0,0,0.0,Dân cư đông,Cơm văn phòng,Phường Tân Sơn Nhất
L10032,R127,2026-06-23,Cơm thịt kho trứng,39000,35,25000,2,1,1,delivery,18:00,25000,14000,0.5,Dân cư đông,Cơm văn phòng,Phường Tân Sơn Nhất
L10033,R128,2026-06-23,Bánh mì xíu mại,33000,33,22000,4,2,2,delivery,18:00,44000,22000,0.5,Trung tâm,Bánh mì,Phường Đức Nhuận
L10034,R128,2026-06-23,Bánh mì gà,21000,31,14000,4,2,2,delivery,18:00,28000,14000,0.5,Trung tâm,Bánh mì,Phường Đức Nhuận
L10035,R129,2026-06-23,Phở bò tái nạm,43000,52,21000,2,1,1,pickup,11:00,21000,22000,0.5,Công nhân,Phở,Phường Dĩ An
L10036,R129,2026-06-23,Phở gà,39000,52,19000,2,1,1,pickup,11:45,19000,20000,0.5,Công nhân,Phở,Phường Dĩ An
L10037,R129,2026-06-23,Phở bò chín,44000,51,22000,2,1,1,pickup,11:45,22000,22000,0.5,Công nhân,Phở,Phường Dĩ An
L10038,R130,2026-06-23,Phở bò tái,47000,40,28000,4,2,2,delivery,10:45,56000,38000,0.5,Công nhân,Phở,Phường Lái Thiêu
L10039,R130,2026-06-23,Phở bò tái nạm,45000,49,23000,4,2,2,delivery,10:00,46000,44000,0.5,Công nhân,Phở,Phường Lái Thiêu
L10040,R130,2026-06-23,Phở bò viên,57000,41,34000,4,2,2,delivery,10:15,68000,46000,0.5,Công nhân,Phở,Phường Lái Thiêu
L10041,R130,2026-06-23,Phở gà,43000,46,23000,4,2,2,delivery,10:15,46000,40000,0.5,Công nhân,Phở,Phường Lái Thiêu
L10042,R131,2026-06-23,Bún bò giò heo,43000,52,21000,1,0,1,pickup,20:15,0,0,0.0,Sinh viên,Bún bò,Phường Phước Long
L10043,R131,2026-06-23,Bún bò Huế đặc biệt,44000,50,22000,1,0,1,delivery,20:15,0,0,0.0,Sinh viên,Bún bò,Phường Phước Long
L10044,R131,2026-06-23,Bún bò thập cẩm,39000,57,17000,1,0,1,delivery,20:45,0,0,0.0,Sinh viên,Bún bò,Phường Phước Long
L10045,R131,2026-06-23,Bún bò gân,49000,57,21000,1,0,1,pickup,20:15,0,0,0.0,Sinh viên,Bún bò,Phường Phước Long
L10046,R132,2026-06-23,Cơm canh chua,51000,45,28000,4,2,2,delivery,09:30,56000,46000,0.5,Sinh viên,Cơm văn phòng,Phường Linh Xuân
L10047,R132,2026-06-23,Cơm thịt kho trứng,33000,44,18000,4,2,2,pickup,09:15,36000,30000,0.5,Sinh viên,Cơm văn phòng,Phường Linh Xuân
L10048,R132,2026-06-23,Cơm sườn đậu hũ,49000,48,25000,4,3,1,pickup,09:00,75000,72000,0.75,Sinh viên,Cơm văn phòng,Phường Linh Xuân
L10049,R133,2026-06-23,Hủ tiếu Nam Vang,50000,36,32000,13,6,7,delivery,15:30,192000,108000,0.462,Sinh viên,Hủ tiếu,Phường Cát Lái
L10050,R134,2026-06-23,Cơm tấm sườn bì chả,37000,36,24000,1,0,1,delivery,15:00,0,0,0.0,Dân cư đông,Cơm tấm,Phường An Nhơn
L10051,R134,2026-06-23,Cơm tấm sườn trứng,39000,34,26000,1,0,1,pickup,15:30,0,0,0.0,Dân cư đông,Cơm tấm,Phường An Nhơn
L10052,R134,2026-06-23,Cơm tấm đặc biệt,41000,30,29000,1,0,1,delivery,15:15,0,0,0.0,Dân cư đông,Cơm tấm,Phường An Nhơn
L10053,R135,2026-06-23,Bún bò viên,43000,47,23000,6,4,2,pickup,20:15,92000,80000,0.667,Sinh viên,Bún bò,Phường Cát Lái
L10054,R135,2026-06-23,Bún bò Huế đặc biệt,52000,49,27000,6,3,3,pickup,20:00,81000,75000,0.5,Sinh viên,Bún bò,Phường Cát Lái
L10055,R135,2026-06-23,Bún bò thập cẩm,46000,52,22000,7,6,1,pickup,20:45,132000,144000,0.857,Sinh viên,Bún bò,Phường Cát Lái
L10056,R136,2026-06-23,Bún bò viên,51000,52,24000,7,6,1,delivery,10:15,144000,162000,0.857,Công nhân,Bún bò,Phường Đông Hòa
L10057,R136,2026-06-23,Bún bò Huế đặc biệt,44000,58,18000,5,3,2,delivery,10:15,54000,78000,0.6,Công nhân,Bún bò,Phường Đông Hòa
L10058,R136,2026-06-23,Bún bò gân,64000,56,28000,7,5,2,delivery,10:15,140000,180000,0.714,Công nhân,Bún bò,Phường Đông Hòa
L10059,R137,2026-06-23,Hủ tiếu sa tế,43000,42,25000,1,0,1,delivery,15:45,0,0,0.0,Dân cư đông,Hủ tiếu,Phường Tân Sơn Nhất
L10060,R137,2026-06-23,Hủ tiếu thập cẩm,42000,46,23000,1,0,1,delivery,15:00,0,0,0.0,Dân cư đông,Hủ tiếu,Phường Tân Sơn Nhất
L10061,R137,2026-06-23,Hủ tiếu mì,46000,50,23000,1,0,1,delivery,15:15,0,0,0.0,Dân cư đông,Hủ tiếu,Phường Tân Sơn Nhất
L10062,R137,2026-06-23,Hủ tiếu Nam Vang,49000,46,26000,1,0,1,delivery,15:15,0,0,0.0,Dân cư đông,Hủ tiếu,Phường Tân Sơn Nhất
L10063,R137,2026-06-23,Hủ tiếu bò kho,47000,45,26000,1,0,1,delivery,15:00,0,0,0.0,Dân cư đông,Hủ tiếu,Phường Tân Sơn Nhất
L10064,R138,2026-06-23,Cơm tấm bì,40000,58,17000,1,0,1,delivery,16:30,0,0,0.0,Công nhân,Cơm tấm,Phường Đông Hòa
L10065,R138,2026-06-23,Cơm tấm đặc biệt,29000,60,12000,1,0,1,delivery,16:45,0,0,0.0,Công nhân,Cơm tấm,Phường Đông Hòa
L10066,R138,2026-06-23,Cơm tấm sườn nướng,40000,60,16000,1,0,1,delivery,16:45,0,0,0.0,Công nhân,Cơm tấm,Phường Đông Hòa
L10067,R138,2026-06-23,Cơm tấm sườn trứng,37000,60,15000,1,0,1,delivery,16:00,0,0,0.0,Công nhân,Cơm tấm,Phường Đông Hòa
L10068,R139,2026-06-23,Bánh mì xíu mại,31000,51,15000,3,2,1,delivery,09:45,30000,32000,0.667,Ngoại ô,Bánh mì,Xã Bà Điểm
L10069,R139,2026-06-23,Bánh mì gà,24000,59,10000,3,2,1,delivery,09:45,20000,28000,0.667,Ngoại ô,Bánh mì,Xã Bà Điểm
L10070,R139,2026-06-23,Bánh mì chả lụa,21000,59,9000,2,1,1,delivery,09:00,9000,12000,0.5,Ngoại ô,Bánh mì,Xã Bà Điểm
L10071,R140,2026-06-23,Bún riêu cua,46000,43,26000,5,3,2,delivery,17:45,78000,60000,0.6,Ngoại ô,Bún riêu,Xã Hiệp Phước
L10072,R140,2026-06-23,Bún riêu cua mọc,33000,43,19000,4,2,2,pickup,17:15,38000,28000,0.5,Ngoại ô,Bún riêu,Xã Hiệp Phước
L10073,R141,2026-06-23,Cơm canh chua,49000,36,31000,3,1,2,delivery,15:15,31000,18000,0.333,Sinh viên,Cơm văn phòng,Phường Long Bình
L10074,R141,2026-06-23,Cơm thịt kho trứng,38000,36,24000,3,1,2,delivery,15:15,24000,14000,0.333,Sinh viên,Cơm văn phòng,Phường Long Bình
L10075,R142,2026-06-23,Bún riêu cua mọc,43000,52,21000,4,2,2,pickup,11:00,42000,44000,0.5,Công nhân,Bún riêu,Phường Thuận An
L10076,R142,2026-06-23,Bún riêu thập cẩm,46000,46,25000,6,4,2,pickup,11:30,100000,84000,0.667,Công nhân,Bún riêu,Phường Thuận An
L10077,R142,2026-06-23,Bún riêu cua đồng,40000,43,23000,5,3,2,pickup,11:00,69000,51000,0.6,Công nhân,Bún riêu,Phường Thuận An
L10078,R142,2026-06-23,Bún riêu cua,33000,46,18000,5,3,2,pickup,11:00,54000,45000,0.6,Công nhân,Bún riêu,Phường Thuận An
L10079,R143,2026-06-23,Bánh mì trứng,25000,45,14000,3,2,1,pickup,16:30,28000,22000,0.667,Sinh viên,Bánh mì,Phường Cát Lái
L10080,R143,2026-06-23,Bánh mì thịt nguội,19000,42,11000,3,2,1,pickup,16:30,22000,16000,0.667,Sinh viên,Bánh mì,Phường Cát Lái
L10081,R143,2026-06-23,Bánh mì gà,21000,46,11000,2,1,1,pickup,16:00,11000,10000,0.5,Sinh viên,Bánh mì,Phường Cát Lái
L10082,R143,2026-06-23,Bánh mì chả lụa,25000,45,14000,3,1,2,pickup,16:00,14000,11000,0.333,Sinh viên,Bánh mì,Phường Cát Lái
L10083,R144,2026-06-23,Bún bò thập cẩm,42000,59,17000,4,2,2,pickup,15:45,34000,50000,0.5,Sinh viên,Bún bò,Phường Phước Long
L10084,R144,2026-06-23,Bún bò Huế đặc biệt,47000,57,20000,3,2,1,pickup,15:45,40000,54000,0.667,Sinh viên,Bún bò,Phường Phước Long
L10085,R144,2026-06-23,Bún bò viên,44000,54,20000,3,2,1,pickup,15:30,40000,48000,0.667,Sinh viên,Bún bò,Phường Phước Long
L10086,R145,2026-06-23,Cơm tấm bì,47000,42,27000,1,0,1,delivery,19:00,0,0,0.0,Trung tâm,Cơm tấm,Phường Phú Nhuận
L10087,R145,2026-06-23,Cơm tấm sườn nướng,43000,51,21000,2,1,1,pickup,19:00,21000,22000,0.5,Trung tâm,Cơm tấm,Phường Phú Nhuận
L10088,R145,2026-06-23,Cơm tấm sườn trứng,50000,41,30000,1,0,1,delivery,19:30,0,0,0.0,Trung tâm,Cơm tấm,Phường Phú Nhuận
L10089,R145,2026-06-23,Cơm tấm đặc biệt,50000,43,28000,1,0,1,delivery,19:00,0,0,0.0,Trung tâm,Cơm tấm,Phường Phú Nhuận
L10090,R146,2026-06-23,Bún bò giò heo,61000,54,28000,2,1,1,pickup,16:00,28000,33000,0.5,Công nhân,Bún bò,Phường Tân Đông Hiệp
L10091,R146,2026-06-23,Bún bò viên,48000,49,24000,2,1,1,delivery,16:30,24000,24000,0.5,Công nhân,Bún bò,Phường Tân Đông Hiệp
L10092,R146,2026-06-23,Bún bò thập cẩm,52000,58,22000,2,1,1,delivery,16:30,22000,30000,0.5,Công nhân,Bún bò,Phường Tân Đông Hiệp
L10093,R147,2026-06-23,Phở bò tái,46000,32,31000,3,1,2,delivery,14:45,31000,15000,0.333,Công nhân,Phở,Phường Dĩ An
L10094,R147,2026-06-23,Phở bò chín,62000,36,40000,3,1,2,delivery,14:30,40000,22000,0.333,Công nhân,Phở,Phường Dĩ An
L10095,R148,2026-06-23,Bún bò Huế đặc biệt,43000,30,30000,4,1,3,pickup,17:00,30000,13000,0.25,Trung tâm,Bún bò,Phường Cầu Kiệu
L10096,R148,2026-06-23,Bún bò giò heo,55000,31,38000,4,1,3,delivery,17:00,38000,17000,0.25,Trung tâm,Bún bò,Phường Cầu Kiệu
L10097,R149,2026-06-23,Bún bò thập cẩm,40000,39,24000,13,4,9,delivery,13:15,96000,64000,0.308,Sinh viên,Bún bò,Phường An Khánh
L10098,R000,2026-06-24,Bún bò thập cẩm,53000,34,35000,8,4,4,pickup,18:30,140000,72000,0.5,Công nhân,Bún bò,Phường Đông Hòa
L10099,R000,2026-06-24,Bún bò gân,47000,36,30000,7,3,4,delivery,18:30,90000,51000,0.429,Công nhân,Bún bò,Phường Đông Hòa
L10100,R000,2026-06-24,Bún bò Huế đặc biệt,48000,35,31000,9,3,6,delivery,18:30,93000,51000,0.333,Công nhân,Bún bò,Phường Đông Hòa
L10101,R001,2026-06-24,Cơm tấm bì,48000,45,26000,2,1,1,pickup,19:30,26000,22000,0.5,Ngoại ô,Cơm tấm,Xã Bình Chánh
L10102,R001,2026-06-24,Cơm tấm đặc biệt,37000,40,22000,1,0,1,pickup,19:00,0,0,0.0,Ngoại ô,Cơm tấm,Xã Bình Chánh
L10103,R001,2026-06-24,Cơm tấm sườn trứng,49000,44,27000,2,1,1,pickup,19:00,27000,22000,0.5,Ngoại ô,Cơm tấm,Xã Bình Chánh
L10104,R002,2026-06-24,Hủ tiếu Nam Vang,46000,33,31000,3,1,2,pickup,20:15,31000,15000,0.333,Dân cư đông,Hủ tiếu,Phường An Nhơn
L10105,R002,2026-06-24,Hủ tiếu thập cẩm,53000,35,34000,3,1,2,pickup,20:00,34000,19000,0.333,Dân cư đông,Hủ tiếu,Phường An Nhơn
L10106,R002,2026-06-24,Hủ tiếu sa tế,51000,33,34000,3,1,2,delivery,20:45,34000,17000,0.333,Dân cư đông,Hủ tiếu,Phường An Nhơn
L10107,R002,2026-06-24,Hủ tiếu bò kho,55000,40,33000,2,1,1,delivery,20:45,33000,22000,0.5,Dân cư đông,Hủ tiếu,Phường An Nhơn
L10108,R002,2026-06-24,Hủ tiếu mì,53000,32,36000,3,1,2,pickup,20:00,36000,17000,0.333,Dân cư đông,Hủ tiếu,Phường An Nhơn
L10109,R003,2026-06-24,Phở bò viên,47000,50,24000,7,5,2,pickup,18:15,120000,115000,0.714,Công nhân,Phở,Phường Bình Hòa
L10110,R003,2026-06-24,Phở gà,44000,53,21000,5,4,1,delivery,18:15,84000,92000,0.8,Công nhân,Phở,Phường Bình Hòa
L10111,R003,2026-06-24,Phở bò tái nạm,44000,59,18000,6,4,2,delivery,18:00,72000,104000,0.667,Công nhân,Phở,Phường Bình Hòa
L10112,R003,2026-06-24,Phở bò tái,45000,55,20000,6,5,1,delivery,18:00,100000,125000,0.833,Công nhân,Phở,Phường Bình Hòa
L10113,R004,2026-06-24,Hủ tiếu mì,48000,47,25000,1,0,1,delivery,16:30,0,0,0.0,Sinh viên,Hủ tiếu,Phường Cát Lái
L10114,R004,2026-06-24,Hủ tiếu bò kho,45000,56,20000,1,0,1,delivery,16:15,0,0,0.0,Sinh viên,Hủ tiếu,Phường Cát Lái
L10115,R004,2026-06-24,Hủ tiếu Nam Vang,45000,49,23000,1,0,1,delivery,16:45,0,0,0.0,Sinh viên,Hủ tiếu,Phường Cát Lái
L10116,R004,2026-06-24,Hủ tiếu thập cẩm,44000,50,22000,1,0,1,delivery,16:45,0,0,0.0,Sinh viên,Hủ tiếu,Phường Cát Lái
L10117,R005,2026-06-24,Hủ tiếu bò kho,40000,47,21000,4,2,2,pickup,10:15,42000,38000,0.5,Sinh viên,Hủ tiếu,Phường Long Bình
L10118,R005,2026-06-24,Hủ tiếu mì,52000,52,25000,4,3,1,pickup,10:45,75000,81000,0.75,Sinh viên,Hủ tiếu,Phường Long Bình
L10119,R005,2026-06-24,Hủ tiếu thập cẩm,50000,55,22000,3,2,1,pickup,10:00,44000,56000,0.667,Sinh viên,Hủ tiếu,Phường Long Bình
L10120,R005,2026-06-24,Hủ tiếu Nam Vang,43000,51,21000,4,3,1,pickup,10:45,63000,66000,0.75,Sinh viên,Hủ tiếu,Phường Long Bình
L10121,R006,2026-06-24,Bún bò Huế đặc biệt,47000,44,26000,1,0,1,delivery,17:45,0,0,0.0,Trung tâm,Bún bò,Phường Nhiêu Lộc
L10122,R006,2026-06-24,Bún bò thập cẩm,48000,41,28000,2,1,1,delivery,17:45,28000,20000,0.5,Trung tâm,Bún bò,Phường Nhiêu Lộc
L10123,R006,2026-06-24,Bún bò giò heo,56000,45,31000,2,1,1,delivery,17:45,31000,25000,0.5,Trung tâm,Bún bò,Phường Nhiêu Lộc
L10124,R006,2026-06-24,Bún bò viên,61000,36,39000,1,0,1,delivery,17:00,0,0,0.0,Trung tâm,Bún bò,Phường Nhiêu Lộc
L10125,R007,2026-06-24,Phở bò tái,47000,34,31000,23,8,15,pickup,09:45,248000,128000,0.348,Dân cư đông,Phở,Phường An Hội Đông
L10126,R008,2026-06-24,Hủ tiếu Nam Vang,39000,49,20000,5,3,2,pickup,16:30,60000,57000,0.6,Công nhân,Hủ tiếu,Phường Thuận An
L10127,R008,2026-06-24,Hủ tiếu bò kho,47000,44,26000,5,2,3,delivery,16:45,52000,42000,0.4,Công nhân,Hủ tiếu,Phường Thuận An
L10128,R008,2026-06-24,Hủ tiếu mì,51000,47,27000,4,2,2,delivery,16:15,54000,48000,0.5,Công nhân,Hủ tiếu,Phường Thuận An
L10129,R009,2026-06-24,Cơm tấm sườn trứng,38000,55,17000,3,2,1,pickup,20:15,34000,42000,0.667,Dân cư đông,Cơm tấm,Phường Tân Bình
L10130,R009,2026-06-24,Cơm tấm sườn bì chả,41000,49,21000,5,3,2,pickup,20:00,63000,60000,0.6,Dân cư đông,Cơm tấm,Phường Tân Bình
L10131,R009,2026-06-24,Cơm tấm đặc biệt,36000,54,17000,4,2,2,pickup,20:30,34000,38000,0.5,Dân cư đông,Cơm tấm,Phường Tân Bình
L10132,R010,2026-06-24,Cơm tấm bì,28000,48,15000,1,0,1,delivery,19:15,0,0,0.0,Trung tâm,Cơm tấm,Phường Đức Nhuận
L10133,R010,2026-06-24,Cơm tấm sườn trứng,36000,49,18000,1,0,1,delivery,19:15,0,0,0.0,Trung tâm,Cơm tấm,Phường Đức Nhuận
L10134,R010,2026-06-24,Cơm tấm sườn bì chả,43000,43,25000,1,0,1,pickup,19:30,0,0,0.0,Trung tâm,Cơm tấm,Phường Đức Nhuận
L10135,R011,2026-06-24,Bánh mì xíu mại,24000,30,17000,6,3,3,pickup,20:30,51000,21000,0.5,Ngoại ô,Bánh mì,Xã Hiệp Phước
L10136,R012,2026-06-24,Phở bò tái,45000,54,21000,2,1,1,delivery,20:45,21000,24000,0.5,Dân cư đông,Phở,Phường Khánh Hội
L10137,R012,2026-06-24,Phở bò tái nạm,51000,60,20000,2,1,1,delivery,20:30,20000,31000,0.5,Dân cư đông,Phở,Phường Khánh Hội
L10138,R013,2026-06-24,Phở bò tái,44000,55,20000,3,2,1,pickup,12:00,40000,48000,0.667,Sinh viên,Phở,Phường Long Bình
L10139,R013,2026-06-24,Phở bò tái nạm,55000,50,28000,3,2,1,delivery,12:15,56000,54000,0.667,Sinh viên,Phở,Phường Long Bình
L10140,R013,2026-06-24,Phở gà,59000,56,26000,4,3,1,delivery,12:45,78000,99000,0.75,Sinh viên,Phở,Phường Long Bình
L10141,R013,2026-06-24,Phở bò viên,53000,47,28000,4,2,2,delivery,12:30,56000,50000,0.5,Sinh viên,Phở,Phường Long Bình
L10142,R013,2026-06-24,Phở bò chín,47000,54,22000,4,2,2,delivery,12:15,44000,50000,0.5,Sinh viên,Phở,Phường Long Bình
L10143,R014,2026-06-24,Bánh mì trứng,21000,55,9000,1,0,1,pickup,12:30,0,0,0.0,Sinh viên,Bánh mì,Phường An Khánh
L10144,R014,2026-06-24,Bánh mì thịt nguội,31000,59,13000,1,0,1,pickup,12:30,0,0,0.0,Sinh viên,Bánh mì,Phường An Khánh
L10145,R015,2026-06-24,Hủ tiếu Nam Vang,49000,43,28000,5,3,2,delivery,13:00,84000,63000,0.6,Sinh viên,Hủ tiếu,Phường Hiệp Bình
L10146,R015,2026-06-24,Hủ tiếu bò kho,51000,39,31000,6,2,4,pickup,13:15,62000,40000,0.333,Sinh viên,Hủ tiếu,Phường Hiệp Bình
L10147,R015,2026-06-24,Hủ tiếu mì,56000,39,34000,5,1,4,pickup,13:00,34000,22000,0.2,Sinh viên,Hủ tiếu,Phường Hiệp Bình
L10148,R016,2026-06-24,Phở bò tái nạm,53000,51,26000,5,4,1,pickup,16:15,104000,108000,0.8,Sinh viên,Phở,Phường Tăng Nhơn Phú
L10149,R016,2026-06-24,Phở bò viên,47000,50,24000,3,2,1,delivery,16:45,48000,46000,0.667,Sinh viên,Phở,Phường Tăng Nhơn Phú
L10150,R016,2026-06-24,Phở bò chín,52000,49,27000,5,3,2,pickup,16:45,81000,75000,0.6,Sinh viên,Phở,Phường Tăng Nhơn Phú
L10151,R017,2026-06-24,Cơm tấm sườn bì chả,32000,34,21000,15,5,10,pickup,13:45,105000,55000,0.333,Công nhân,Cơm tấm,Phường Dĩ An
L10152,R018,2026-06-24,Cơm tấm sườn trứng,35000,44,20000,3,1,2,delivery,16:15,20000,15000,0.333,Công nhân,Cơm tấm,Phường Lái Thiêu
L10153,R019,2026-06-24,Bún bò thập cẩm,40000,45,22000,7,5,2,pickup,18:00,110000,90000,0.714,Sinh viên,Bún bò,Phường Long Bình
L10154,R019,2026-06-24,Bún bò Huế đặc biệt,46000,43,26000,8,4,4,delivery,18:30,104000,80000,0.5,Sinh viên,Bún bò,Phường Long Bình
L10155,R020,2026-06-24,Phở bò chín,47000,34,31000,2,1,1,delivery,09:15,31000,16000,0.5,Công nhân,Phở,Phường Đông Hòa
L10156,R020,2026-06-24,Phở bò tái nạm,49000,35,32000,1,0,1,delivery,09:30,0,0,0.0,Công nhân,Phở,Phường Đông Hòa
L10157,R020,2026-06-24,Phở bò tái,47000,35,31000,1,0,1,delivery,09:15,0,0,0.0,Công nhân,Phở,Phường Đông Hòa
L10158,R020,2026-06-24,Phở bò viên,49000,40,29000,2,1,1,delivery,09:30,29000,20000,0.5,Công nhân,Phở,Phường Đông Hòa
L10159,R021,2026-06-24,Hủ tiếu sa tế,49000,39,30000,2,0,2,pickup,20:15,0,0,0.0,Sinh viên,Hủ tiếu,Phường Bình Trưng
L10160,R021,2026-06-24,Hủ tiếu Nam Vang,51000,39,31000,2,0,2,pickup,20:45,0,0,0.0,Sinh viên,Hủ tiếu,Phường Bình Trưng
L10161,R022,2026-06-24,Bánh mì trứng,24000,60,10000,2,1,1,pickup,18:15,10000,14000,0.5,Sinh viên,Bánh mì,Phường Long Bình
L10162,R022,2026-06-24,Bánh mì gà,32000,59,13000,2,1,1,pickup,18:30,13000,19000,0.5,Sinh viên,Bánh mì,Phường Long Bình
L10163,R022,2026-06-24,Bánh mì thịt nguội,20000,60,8000,2,1,1,pickup,18:15,8000,12000,0.5,Sinh viên,Bánh mì,Phường Long Bình
L10164,R022,2026-06-24,Bánh mì xíu mại,24000,60,10000,2,1,1,pickup,18:15,10000,14000,0.5,Sinh viên,Bánh mì,Phường Long Bình
L10165,R022,2026-06-24,Bánh mì chả lụa,23000,59,9000,2,1,1,delivery,18:15,9000,14000,0.5,Sinh viên,Bánh mì,Phường Long Bình
L10166,R023,2026-06-24,Bánh mì trứng,22000,36,14000,3,1,2,pickup,17:00,14000,8000,0.333,Công nhân,Bánh mì,Phường Tân Đông Hiệp
L10167,R023,2026-06-24,Bánh mì gà,28000,30,20000,3,1,2,pickup,17:30,20000,8000,0.333,Công nhân,Bánh mì,Phường Tân Đông Hiệp
L10168,R024,2026-06-24,Hủ tiếu sa tế,56000,53,26000,12,10,2,delivery,14:15,260000,300000,0.833,Công nhân,Hủ tiếu,Phường An Phú
L10169,R025,2026-06-24,Cơm thịt kho trứng,32000,37,20000,1,0,1,delivery,11:45,0,0,0.0,Dân cư đông,Cơm văn phòng,Phường An Hội Đông
L10170,R025,2026-06-24,Cơm gà luộc,35000,33,23000,1,0,1,delivery,11:15,0,0,0.0,Dân cư đông,Cơm văn phòng,Phường An Hội Đông
L10171,R025,2026-06-24,Cơm sườn đậu hũ,41000,32,28000,1,0,1,pickup,11:30,0,0,0.0,Dân cư đông,Cơm văn phòng,Phường An Hội Đông
L10172,R025,2026-06-24,Cơm gà xối mỡ,36000,30,25000,2,1,1,pickup,11:15,25000,11000,0.5,Dân cư đông,Cơm văn phòng,Phường An Hội Đông
L10173,R025,2026-06-24,Cơm canh chua,41000,33,27000,2,0,2,pickup,11:30,0,0,0.0,Dân cư đông,Cơm văn phòng,Phường An Hội Đông
L10174,R026,2026-06-24,Bún riêu cua,43000,37,27000,3,1,2,delivery,16:45,27000,16000,0.333,Sinh viên,Bún riêu,Phường Tam Bình
L10175,R027,2026-06-24,Bún bò viên,45000,34,30000,3,0,3,pickup,17:45,0,0,0.0,Công nhân,Bún bò,Phường Hòa Lợi
L10176,R028,2026-06-24,Bánh mì trứng,19000,60,8000,8,7,1,pickup,14:45,56000,77000,0.875,Công nhân,Bánh mì,Phường Tân Đông Hiệp
L10177,R029,2026-06-24,Phở bò tái,45000,53,21000,1,0,1,delivery,19:15,0,0,0.0,Trung tâm,Phở,Phường Bến Thành
L10178,R029,2026-06-24,Phở bò viên,48000,59,20000,1,0,1,delivery,19:15,0,0,0.0,Trung tâm,Phở,Phường Bến Thành
L10179,R029,2026-06-24,Phở bò tái nạm,58000,56,26000,1,0,1,delivery,19:30,0,0,0.0,Trung tâm,Phở,Phường Bến Thành
L10180,R029,2026-06-24,Phở gà,55000,55,25000,1,0,1,delivery,19:30,0,0,0.0,Trung tâm,Phở,Phường Bến Thành
L10181,R030,2026-06-24,Bún bò giò heo,46000,54,21000,14,13,1,pickup,15:00,273000,325000,0.929,Công nhân,Bún bò,Phường An Phú
L10182,R030,2026-06-24,Bún bò viên,52000,55,23000,11,8,3,delivery,15:00,184000,232000,0.727,Công nhân,Bún bò,Phường An Phú
L10183,R031,2026-06-24,Phở bò tái nạm,53000,46,29000,5,3,2,pickup,09:15,87000,72000,0.6,Sinh viên,Phở,Phường Phước Long
L10184,R031,2026-06-24,Phở bò viên,49000,38,30000,5,1,4,pickup,09:00,30000,19000,0.2,Sinh viên,Phở,Phường Phước Long
L10185,R032,2026-06-24,Cơm thịt kho trứng,31000,44,17000,4,2,2,delivery,13:15,34000,28000,0.5,Trung tâm,Cơm văn phòng,Phường Cầu Ông Lãnh
L10186,R033,2026-06-24,Cơm tấm đặc biệt,37000,52,18000,1,0,1,pickup,13:15,0,0,0.0,Dân cư đông,Cơm tấm,Phường Tân Hòa
L10187,R033,2026-06-24,Cơm tấm sườn nướng,36000,47,19000,1,0,1,pickup,13:15,0,0,0.0,Dân cư đông,Cơm tấm,Phường Tân Hòa
L10188,R033,2026-06-24,Cơm tấm sườn bì chả,39000,48,20000,1,0,1,pickup,13:15,0,0,0.0,Dân cư đông,Cơm tấm,Phường Tân Hòa
L10189,R033,2026-06-24,Cơm tấm bì,45000,52,22000,1,0,1,pickup,13:45,0,0,0.0,Dân cư đông,Cơm tấm,Phường Tân Hòa
L10190,R033,2026-06-24,Cơm tấm sườn trứng,36000,46,19000,2,1,1,pickup,13:45,19000,17000,0.5,Dân cư đông,Cơm tấm,Phường Tân Hòa
L10191,R034,2026-06-24,Bún bò viên,42000,34,28000,6,2,4,pickup,18:00,56000,28000,0.333,Ngoại ô,Bún bò,Xã Bình Chánh
L10192,R034,2026-06-24,Bún bò giò heo,41000,30,29000,6,3,3,delivery,18:30,87000,36000,0.5,Ngoại ô,Bún bò,Xã Bình Chánh
L10193,R035,2026-06-24,Bánh mì chả lụa,26000,53,12000,1,0,1,delivery,12:45,0,0,0.0,Dân cư đông,Bánh mì,Phường Tân Sơn Nhất
L10194,R035,2026-06-24,Bánh mì gà,25000,53,12000,1,0,1,delivery,12:45,0,0,0.0,Dân cư đông,Bánh mì,Phường Tân Sơn Nhất
L10195,R035,2026-06-24,Bánh mì xíu mại,22000,58,9000,1,0,1,delivery,12:30,0,0,0.0,Dân cư đông,Bánh mì,Phường Tân Sơn Nhất
L10196,R035,2026-06-24,Bánh mì trứng,22000,54,10000,1,0,1,delivery,12:30,0,0,0.0,Dân cư đông,Bánh mì,Phường Tân Sơn Nhất
L10197,R035,2026-06-24,Bánh mì thịt nguội,24000,52,12000,1,0,1,delivery,12:00,0,0,0.0,Dân cư đông,Bánh mì,Phường Tân Sơn Nhất
L10198,R036,2026-06-24,Bún bò viên,48000,38,30000,5,2,3,pickup,14:45,60000,36000,0.4,Sinh viên,Bún bò,Phường Phước Long
L10199,R036,2026-06-24,Bún bò Huế đặc biệt,44000,37,28000,4,2,2,delivery,14:00,56000,32000,0.5,Sinh viên,Bún bò,Phường Phước Long
L10200,R036,2026-06-24,Bún bò gân,41000,40,25000,4,2,2,delivery,14:30,50000,32000,0.5,Sinh viên,Bún bò,Phường Phước Long
L10201,R037,2026-06-24,Bún bò Huế đặc biệt,43000,41,25000,9,4,5,delivery,15:15,100000,72000,0.444,Trung tâm,Bún bò,Phường Tân Định
L10202,R038,2026-06-24,Bún bò viên,61000,53,29000,2,1,1,pickup,17:45,29000,32000,0.5,Công nhân,Bún bò,Phường Thuận Giao
L10203,R038,2026-06-24,Bún bò giò heo,48000,45,26000,1,0,1,pickup,17:00,0,0,0.0,Công nhân,Bún bò,Phường Thuận Giao
L10204,R039,2026-06-24,Bún riêu cua mọc,41000,57,18000,25,21,4,pickup,09:30,378000,483000,0.84,Công nhân,Bún riêu,Phường Đông Hòa
L10205,R040,2026-06-24,Bún bò thập cẩm,51000,60,20000,2,1,1,pickup,14:15,20000,31000,0.5,Sinh viên,Bún bò,Phường Bình Trưng
L10206,R041,2026-06-24,Phở bò tái,45000,45,25000,4,3,1,delivery,15:00,75000,60000,0.75,Công nhân,Phở,Phường Tân Khánh
L10207,R041,2026-06-24,Phở bò tái nạm,44000,45,24000,3,2,1,delivery,15:15,48000,40000,0.667,Công nhân,Phở,Phường Tân Khánh
L10208,R042,2026-06-24,Cơm tấm sườn trứng,34000,56,15000,2,1,1,pickup,11:30,15000,19000,0.5,Trung tâm,Cơm tấm,Phường Tân Định
L10209,R042,2026-06-24,Cơm tấm sườn bì chả,28000,60,11000,3,2,1,delivery,11:00,22000,34000,0.667,Trung tâm,Cơm tấm,Phường Tân Định
L10210,R042,2026-06-24,Cơm tấm đặc biệt,49000,56,22000,3,2,1,pickup,11:30,44000,54000,0.667,Trung tâm,Cơm tấm,Phường Tân Định
L10211,R043,2026-06-24,Cơm canh chua,31000,60,12000,3,1,2,pickup,16:45,12000,19000,0.333,Dân cư đông,Cơm văn phòng,Phường Bảy Hiền
L10212,R043,2026-06-24,Cơm thịt kho trứng,46000,54,21000,2,1,1,pickup,16:00,21000,25000,0.5,Dân cư đông,Cơm văn phòng,Phường Bảy Hiền
L10213,R043,2026-06-24,Cơm gà luộc,45000,59,18000,3,2,1,pickup,16:00,36000,54000,0.667,Dân cư đông,Cơm văn phòng,Phường Bảy Hiền
L10214,R043,2026-06-24,Cơm sườn đậu hũ,37000,60,15000,2,1,1,pickup,16:30,15000,22000,0.5,Dân cư đông,Cơm văn phòng,Phường Bảy Hiền
L10215,R043,2026-06-24,Cơm gà xối mỡ,47000,60,19000,3,2,1,pickup,16:45,38000,56000,0.667,Dân cư đông,Cơm văn phòng,Phường Bảy Hiền
L10216,R044,2026-06-24,Hủ tiếu mì,48000,49,24000,3,2,1,pickup,13:45,48000,48000,0.667,Sinh viên,Hủ tiếu,Phường Tam Bình
L10217,R044,2026-06-24,Hủ tiếu Nam Vang,48000,45,26000,3,2,1,pickup,13:15,52000,44000,0.667,Sinh viên,Hủ tiếu,Phường Tam Bình
L10218,R044,2026-06-24,Hủ tiếu bò kho,46000,54,21000,3,2,1,pickup,13:00,42000,50000,0.667,Sinh viên,Hủ tiếu,Phường Tam Bình
L10219,R045,2026-06-24,Bún bò giò heo,41000,40,25000,5,3,2,pickup,17:15,75000,48000,0.6,Công nhân,Bún bò,Phường Thuận An
L10220,R045,2026-06-24,Bún bò Huế đặc biệt,47000,37,30000,3,0,3,delivery,17:15,0,0,0.0,Công nhân,Bún bò,Phường Thuận An
L10221,R045,2026-06-24,Bún bò thập cẩm,46000,46,25000,3,1,2,delivery,17:30,25000,21000,0.333,Công nhân,Bún bò,Phường Thuận An
L10222,R046,2026-06-24,Bánh mì xíu mại,23000,56,10000,3,2,1,pickup,13:30,20000,26000,0.667,Sinh viên,Bánh mì,Phường Cát Lái
L10223,R046,2026-06-24,Bánh mì gà,22000,50,11000,3,2,1,pickup,13:45,22000,22000,0.667,Sinh viên,Bánh mì,Phường Cát Lái
L10224,R046,2026-06-24,Bánh mì chả lụa,24000,57,10000,3,2,1,pickup,13:45,20000,28000,0.667,Sinh viên,Bánh mì,Phường Cát Lái
L10225,R046,2026-06-24,Bánh mì trứng,29000,59,12000,2,1,1,pickup,13:00,12000,17000,0.5,Sinh viên,Bánh mì,Phường Cát Lái
L10226,R046,2026-06-24,Bánh mì thịt nguội,18000,52,9000,3,2,1,pickup,13:00,18000,18000,0.667,Sinh viên,Bánh mì,Phường Cát Lái
L10227,R047,2026-06-24,Bún bò Huế đặc biệt,42000,40,25000,24,12,12,delivery,17:45,300000,204000,0.5,Công nhân,Bún bò,Phường Tân Khánh
L10228,R048,2026-06-24,Bánh mì thịt nguội,24000,55,11000,3,2,1,pickup,18:30,22000,26000,0.667,Công nhân,Bánh mì,Phường An Phú
L10229,R048,2026-06-24,Bánh mì trứng,19000,56,8000,4,2,2,delivery,18:45,16000,22000,0.5,Công nhân,Bánh mì,Phường An Phú
L10230,R049,2026-06-24,Phở gà,40000,41,24000,1,0,1,delivery,12:45,0,0,0.0,Sinh viên,Phở,Phường Thủ Đức
L10231,R049,2026-06-24,Phở bò tái,47000,43,27000,1,0,1,pickup,12:30,0,0,0.0,Sinh viên,Phở,Phường Thủ Đức
L10232,R049,2026-06-24,Phở bò chín,45000,36,29000,1,0,1,delivery,12:00,0,0,0.0,Sinh viên,Phở,Phường Thủ Đức
L10233,R049,2026-06-24,Phở bò tái nạm,57000,42,33000,1,0,1,delivery,12:00,0,0,0.0,Sinh viên,Phở,Phường Thủ Đức
L10234,R050,2026-06-24,Bánh mì thịt nguội,20000,43,11000,1,0,1,delivery,17:45,0,0,0.0,Ngoại ô,Bánh mì,Xã Hưng Long
L10235,R051,2026-06-24,Hủ tiếu Nam Vang,53000,59,22000,6,5,1,pickup,13:30,110000,155000,0.833,Dân cư đông,Hủ tiếu,Phường Hạnh Thông
L10236,R052,2026-06-24,Cơm tấm đặc biệt,28000,34,18000,4,1,3,delivery,18:00,18000,10000,0.25,Dân cư đông,Cơm tấm,Phường Xóm Chiếu
L10237,R052,2026-06-24,Cơm tấm sườn nướng,32000,36,20000,4,1,3,delivery,18:30,20000,12000,0.25,Dân cư đông,Cơm tấm,Phường Xóm Chiếu
L10238,R052,2026-06-24,Cơm tấm sườn trứng,44000,34,29000,4,2,2,delivery,18:30,58000,30000,0.5,Dân cư đông,Cơm tấm,Phường Xóm Chiếu
L10239,R053,2026-06-24,Bánh mì trứng,29000,60,12000,4,3,1,delivery,17:15,36000,51000,0.75,Dân cư đông,Bánh mì,Phường Gia Định
L10240,R053,2026-06-24,Bánh mì thịt nguội,23000,56,10000,3,2,1,delivery,17:30,20000,26000,0.667,Dân cư đông,Bánh mì,Phường Gia Định
L10241,R053,2026-06-24,Bánh mì chả lụa,26000,60,10000,4,2,2,delivery,17:00,20000,32000,0.5,Dân cư đông,Bánh mì,Phường Gia Định
L10242,R053,2026-06-24,Bánh mì gà,31000,59,13000,4,2,2,delivery,17:15,26000,36000,0.5,Dân cư đông,Bánh mì,Phường Gia Định
L10243,R053,2026-06-24,Bánh mì xíu mại,22000,60,9000,3,2,1,pickup,17:30,18000,26000,0.667,Dân cư đông,Bánh mì,Phường Gia Định
L10244,R054,2026-06-24,Bánh mì trứng,22000,58,9000,4,3,1,delivery,11:15,27000,39000,0.75,Công nhân,Bánh mì,Phường Bình Hòa
L10245,R054,2026-06-24,Bánh mì thịt nguội,23000,50,12000,3,2,1,pickup,11:45,24000,22000,0.667,Công nhân,Bánh mì,Phường Bình Hòa
L10246,R054,2026-06-24,Bánh mì gà,28000,59,11000,3,2,1,delivery,11:30,22000,34000,0.667,Công nhân,Bánh mì,Phường Bình Hòa
L10247,R054,2026-06-24,Bánh mì chả lụa,30000,49,15000,4,2,2,pickup,11:15,30000,30000,0.5,Công nhân,Bánh mì,Phường Bình Hòa
L10248,R055,2026-06-24,Cơm tấm sườn trứng,43000,60,17000,2,1,1,pickup,12:30,17000,26000,0.5,Dân cư đông,Cơm tấm,Phường Thông Tây Hội
L10249,R055,2026-06-24,Cơm tấm sườn bì chả,37000,60,15000,2,1,1,pickup,12:15,15000,22000,0.5,Dân cư đông,Cơm tấm,Phường Thông Tây Hội
L10250,R055,2026-06-24,Cơm tấm sườn nướng,44000,57,19000,2,1,1,delivery,12:00,19000,25000,0.5,Dân cư đông,Cơm tấm,Phường Thông Tây Hội
L10251,R055,2026-06-24,Cơm tấm bì,46000,60,18000,1,0,1,delivery,12:15,0,0,0.0,Dân cư đông,Cơm tấm,Phường Thông Tây Hội
L10252,R055,2026-06-24,Cơm tấm đặc biệt,37000,59,15000,2,1,1,pickup,12:30,15000,22000,0.5,Dân cư đông,Cơm tấm,Phường Thông Tây Hội
L10253,R056,2026-06-24,Hủ tiếu Nam Vang,39000,41,23000,3,2,1,delivery,17:00,46000,32000,0.667,Trung tâm,Hủ tiếu,Phường Nhiêu Lộc
L10254,R056,2026-06-24,Hủ tiếu mì,50000,33,34000,3,1,2,pickup,17:30,34000,16000,0.333,Trung tâm,Hủ tiếu,Phường Nhiêu Lộc
L10255,R057,2026-06-24,Bún bò giò heo,46000,45,25000,1,0,1,pickup,18:45,0,0,0.0,Sinh viên,Bún bò,Phường Bình Trưng
L10256,R057,2026-06-24,Bún bò viên,40000,45,22000,1,0,1,pickup,18:15,0,0,0.0,Sinh viên,Bún bò,Phường Bình Trưng
L10257,R058,2026-06-24,Bánh mì thịt nguội,24000,39,15000,1,0,1,pickup,19:15,0,0,0.0,Trung tâm,Bánh mì,Phường Cầu Kiệu
L10258,R058,2026-06-24,Bánh mì xíu mại,20000,30,14000,1,0,1,pickup,19:00,0,0,0.0,Trung tâm,Bánh mì,Phường Cầu Kiệu
L10259,R058,2026-06-24,Bánh mì gà,24000,37,15000,1,0,1,pickup,19:45,0,0,0.0,Trung tâm,Bánh mì,Phường Cầu Kiệu
L10260,R058,2026-06-24,Bánh mì trứng,20000,32,14000,1,0,1,pickup,19:15,0,0,0.0,Trung tâm,Bánh mì,Phường Cầu Kiệu
L10261,R059,2026-06-24,Cơm tấm sườn bì chả,40000,33,27000,2,1,1,pickup,14:30,27000,13000,0.5,Sinh viên,Cơm tấm,Phường Tam Bình
L10262,R059,2026-06-24,Cơm tấm bì,40000,31,28000,1,0,1,delivery,14:30,0,0,0.0,Sinh viên,Cơm tấm,Phường Tam Bình
L10263,R060,2026-06-24,Phở gà,60000,54,28000,3,2,1,delivery,10:45,56000,64000,0.667,Công nhân,Phở,Phường Tân Đông Hiệp
L10264,R061,2026-06-24,Cơm tấm sườn trứng,47000,43,27000,4,2,2,delivery,15:00,54000,40000,0.5,Sinh viên,Cơm tấm,Phường Tam Bình
L10265,R061,2026-06-24,Cơm tấm đặc biệt,47000,48,24000,4,2,2,pickup,15:45,48000,46000,0.5,Sinh viên,Cơm tấm,Phường Tam Bình
L10266,R062,2026-06-24,Phở gà,59000,33,40000,1,0,1,delivery,10:30,0,0,0.0,Dân cư đông,Phở,Phường Hạnh Thông
L10267,R062,2026-06-24,Phở bò viên,48000,36,31000,1,0,1,delivery,10:45,0,0,0.0,Dân cư đông,Phở,Phường Hạnh Thông
L10268,R062,2026-06-24,Phở bò tái,46000,37,29000,1,0,1,delivery,10:30,0,0,0.0,Dân cư đông,Phở,Phường Hạnh Thông
L10269,R062,2026-06-24,Phở bò chín,56000,30,39000,1,0,1,delivery,10:30,0,0,0.0,Dân cư đông,Phở,Phường Hạnh Thông
L10270,R062,2026-06-24,Phở bò tái nạm,50000,30,35000,1,0,1,delivery,10:45,0,0,0.0,Dân cư đông,Phở,Phường Hạnh Thông
L10271,R063,2026-06-24,Hủ tiếu mì,58000,38,36000,3,1,2,delivery,19:45,36000,22000,0.333,Công nhân,Hủ tiếu,Phường Thuận Giao
L10272,R063,2026-06-24,Hủ tiếu sa tế,46000,39,28000,4,1,3,delivery,19:45,28000,18000,0.25,Công nhân,Hủ tiếu,Phường Thuận Giao
L10273,R063,2026-06-24,Hủ tiếu thập cẩm,46000,44,26000,4,2,2,delivery,19:15,52000,40000,0.5,Công nhân,Hủ tiếu,Phường Thuận Giao
L10274,R064,2026-06-24,Bún bò gân,59000,42,34000,3,2,1,delivery,10:45,68000,50000,0.667,Sinh viên,Bún bò,Phường Tăng Nhơn Phú
L10275,R064,2026-06-24,Bún bò Huế đặc biệt,53000,48,28000,3,1,2,delivery,10:30,28000,25000,0.333,Sinh viên,Bún bò,Phường Tăng Nhơn Phú
L10276,R064,2026-06-24,Bún bò viên,45000,46,24000,3,1,2,pickup,10:30,24000,21000,0.333,Sinh viên,Bún bò,Phường Tăng Nhơn Phú
L10277,R065,2026-06-24,Cơm tấm bì,38000,48,20000,2,1,1,pickup,19:45,20000,18000,0.5,Công nhân,Cơm tấm,Phường Đông Hòa
L10278,R065,2026-06-24,Cơm tấm sườn trứng,25000,57,11000,2,1,1,pickup,19:45,11000,14000,0.5,Công nhân,Cơm tấm,Phường Đông Hòa
L10279,R065,2026-06-24,Cơm tấm sườn nướng,34000,51,17000,2,1,1,pickup,19:00,17000,17000,0.5,Công nhân,Cơm tấm,Phường Đông Hòa
L10280,R066,2026-06-24,Cơm gà xối mỡ,52000,56,23000,5,4,1,pickup,09:30,92000,116000,0.8,Sinh viên,Cơm văn phòng,Phường An Khánh
L10281,R066,2026-06-24,Cơm gà luộc,39000,54,18000,4,3,1,pickup,09:15,54000,63000,0.75,Sinh viên,Cơm văn phòng,Phường An Khánh
L10282,R066,2026-06-24,Cơm canh chua,47000,56,21000,5,3,2,pickup,09:30,63000,78000,0.6,Sinh viên,Cơm văn phòng,Phường An Khánh
L10283,R067,2026-06-24,Cơm thịt kho trứng,44000,42,26000,1,0,1,pickup,19:15,0,0,0.0,Dân cư đông,Cơm văn phòng,Phường An Hội Đông
L10284,R067,2026-06-24,Cơm gà xối mỡ,33000,52,16000,1,0,1,delivery,19:30,0,0,0.0,Dân cư đông,Cơm văn phòng,Phường An Hội Đông
L10285,R067,2026-06-24,Cơm gà luộc,42000,48,22000,1,0,1,delivery,19:45,0,0,0.0,Dân cư đông,Cơm văn phòng,Phường An Hội Đông
L10286,R067,2026-06-24,Cơm canh chua,39000,44,22000,1,0,1,delivery,19:00,0,0,0.0,Dân cư đông,Cơm văn phòng,Phường An Hội Đông
L10287,R067,2026-06-24,Cơm sườn đậu hũ,40000,42,23000,1,0,1,delivery,19:00,0,0,0.0,Dân cư đông,Cơm văn phòng,Phường An Hội Đông
L10288,R068,2026-06-24,Bún riêu cua đồng,53000,35,34000,1,0,1,delivery,19:00,0,0,0.0,Trung tâm,Bún riêu,Phường Xuân Hòa
L10289,R068,2026-06-24,Bún riêu thập cẩm,41000,34,27000,1,0,1,delivery,19:00,0,0,0.0,Trung tâm,Bún riêu,Phường Xuân Hòa
L10290,R068,2026-06-24,Bún riêu cua mọc,47000,38,29000,1,0,1,delivery,19:15,0,0,0.0,Trung tâm,Bún riêu,Phường Xuân Hòa
L10291,R069,2026-06-24,Bánh mì xíu mại,27000,48,14000,1,0,1,delivery,20:15,0,0,0.0,Ngoại ô,Bánh mì,Xã Xuân Thới Sơn
L10292,R069,2026-06-24,Bánh mì gà,23000,45,13000,1,0,1,pickup,20:30,0,0,0.0,Ngoại ô,Bánh mì,Xã Xuân Thới Sơn
L10293,R069,2026-06-24,Bánh mì trứng,25000,42,14000,1,0,1,delivery,20:00,0,0,0.0,Ngoại ô,Bánh mì,Xã Xuân Thới Sơn
L10294,R070,2026-06-24,Hủ tiếu sa tế,41000,60,16000,1,0,1,delivery,19:45,0,0,0.0,Dân cư đông,Hủ tiếu,Phường Gò Vấp
L10295,R070,2026-06-24,Hủ tiếu Nam Vang,45000,60,18000,1,0,1,pickup,19:30,0,0,0.0,Dân cư đông,Hủ tiếu,Phường Gò Vấp
L10296,R070,2026-06-24,Hủ tiếu thập cẩm,47000,59,19000,1,0,1,pickup,19:15,0,0,0.0,Dân cư đông,Hủ tiếu,Phường Gò Vấp
L10297,R070,2026-06-24,Hủ tiếu bò kho,43000,60,17000,1,0,1,delivery,19:15,0,0,0.0,Dân cư đông,Hủ tiếu,Phường Gò Vấp
L10298,R071,2026-06-24,Cơm tấm đặc biệt,37000,37,23000,3,1,2,delivery,11:15,23000,14000,0.333,Sinh viên,Cơm tấm,Phường Bình Trưng
L10299,R071,2026-06-24,Cơm tấm sườn nướng,29000,30,20000,4,2,2,pickup,11:00,40000,18000,0.5,Sinh viên,Cơm tấm,Phường Bình Trưng
L10300,R071,2026-06-24,Cơm tấm sườn trứng,38000,36,24000,3,0,3,delivery,11:30,0,0,0.0,Sinh viên,Cơm tấm,Phường Bình Trưng
L10301,R071,2026-06-24,Cơm tấm bì,38000,35,25000,3,1,2,delivery,11:45,25000,13000,0.333,Sinh viên,Cơm tấm,Phường Bình Trưng
L10302,R071,2026-06-24,Cơm tấm sườn bì chả,42000,32,29000,3,0,3,pickup,11:45,0,0,0.0,Sinh viên,Cơm tấm,Phường Bình Trưng
L10303,R072,2026-06-24,Cơm sườn đậu hũ,43000,57,18000,4,2,2,delivery,14:45,36000,50000,0.5,Trung tâm,Cơm văn phòng,Phường Bến Thành
L10304,R072,2026-06-24,Cơm canh chua,36000,50,18000,5,4,1,delivery,14:00,72000,72000,0.8,Trung tâm,Cơm văn phòng,Phường Bến Thành
L10305,R073,2026-06-24,Bánh mì gà,27000,44,15000,2,1,1,delivery,16:30,15000,12000,0.5,Dân cư đông,Bánh mì,Phường Vĩnh Hội
L10306,R073,2026-06-24,Bánh mì chả lụa,26000,43,15000,2,1,1,delivery,16:45,15000,11000,0.5,Dân cư đông,Bánh mì,Phường Vĩnh Hội
L10307,R074,2026-06-24,Cơm gà xối mỡ,36000,33,24000,2,1,1,pickup,17:00,24000,12000,0.5,Dân cư đông,Cơm văn phòng,Phường Bình Lợi Trung
L10308,R074,2026-06-24,Cơm thịt kho trứng,37000,30,26000,2,0,2,pickup,17:15,0,0,0.0,Dân cư đông,Cơm văn phòng,Phường Bình Lợi Trung
L10309,R074,2026-06-24,Cơm gà luộc,35000,30,24000,2,1,1,pickup,17:45,24000,11000,0.5,Dân cư đông,Cơm văn phòng,Phường Bình Lợi Trung
L10310,R074,2026-06-24,Cơm sườn đậu hũ,40000,30,28000,2,0,2,pickup,17:00,0,0,0.0,Dân cư đông,Cơm văn phòng,Phường Bình Lợi Trung
L10311,R074,2026-06-24,Cơm canh chua,47000,34,31000,2,0,2,pickup,17:30,0,0,0.0,Dân cư đông,Cơm văn phòng,Phường Bình Lợi Trung
L10312,R075,2026-06-24,Cơm tấm bì,31000,49,16000,4,3,1,pickup,15:30,48000,45000,0.75,Dân cư đông,Cơm tấm,Phường Vĩnh Hội
L10313,R075,2026-06-24,Cơm tấm sườn nướng,30000,55,13000,3,2,1,pickup,15:30,26000,34000,0.667,Dân cư đông,Cơm tấm,Phường Vĩnh Hội
L10314,R075,2026-06-24,Cơm tấm sườn bì chả,41000,49,21000,3,2,1,pickup,15:30,42000,40000,0.667,Dân cư đông,Cơm tấm,Phường Vĩnh Hội
L10315,R076,2026-06-24,Phở bò chín,57000,40,34000,7,5,2,pickup,12:15,170000,115000,0.714,Dân cư đông,Phở,Phường An Nhơn
L10316,R076,2026-06-24,Phở bò tái,57000,42,33000,5,3,2,pickup,12:30,99000,72000,0.6,Dân cư đông,Phở,Phường An Nhơn
L10317,R076,2026-06-24,Phở bò tái nạm,38000,39,23000,5,1,4,pickup,12:00,23000,15000,0.2,Dân cư đông,Phở,Phường An Nhơn
L10318,R077,2026-06-24,Cơm tấm bì,40000,40,24000,2,1,1,delivery,14:45,24000,16000,0.5,Trung tâm,Cơm tấm,Phường Xuân Hòa
L10319,R077,2026-06-24,Cơm tấm đặc biệt,50000,43,28000,2,1,1,pickup,14:00,28000,22000,0.5,Trung tâm,Cơm tấm,Phường Xuân Hòa
L10320,R077,2026-06-24,Cơm tấm sườn nướng,30000,47,16000,2,1,1,delivery,14:30,16000,14000,0.5,Trung tâm,Cơm tấm,Phường Xuân Hòa
L10321,R078,2026-06-24,Bún riêu cua đồng,43000,36,28000,2,0,2,pickup,13:15,0,0,0.0,Công nhân,Bún riêu,Phường Tân Đông Hiệp
L10322,R078,2026-06-24,Bún riêu cua,44000,36,28000,2,1,1,delivery,13:15,28000,16000,0.5,Công nhân,Bún riêu,Phường Tân Đông Hiệp
L10323,R078,2026-06-24,Bún riêu cua mọc,46000,34,30000,2,0,2,pickup,13:15,0,0,0.0,Công nhân,Bún riêu,Phường Tân Đông Hiệp
L10324,R078,2026-06-24,Bún riêu thập cẩm,39000,36,25000,2,1,1,delivery,13:30,25000,14000,0.5,Công nhân,Bún riêu,Phường Tân Đông Hiệp
L10325,R079,2026-06-24,Cơm tấm sườn trứng,33000,41,19000,7,4,3,pickup,16:15,76000,56000,0.571,Sinh viên,Cơm tấm,Phường Bình Trưng
L10326,R080,2026-06-24,Cơm tấm sườn trứng,50000,46,27000,1,0,1,pickup,09:30,0,0,0.0,Dân cư đông,Cơm tấm,Phường An Hội Đông
L10327,R080,2026-06-24,Cơm tấm sườn nướng,32000,46,17000,1,0,1,delivery,09:00,0,0,0.0,Dân cư đông,Cơm tấm,Phường An Hội Đông
L10328,R080,2026-06-24,Cơm tấm sườn bì chả,38000,50,19000,1,0,1,pickup,09:00,0,0,0.0,Dân cư đông,Cơm tấm,Phường An Hội Đông
L10329,R080,2026-06-24,Cơm tấm đặc biệt,26000,49,13000,1,0,1,pickup,09:00,0,0,0.0,Dân cư đông,Cơm tấm,Phường An Hội Đông
L10330,R080,2026-06-24,Cơm tấm bì,31000,42,18000,1,0,1,delivery,09:45,0,0,0.0,Dân cư đông,Cơm tấm,Phường An Hội Đông
L10331,R081,2026-06-24,Bún riêu cua mọc,49000,51,24000,3,2,1,pickup,09:00,48000,50000,0.667,Công nhân,Bún riêu,Phường Đông Hòa
L10332,R081,2026-06-24,Bún riêu cua đồng,48000,54,22000,3,2,1,pickup,09:00,44000,52000,0.667,Công nhân,Bún riêu,Phường Đông Hòa
L10333,R081,2026-06-24,Bún riêu cua,44000,53,21000,3,2,1,pickup,09:30,42000,46000,0.667,Công nhân,Bún riêu,Phường Đông Hòa
L10334,R081,2026-06-24,Bún riêu thập cẩm,38000,53,18000,3,2,1,pickup,09:15,36000,40000,0.667,Công nhân,Bún riêu,Phường Đông Hòa
L10335,R082,2026-06-24,Hủ tiếu Nam Vang,52000,56,23000,8,6,2,pickup,19:00,138000,174000,0.75,Sinh viên,Hủ tiếu,Phường Tăng Nhơn Phú
L10336,R082,2026-06-24,Hủ tiếu bò kho,36000,50,18000,9,7,2,pickup,19:30,126000,126000,0.778,Sinh viên,Hủ tiếu,Phường Tăng Nhơn Phú
L10337,R083,2026-06-24,Cơm tấm sườn nướng,34000,32,23000,1,0,1,delivery,14:00,0,0,0.0,Trung tâm,Cơm tấm,Phường Sài Gòn
L10338,R083,2026-06-24,Cơm tấm sườn trứng,43000,30,30000,2,0,2,pickup,14:30,0,0,0.0,Trung tâm,Cơm tấm,Phường Sài Gòn
L10339,R083,2026-06-24,Cơm tấm đặc biệt,45000,31,31000,2,0,2,delivery,14:45,0,0,0.0,Trung tâm,Cơm tấm,Phường Sài Gòn
L10340,R084,2026-06-24,Bún riêu thập cẩm,47000,41,28000,1,0,1,delivery,18:00,0,0,0.0,Sinh viên,Bún riêu,Phường Hiệp Bình
L10341,R085,2026-06-24,Bánh mì xíu mại,26000,59,11000,13,11,2,pickup,20:30,121000,165000,0.846,Sinh viên,Bánh mì,Phường Tăng Nhơn Phú
L10342,R086,2026-06-24,Phở bò chín,46000,58,19000,1,0,1,delivery,10:00,0,0,0.0,Dân cư đông,Phở,Phường Tân Sơn Nhất
L10343,R086,2026-06-24,Phở bò viên,53000,57,23000,1,0,1,delivery,10:30,0,0,0.0,Dân cư đông,Phở,Phường Tân Sơn Nhất
L10344,R086,2026-06-24,Phở bò tái,49000,59,20000,1,0,1,delivery,10:15,0,0,0.0,Dân cư đông,Phở,Phường Tân Sơn Nhất
L10345,R086,2026-06-24,Phở bò tái nạm,43000,56,19000,1,0,1,delivery,10:00,0,0,0.0,Dân cư đông,Phở,Phường Tân Sơn Nhất
L10346,R086,2026-06-24,Phở gà,42000,59,17000,1,0,1,delivery,10:45,0,0,0.0,Dân cư đông,Phở,Phường Tân Sơn Nhất
L10347,R087,2026-06-24,Phở gà,40000,33,27000,14,7,7,pickup,13:00,189000,91000,0.5,Công nhân,Phở,Phường Thuận An
L10348,R087,2026-06-24,Phở bò chín,44000,33,29000,14,7,7,pickup,13:30,203000,105000,0.5,Công nhân,Phở,Phường Thuận An
L10349,R088,2026-06-24,Cơm tấm sườn trứng,25000,60,10000,3,2,1,delivery,09:00,20000,30000,0.667,Dân cư đông,Cơm tấm,Phường Gò Vấp
L10350,R088,2026-06-24,Cơm tấm sườn bì chả,31000,60,12000,3,2,1,delivery,09:45,24000,38000,0.667,Dân cư đông,Cơm tấm,Phường Gò Vấp
L10351,R088,2026-06-24,Cơm tấm bì,53000,56,23000,2,1,1,delivery,09:15,23000,30000,0.5,Dân cư đông,Cơm tấm,Phường Gò Vấp
L10352,R088,2026-06-24,Cơm tấm đặc biệt,33000,60,13000,3,2,1,delivery,09:15,26000,40000,0.667,Dân cư đông,Cơm tấm,Phường Gò Vấp
L10353,R088,2026-06-24,Cơm tấm sườn nướng,28000,54,13000,3,2,1,pickup,09:00,26000,30000,0.667,Dân cư đông,Cơm tấm,Phường Gò Vấp
L10354,R089,2026-06-24,Hủ tiếu thập cẩm,45000,32,31000,1,0,1,pickup,15:45,0,0,0.0,Công nhân,Hủ tiếu,Phường Đông Hòa
L10355,R089,2026-06-24,Hủ tiếu bò kho,41000,38,25000,1,0,1,delivery,15:00,0,0,0.0,Công nhân,Hủ tiếu,Phường Đông Hòa
L10356,R089,2026-06-24,Hủ tiếu mì,59000,32,40000,1,0,1,delivery,15:15,0,0,0.0,Công nhân,Hủ tiếu,Phường Đông Hòa
L10357,R089,2026-06-24,Hủ tiếu Nam Vang,41000,32,28000,1,0,1,delivery,15:45,0,0,0.0,Công nhân,Hủ tiếu,Phường Đông Hòa
L10358,R090,2026-06-24,Hủ tiếu Nam Vang,49000,43,28000,14,10,4,pickup,09:15,280000,210000,0.714,Sinh viên,Hủ tiếu,Phường Thủ Đức
L10359,R091,2026-06-24,Bánh mì chả lụa,22000,57,9000,2,1,1,delivery,12:00,9000,13000,0.5,Dân cư đông,Bánh mì,Phường Xóm Chiếu
L10360,R092,2026-06-24,Cơm tấm sườn trứng,45000,38,28000,2,1,1,pickup,17:15,28000,17000,0.5,Dân cư đông,Cơm tấm,Phường Gia Định
L10361,R092,2026-06-24,Cơm tấm đặc biệt,28000,32,19000,2,1,1,pickup,17:15,19000,9000,0.5,Dân cư đông,Cơm tấm,Phường Gia Định
L10362,R092,2026-06-24,Cơm tấm sườn nướng,29000,39,18000,2,0,2,pickup,17:15,0,0,0.0,Dân cư đông,Cơm tấm,Phường Gia Định
L10363,R092,2026-06-24,Cơm tấm sườn bì chả,42000,32,29000,3,1,2,delivery,17:00,29000,13000,0.333,Dân cư đông,Cơm tấm,Phường Gia Định
L10364,R092,2026-06-24,Cơm tấm bì,32000,37,20000,3,1,2,pickup,17:30,20000,12000,0.333,Dân cư đông,Cơm tấm,Phường Gia Định
L10365,R093,2026-06-24,Phở bò chín,40000,36,26000,6,2,4,pickup,09:15,52000,28000,0.333,Công nhân,Phở,Phường Tân Đông Hiệp
L10366,R093,2026-06-24,Phở bò tái nạm,51000,37,32000,4,2,2,delivery,09:45,64000,38000,0.5,Công nhân,Phở,Phường Tân Đông Hiệp
L10367,R093,2026-06-24,Phở bò tái,57000,31,39000,5,2,3,pickup,09:00,78000,36000,0.4,Công nhân,Phở,Phường Tân Đông Hiệp
L10368,R093,2026-06-24,Phở gà,42000,35,27000,5,1,4,delivery,09:00,27000,15000,0.2,Công nhân,Phở,Phường Tân Đông Hiệp
L10369,R094,2026-06-24,Hủ tiếu mì,50000,55,22000,8,6,2,delivery,12:00,132000,168000,0.75,Dân cư đông,Hủ tiếu,Phường Bình Lợi Trung
L10370,R095,2026-06-24,Cơm tấm bì,40000,55,18000,2,1,1,delivery,14:15,18000,22000,0.5,Công nhân,Cơm tấm,Phường Lái Thiêu
L10371,R095,2026-06-24,Cơm tấm sườn bì chả,38000,55,17000,2,1,1,delivery,14:00,17000,21000,0.5,Công nhân,Cơm tấm,Phường Lái Thiêu
L10372,R095,2026-06-24,Cơm tấm đặc biệt,35000,56,15000,2,1,1,delivery,14:00,15000,20000,0.5,Công nhân,Cơm tấm,Phường Lái Thiêu
L10373,R095,2026-06-24,Cơm tấm sườn trứng,46000,55,21000,2,1,1,pickup,14:15,21000,25000,0.5,Công nhân,Cơm tấm,Phường Lái Thiêu
L10374,R096,2026-06-24,Cơm canh chua,48000,45,26000,8,4,4,pickup,14:00,104000,88000,0.5,Công nhân,Cơm văn phòng,Phường Lái Thiêu
L10375,R096,2026-06-24,Cơm gà xối mỡ,34000,41,20000,11,5,6,pickup,14:30,100000,70000,0.455,Công nhân,Cơm văn phòng,Phường Lái Thiêu
L10376,R097,2026-06-24,Hủ tiếu bò kho,43000,48,22000,3,1,2,delivery,20:30,22000,21000,0.333,Công nhân,Hủ tiếu,Phường Tân Đông Hiệp
L10377,R097,2026-06-24,Hủ tiếu mì,54000,57,23000,3,2,1,delivery,20:45,46000,62000,0.667,Công nhân,Hủ tiếu,Phường Tân Đông Hiệp
L10378,R097,2026-06-24,Hủ tiếu thập cẩm,43000,55,19000,2,1,1,delivery,20:30,19000,24000,0.5,Công nhân,Hủ tiếu,Phường Tân Đông Hiệp
L10379,R098,2026-06-24,Bún riêu cua đồng,41000,38,25000,3,1,2,delivery,16:15,25000,16000,0.333,Trung tâm,Bún riêu,Phường Xuân Hòa
L10380,R099,2026-06-24,Cơm sườn đậu hũ,33000,56,15000,1,0,1,pickup,09:30,0,0,0.0,Sinh viên,Cơm văn phòng,Phường An Khánh
L10381,R099,2026-06-24,Cơm thịt kho trứng,43000,54,20000,1,0,1,pickup,09:00,0,0,0.0,Sinh viên,Cơm văn phòng,Phường An Khánh
L10382,R099,2026-06-24,Cơm gà xối mỡ,25000,60,10000,1,0,1,pickup,09:45,0,0,0.0,Sinh viên,Cơm văn phòng,Phường An Khánh
L10383,R099,2026-06-24,Cơm gà luộc,45000,60,18000,1,0,1,pickup,09:45,0,0,0.0,Sinh viên,Cơm văn phòng,Phường An Khánh
L10384,R099,2026-06-24,Cơm canh chua,44000,60,18000,1,0,1,pickup,09:30,0,0,0.0,Sinh viên,Cơm văn phòng,Phường An Khánh
L10385,R100,2026-06-24,Hủ tiếu mì,39000,39,24000,2,1,1,delivery,15:00,24000,15000,0.5,Trung tâm,Hủ tiếu,Phường Tân Định
L10386,R100,2026-06-24,Hủ tiếu sa tế,51000,45,28000,3,2,1,pickup,15:45,56000,46000,0.667,Trung tâm,Hủ tiếu,Phường Tân Định
L10387,R101,2026-06-24,Phở bò tái,45000,30,31000,1,0,1,pickup,09:30,0,0,0.0,Công nhân,Phở,Phường Bình Hòa
L10388,R101,2026-06-24,Phở gà,46000,36,29000,1,0,1,pickup,09:45,0,0,0.0,Công nhân,Phở,Phường Bình Hòa
L10389,R101,2026-06-24,Phở bò chín,53000,30,37000,1,0,1,pickup,09:30,0,0,0.0,Công nhân,Phở,Phường Bình Hòa
L10390,R102,2026-06-24,Bún bò viên,37000,59,15000,2,1,1,pickup,15:45,15000,22000,0.5,Sinh viên,Bún bò,Phường Thủ Đức
L10391,R102,2026-06-24,Bún bò Huế đặc biệt,49000,53,23000,2,1,1,pickup,15:45,23000,26000,0.5,Sinh viên,Bún bò,Phường Thủ Đức
L10392,R102,2026-06-24,Bún bò thập cẩm,42000,54,19000,2,1,1,delivery,15:00,19000,23000,0.5,Sinh viên,Bún bò,Phường Thủ Đức
L10393,R102,2026-06-24,Bún bò giò heo,53000,57,23000,2,1,1,delivery,15:45,23000,30000,0.5,Sinh viên,Bún bò,Phường Thủ Đức
L10394,R103,2026-06-24,Cơm sườn đậu hũ,38000,35,25000,7,2,5,pickup,11:45,50000,26000,0.286,Công nhân,Cơm văn phòng,Phường Đông Hòa
L10395,R103,2026-06-24,Cơm canh chua,28000,40,17000,8,4,4,delivery,11:15,68000,44000,0.5,Công nhân,Cơm văn phòng,Phường Đông Hòa
L10396,R103,2026-06-24,Cơm gà luộc,40000,34,26000,8,4,4,delivery,11:00,104000,56000,0.5,Công nhân,Cơm văn phòng,Phường Đông Hòa
L10397,R104,2026-06-24,Bánh mì gà,19000,48,10000,1,0,1,pickup,19:30,0,0,0.0,Dân cư đông,Bánh mì,Phường Thông Tây Hội
L10398,R104,2026-06-24,Bánh mì chả lụa,21000,49,11000,1,0,1,pickup,19:15,0,0,0.0,Dân cư đông,Bánh mì,Phường Thông Tây Hội
L10399,R104,2026-06-24,Bánh mì trứng,17000,50,8000,1,0,1,pickup,19:00,0,0,0.0,Dân cư đông,Bánh mì,Phường Thông Tây Hội
L10400,R104,2026-06-24,Bánh mì xíu mại,19000,46,10000,1,0,1,pickup,19:00,0,0,0.0,Dân cư đông,Bánh mì,Phường Thông Tây Hội
L10401,R104,2026-06-24,Bánh mì thịt nguội,23000,50,12000,1,0,1,pickup,19:15,0,0,0.0,Dân cư đông,Bánh mì,Phường Thông Tây Hội
L10402,R105,2026-06-24,Bánh mì trứng,17000,31,12000,4,2,2,pickup,16:00,24000,10000,0.5,Sinh viên,Bánh mì,Phường Tam Bình
L10403,R105,2026-06-24,Bánh mì gà,20000,35,13000,6,3,3,pickup,16:45,39000,21000,0.5,Sinh viên,Bánh mì,Phường Tam Bình
L10404,R106,2026-06-24,Phở bò tái,39000,60,16000,7,5,2,pickup,11:15,80000,115000,0.714,Công nhân,Phở,Phường An Phú
L10405,R106,2026-06-24,Phở bò viên,47000,60,19000,6,4,2,pickup,11:30,76000,112000,0.667,Công nhân,Phở,Phường An Phú
L10406,R106,2026-06-24,Phở bò chín,37000,57,16000,8,7,1,pickup,11:45,112000,147000,0.875,Công nhân,Phở,Phường An Phú
L10407,R107,2026-06-24,Hủ tiếu bò kho,46000,42,27000,16,9,7,delivery,09:45,243000,171000,0.562,Dân cư đông,Hủ tiếu,Phường Gò Vấp
L10408,R108,2026-06-24,Cơm tấm sườn trứng,43000,45,24000,4,2,2,delivery,16:30,48000,38000,0.5,Sinh viên,Cơm tấm,Phường Thủ Đức
L10409,R108,2026-06-24,Cơm tấm sườn bì chả,42000,51,21000,3,2,1,delivery,16:00,42000,42000,0.667,Sinh viên,Cơm tấm,Phường Thủ Đức
L10410,R108,2026-06-24,Cơm tấm bì,47000,46,25000,3,1,2,delivery,16:15,25000,22000,0.333,Sinh viên,Cơm tấm,Phường Thủ Đức
L10411,R108,2026-06-24,Cơm tấm sườn nướng,46000,54,21000,4,3,1,delivery,16:15,63000,75000,0.75,Sinh viên,Cơm tấm,Phường Thủ Đức
L10412,R109,2026-06-24,Hủ tiếu sa tế,60000,60,24000,1,0,1,pickup,11:00,0,0,0.0,Trung tâm,Hủ tiếu,Phường Sài Gòn
L10413,R109,2026-06-24,Hủ tiếu Nam Vang,54000,57,23000,1,0,1,delivery,11:15,0,0,0.0,Trung tâm,Hủ tiếu,Phường Sài Gòn
L10414,R109,2026-06-24,Hủ tiếu mì,51000,56,22000,1,0,1,pickup,11:15,0,0,0.0,Trung tâm,Hủ tiếu,Phường Sài Gòn
L10415,R110,2026-06-24,Phở bò tái nạm,44000,60,18000,4,2,2,delivery,10:00,36000,52000,0.5,Sinh viên,Phở,Phường Hiệp Bình
L10416,R110,2026-06-24,Phở bò tái,39000,56,17000,4,2,2,pickup,10:00,34000,44000,0.5,Sinh viên,Phở,Phường Hiệp Bình
L10417,R111,2026-06-24,Bánh mì chả lụa,17000,47,9000,5,3,2,delivery,09:30,27000,24000,0.6,Sinh viên,Bánh mì,Phường Long Bình
L10418,R112,2026-06-24,Hủ tiếu thập cẩm,46000,47,24000,1,0,1,delivery,11:15,0,0,0.0,Dân cư đông,Hủ tiếu,Phường Gò Vấp
L10419,R112,2026-06-24,Hủ tiếu mì,41000,55,18000,1,0,1,delivery,11:00,0,0,0.0,Dân cư đông,Hủ tiếu,Phường Gò Vấp
L10420,R112,2026-06-24,Hủ tiếu Nam Vang,56000,52,27000,1,0,1,delivery,11:30,0,0,0.0,Dân cư đông,Hủ tiếu,Phường Gò Vấp
L10421,R112,2026-06-24,Hủ tiếu sa tế,43000,53,20000,1,0,1,pickup,11:00,0,0,0.0,Dân cư đông,Hủ tiếu,Phường Gò Vấp
L10422,R112,2026-06-24,Hủ tiếu bò kho,43000,54,20000,1,0,1,pickup,11:45,0,0,0.0,Dân cư đông,Hủ tiếu,Phường Gò Vấp
L10423,R113,2026-06-24,Bánh mì thịt nguội,17000,53,8000,1,0,1,delivery,10:45,0,0,0.0,Dân cư đông,Bánh mì,Phường Tân Hòa
L10424,R113,2026-06-24,Bánh mì gà,22000,49,11000,1,0,1,delivery,10:30,0,0,0.0,Dân cư đông,Bánh mì,Phường Tân Hòa
L10425,R113,2026-06-24,Bánh mì trứng,19000,52,9000,1,0,1,delivery,10:30,0,0,0.0,Dân cư đông,Bánh mì,Phường Tân Hòa
L10426,R113,2026-06-24,Bánh mì chả lụa,22000,50,11000,1,0,1,delivery,10:15,0,0,0.0,Dân cư đông,Bánh mì,Phường Tân Hòa
L10427,R113,2026-06-24,Bánh mì xíu mại,18000,49,9000,1,0,1,delivery,10:00,0,0,0.0,Dân cư đông,Bánh mì,Phường Tân Hòa
L10428,R114,2026-06-24,Cơm thịt kho trứng,35000,41,21000,1,0,1,delivery,10:30,0,0,0.0,Công nhân,Cơm văn phòng,Phường Bình Hòa
L10429,R114,2026-06-24,Cơm canh chua,36000,40,22000,1,0,1,delivery,10:30,0,0,0.0,Công nhân,Cơm văn phòng,Phường Bình Hòa
L10430,R114,2026-06-24,Cơm gà luộc,32000,37,20000,1,0,1,delivery,10:45,0,0,0.0,Công nhân,Cơm văn phòng,Phường Bình Hòa
L10431,R114,2026-06-24,Cơm gà xối mỡ,41000,43,23000,1,0,1,delivery,10:00,0,0,0.0,Công nhân,Cơm văn phòng,Phường Bình Hòa
L10432,R115,2026-06-24,Cơm tấm bì,34000,44,19000,1,0,1,delivery,14:00,0,0,0.0,Dân cư đông,Cơm tấm,Phường Khánh Hội
L10433,R115,2026-06-24,Cơm tấm sườn bì chả,30000,48,16000,1,0,1,pickup,14:45,0,0,0.0,Dân cư đông,Cơm tấm,Phường Khánh Hội
L10434,R116,2026-06-24,Cơm canh chua,29000,41,17000,2,1,1,pickup,20:45,17000,12000,0.5,Dân cư đông,Cơm văn phòng,Phường Bình Lợi Trung
L10435,R116,2026-06-24,Cơm thịt kho trứng,32000,44,18000,2,1,1,delivery,20:45,18000,14000,0.5,Dân cư đông,Cơm văn phòng,Phường Bình Lợi Trung
L10436,R117,2026-06-24,Bánh mì trứng,27000,35,18000,1,0,1,delivery,09:45,0,0,0.0,Sinh viên,Bánh mì,Phường Hiệp Bình
L10437,R117,2026-06-24,Bánh mì xíu mại,22000,42,13000,1,0,1,delivery,09:30,0,0,0.0,Sinh viên,Bánh mì,Phường Hiệp Bình
L10438,R117,2026-06-24,Bánh mì chả lụa,25000,40,15000,1,0,1,delivery,09:15,0,0,0.0,Sinh viên,Bánh mì,Phường Hiệp Bình
L10439,R118,2026-06-24,Bánh mì xíu mại,23000,30,16000,3,1,2,pickup,10:45,16000,7000,0.333,Dân cư đông,Bánh mì,Phường Gò Vấp
L10440,R118,2026-06-24,Bánh mì chả lụa,31000,33,21000,3,0,3,pickup,10:30,0,0,0.0,Dân cư đông,Bánh mì,Phường Gò Vấp
L10441,R118,2026-06-24,Bánh mì trứng,20000,36,13000,3,1,2,pickup,10:45,13000,7000,0.333,Dân cư đông,Bánh mì,Phường Gò Vấp
L10442,R119,2026-06-24,Bún bò thập cẩm,50000,54,23000,7,4,3,pickup,14:30,92000,108000,0.571,Công nhân,Bún bò,Phường Đông Hòa
L10443,R120,2026-06-24,Bún bò gân,39000,51,19000,1,0,1,pickup,11:30,0,0,0.0,Dân cư đông,Bún bò,Phường Hạnh Thông
L10444,R120,2026-06-24,Bún bò giò heo,59000,60,24000,2,1,1,pickup,11:30,24000,35000,0.5,Dân cư đông,Bún bò,Phường Hạnh Thông
L10445,R120,2026-06-24,Bún bò Huế đặc biệt,43000,54,20000,1,0,1,pickup,11:00,0,0,0.0,Dân cư đông,Bún bò,Phường Hạnh Thông
L10446,R120,2026-06-24,Bún bò viên,45000,57,19000,1,0,1,pickup,11:45,0,0,0.0,Dân cư đông,Bún bò,Phường Hạnh Thông
L10447,R120,2026-06-24,Bún bò thập cẩm,53000,57,23000,2,1,1,pickup,11:45,23000,30000,0.5,Dân cư đông,Bún bò,Phường Hạnh Thông
L10448,R121,2026-06-24,Cơm thịt kho trứng,28000,37,18000,1,0,1,pickup,12:00,0,0,0.0,Dân cư đông,Cơm văn phòng,Phường Gò Vấp
L10449,R121,2026-06-24,Cơm gà luộc,43000,42,25000,1,0,1,pickup,12:00,0,0,0.0,Dân cư đông,Cơm văn phòng,Phường Gò Vấp
L10450,R121,2026-06-24,Cơm gà xối mỡ,37000,34,24000,1,0,1,pickup,12:15,0,0,0.0,Dân cư đông,Cơm văn phòng,Phường Gò Vấp
L10451,R121,2026-06-24,Cơm canh chua,36000,37,23000,1,0,1,pickup,12:15,0,0,0.0,Dân cư đông,Cơm văn phòng,Phường Gò Vấp
L10452,R121,2026-06-24,Cơm sườn đậu hũ,44000,43,25000,1,0,1,pickup,12:45,0,0,0.0,Dân cư đông,Cơm văn phòng,Phường Gò Vấp
L10453,R122,2026-06-24,Bún riêu cua đồng,47000,51,23000,7,5,2,pickup,09:45,115000,120000,0.714,Sinh viên,Bún riêu,Phường Linh Xuân
L10454,R123,2026-06-24,Cơm gà xối mỡ,37000,52,18000,14,10,4,pickup,16:00,180000,190000,0.714,Sinh viên,Cơm văn phòng,Phường Bình Trưng
L10455,R124,2026-06-24,Bún bò thập cẩm,57000,37,36000,3,1,2,delivery,15:00,36000,21000,0.333,Sinh viên,Bún bò,Phường Cát Lái
L10456,R124,2026-06-24,Bún bò Huế đặc biệt,41000,32,28000,3,1,2,delivery,15:15,28000,13000,0.333,Sinh viên,Bún bò,Phường Cát Lái
L10457,R124,2026-06-24,Bún bò giò heo,45000,30,31000,3,1,2,pickup,15:30,31000,14000,0.333,Sinh viên,Bún bò,Phường Cát Lái
L10458,R124,2026-06-24,Bún bò gân,62000,33,42000,2,0,2,delivery,15:45,0,0,0.0,Sinh viên,Bún bò,Phường Cát Lái
L10459,R124,2026-06-24,Bún bò viên,57000,30,40000,3,0,3,delivery,15:30,0,0,0.0,Sinh viên,Bún bò,Phường Cát Lái
L10460,R125,2026-06-24,Bánh mì xíu mại,19000,57,8000,3,2,1,delivery,15:15,16000,22000,0.667,Công nhân,Bánh mì,Phường Lái Thiêu
L10461,R125,2026-06-24,Bánh mì thịt nguội,21000,52,10000,2,1,1,delivery,15:45,10000,11000,0.5,Công nhân,Bánh mì,Phường Lái Thiêu
L10462,R126,2026-06-24,Phở bò viên,56000,31,39000,3,1,2,delivery,11:15,39000,17000,0.333,Dân cư đông,Phở,Phường Gò Vấp
L10463,R126,2026-06-24,Phở bò chín,50000,36,32000,2,1,1,delivery,11:45,32000,18000,0.5,Dân cư đông,Phở,Phường Gò Vấp
L10464,R126,2026-06-24,Phở gà,44000,40,26000,2,1,1,delivery,11:00,26000,18000,0.5,Dân cư đông,Phở,Phường Gò Vấp
L10465,R126,2026-06-24,Phở bò tái nạm,38000,31,26000,3,1,2,delivery,11:30,26000,12000,0.333,Dân cư đông,Phở,Phường Gò Vấp
L10466,R126,2026-06-24,Phở bò tái,45000,33,30000,2,0,2,delivery,11:00,0,0,0.0,Dân cư đông,Phở,Phường Gò Vấp
L10467,R127,2026-06-24,Cơm sườn đậu hũ,30000,35,20000,3,1,2,delivery,18:30,20000,10000,0.333,Dân cư đông,Cơm văn phòng,Phường Tân Sơn Nhất
L10468,R127,2026-06-24,Cơm canh chua,35000,39,21000,2,1,1,delivery,18:45,21000,14000,0.5,Dân cư đông,Cơm văn phòng,Phường Tân Sơn Nhất
L10469,R127,2026-06-24,Cơm gà xối mỡ,36000,36,23000,2,1,1,delivery,18:15,23000,13000,0.5,Dân cư đông,Cơm văn phòng,Phường Tân Sơn Nhất
L10470,R127,2026-06-24,Cơm gà luộc,39000,34,26000,3,1,2,delivery,18:30,26000,13000,0.333,Dân cư đông,Cơm văn phòng,Phường Tân Sơn Nhất
L10471,R127,2026-06-24,Cơm thịt kho trứng,53000,32,36000,2,0,2,delivery,18:00,0,0,0.0,Dân cư đông,Cơm văn phòng,Phường Tân Sơn Nhất
L10472,R128,2026-06-24,Bánh mì chả lụa,22000,31,15000,3,1,2,delivery,18:45,15000,7000,0.333,Trung tâm,Bánh mì,Phường Đức Nhuận
L10473,R128,2026-06-24,Bánh mì trứng,19000,31,13000,4,2,2,pickup,18:15,26000,12000,0.5,Trung tâm,Bánh mì,Phường Đức Nhuận
L10474,R129,2026-06-24,Phở gà,51000,47,27000,2,1,1,pickup,11:30,27000,24000,0.5,Công nhân,Phở,Phường Dĩ An
L10475,R129,2026-06-24,Phở bò chín,55000,49,28000,2,1,1,pickup,11:45,28000,27000,0.5,Công nhân,Phở,Phường Dĩ An
L10476,R129,2026-06-24,Phở bò tái nạm,38000,49,19000,2,1,1,pickup,11:00,19000,19000,0.5,Công nhân,Phở,Phường Dĩ An
L10477,R130,2026-06-24,Phở gà,43000,43,25000,3,1,2,delivery,10:30,25000,18000,0.333,Công nhân,Phở,Phường Lái Thiêu
L10478,R130,2026-06-24,Phở bò chín,51000,45,28000,3,1,2,delivery,10:15,28000,23000,0.333,Công nhân,Phở,Phường Lái Thiêu
L10479,R130,2026-06-24,Phở bò viên,49000,39,30000,4,2,2,delivery,10:00,60000,38000,0.5,Công nhân,Phở,Phường Lái Thiêu
L10480,R130,2026-06-24,Phở bò tái,51000,46,28000,4,2,2,delivery,10:15,56000,46000,0.5,Công nhân,Phở,Phường Lái Thiêu
L10481,R131,2026-06-24,Bún bò thập cẩm,45000,56,20000,1,0,1,pickup,20:30,0,0,0.0,Sinh viên,Bún bò,Phường Phước Long
L10482,R131,2026-06-24,Bún bò gân,48000,48,25000,1,0,1,pickup,20:00,0,0,0.0,Sinh viên,Bún bò,Phường Phước Long
L10483,R131,2026-06-24,Bún bò giò heo,45000,57,19000,1,0,1,delivery,20:15,0,0,0.0,Sinh viên,Bún bò,Phường Phước Long
L10484,R131,2026-06-24,Bún bò viên,40000,51,20000,1,0,1,pickup,20:30,0,0,0.0,Sinh viên,Bún bò,Phường Phước Long
L10485,R132,2026-06-24,Cơm canh chua,34000,41,20000,4,2,2,delivery,09:15,40000,28000,0.5,Sinh viên,Cơm văn phòng,Phường Linh Xuân
L10486,R132,2026-06-24,Cơm thịt kho trứng,46000,42,27000,5,3,2,pickup,09:15,81000,57000,0.6,Sinh viên,Cơm văn phòng,Phường Linh Xuân
L10487,R132,2026-06-24,Cơm gà luộc,34000,42,20000,4,2,2,delivery,09:30,40000,28000,0.5,Sinh viên,Cơm văn phòng,Phường Linh Xuân
L10488,R133,2026-06-24,Hủ tiếu thập cẩm,50000,36,32000,12,5,7,delivery,15:45,160000,90000,0.417,Sinh viên,Hủ tiếu,Phường Cát Lái
L10489,R134,2026-06-24,Cơm tấm sườn trứng,45000,30,31000,1,0,1,delivery,15:00,0,0,0.0,Dân cư đông,Cơm tấm,Phường An Nhơn
L10490,R134,2026-06-24,Cơm tấm bì,35000,34,23000,1,0,1,pickup,15:15,0,0,0.0,Dân cư đông,Cơm tấm,Phường An Nhơn
L10491,R134,2026-06-24,Cơm tấm sườn bì chả,35000,30,24000,1,0,1,pickup,15:00,0,0,0.0,Dân cư đông,Cơm tấm,Phường An Nhơn
L10492,R135,2026-06-24,Bún bò thập cẩm,50000,46,27000,5,3,2,pickup,20:15,81000,69000,0.6,Sinh viên,Bún bò,Phường Cát Lái
L10493,R135,2026-06-24,Bún bò viên,39000,51,19000,6,3,3,pickup,20:45,57000,60000,0.5,Sinh viên,Bún bò,Phường Cát Lái
L10494,R135,2026-06-24,Bún bò Huế đặc biệt,43000,52,21000,6,4,2,pickup,20:45,84000,88000,0.667,Sinh viên,Bún bò,Phường Cát Lái
L10495,R136,2026-06-24,Bún bò viên,45000,54,21000,7,6,1,delivery,10:15,126000,144000,0.857,Công nhân,Bún bò,Phường Đông Hòa
L10496,R136,2026-06-24,Bún bò giò heo,53000,50,26000,8,7,1,delivery,10:45,182000,189000,0.875,Công nhân,Bún bò,Phường Đông Hòa
L10497,R136,2026-06-24,Bún bò thập cẩm,54000,53,25000,7,6,1,delivery,10:00,150000,174000,0.857,Công nhân,Bún bò,Phường Đông Hòa
L10498,R137,2026-06-24,Hủ tiếu sa tế,55000,50,28000,1,0,1,delivery,15:45,0,0,0.0,Dân cư đông,Hủ tiếu,Phường Tân Sơn Nhất
L10499,R137,2026-06-24,Hủ tiếu bò kho,50000,46,27000,1,0,1,delivery,15:15,0,0,0.0,Dân cư đông,Hủ tiếu,Phường Tân Sơn Nhất
L10500,R137,2026-06-24,Hủ tiếu mì,41000,46,22000,1,0,1,delivery,15:45,0,0,0.0,Dân cư đông,Hủ tiếu,Phường Tân Sơn Nhất
L10501,R137,2026-06-24,Hủ tiếu Nam Vang,42000,46,23000,1,0,1,delivery,15:45,0,0,0.0,Dân cư đông,Hủ tiếu,Phường Tân Sơn Nhất
L10502,R137,2026-06-24,Hủ tiếu thập cẩm,43000,46,23000,1,0,1,delivery,15:30,0,0,0.0,Dân cư đông,Hủ tiếu,Phường Tân Sơn Nhất
L10503,R138,2026-06-24,Cơm tấm đặc biệt,29000,59,12000,1,0,1,delivery,16:45,0,0,0.0,Công nhân,Cơm tấm,Phường Đông Hòa
L10504,R138,2026-06-24,Cơm tấm sườn trứng,31000,58,13000,1,0,1,delivery,16:45,0,0,0.0,Công nhân,Cơm tấm,Phường Đông Hòa
L10505,R138,2026-06-24,Cơm tấm bì,30000,54,14000,1,0,1,delivery,16:00,0,0,0.0,Công nhân,Cơm tấm,Phường Đông Hòa
L10506,R138,2026-06-24,Cơm tấm sườn nướng,34000,56,15000,1,0,1,delivery,16:15,0,0,0.0,Công nhân,Cơm tấm,Phường Đông Hòa
L10507,R139,2026-06-24,Bánh mì xíu mại,20000,52,10000,3,2,1,delivery,09:45,20000,20000,0.667,Ngoại ô,Bánh mì,Xã Bà Điểm
L10508,R139,2026-06-24,Bánh mì trứng,30000,59,12000,3,1,2,delivery,09:45,12000,18000,0.333,Ngoại ô,Bánh mì,Xã Bà Điểm
L10509,R139,2026-06-24,Bánh mì chả lụa,29000,60,12000,3,2,1,delivery,09:45,24000,34000,0.667,Ngoại ô,Bánh mì,Xã Bà Điểm
L10510,R140,2026-06-24,Bún riêu cua đồng,41000,37,26000,5,1,4,delivery,17:45,26000,15000,0.2,Ngoại ô,Bún riêu,Xã Hiệp Phước
L10511,R140,2026-06-24,Bún riêu cua,38000,40,23000,6,3,3,delivery,17:00,69000,45000,0.5,Ngoại ô,Bún riêu,Xã Hiệp Phước
L10512,R141,2026-06-24,Cơm canh chua,49000,35,32000,3,1,2,delivery,15:00,32000,17000,0.333,Sinh viên,Cơm văn phòng,Phường Long Bình
L10513,R141,2026-06-24,Cơm sườn đậu hũ,44000,32,30000,2,0,2,delivery,15:45,0,0,0.0,Sinh viên,Cơm văn phòng,Phường Long Bình
L10514,R142,2026-06-24,Bún riêu cua đồng,50000,52,24000,4,3,1,pickup,11:15,72000,78000,0.75,Công nhân,Bún riêu,Phường Thuận An
L10515,R142,2026-06-24,Bún riêu thập cẩm,47000,43,27000,5,3,2,pickup,11:45,81000,60000,0.6,Công nhân,Bún riêu,Phường Thuận An
L10516,R142,2026-06-24,Bún riêu cua mọc,43000,42,25000,4,2,2,pickup,11:45,50000,36000,0.5,Công nhân,Bún riêu,Phường Thuận An
L10517,R142,2026-06-24,Bún riêu cua,43000,45,24000,5,3,2,pickup,11:00,72000,57000,0.6,Công nhân,Bún riêu,Phường Thuận An
L10518,R143,2026-06-24,Bánh mì chả lụa,24000,51,12000,3,2,1,delivery,16:15,24000,24000,0.667,Sinh viên,Bánh mì,Phường Cát Lái
L10519,R143,2026-06-24,Bánh mì xíu mại,19000,47,10000,2,1,1,delivery,16:15,10000,9000,0.5,Sinh viên,Bánh mì,Phường Cát Lái
L10520,R143,2026-06-24,Bánh mì thịt nguội,23000,51,11000,3,2,1,delivery,16:00,22000,24000,0.667,Sinh viên,Bánh mì,Phường Cát Lái
L10521,R143,2026-06-24,Bánh mì trứng,28000,44,16000,2,1,1,pickup,16:30,16000,12000,0.5,Sinh viên,Bánh mì,Phường Cát Lái
L10522,R144,2026-06-24,Bún bò Huế đặc biệt,56000,58,24000,3,2,1,pickup,15:00,48000,64000,0.667,Sinh viên,Bún bò,Phường Phước Long
L10523,R144,2026-06-24,Bún bò thập cẩm,52000,60,21000,3,2,1,pickup,15:45,42000,62000,0.667,Sinh viên,Bún bò,Phường Phước Long
L10524,R144,2026-06-24,Bún bò gân,58000,60,23000,4,3,1,pickup,15:00,69000,105000,0.75,Sinh viên,Bún bò,Phường Phước Long
L10525,R145,2026-06-24,Cơm tấm bì,33000,48,17000,2,1,1,pickup,19:45,17000,16000,0.5,Trung tâm,Cơm tấm,Phường Phú Nhuận
L10526,R145,2026-06-24,Cơm tấm sườn nướng,34000,41,20000,1,0,1,pickup,19:45,0,0,0.0,Trung tâm,Cơm tấm,Phường Phú Nhuận
L10527,R145,2026-06-24,Cơm tấm đặc biệt,26000,44,15000,1,0,1,delivery,19:45,0,0,0.0,Trung tâm,Cơm tấm,Phường Phú Nhuận
L10528,R145,2026-06-24,Cơm tấm sườn bì chả,31000,47,16000,2,1,1,delivery,19:30,16000,15000,0.5,Trung tâm,Cơm tấm,Phường Phú Nhuận
L10529,R146,2026-06-24,Bún bò Huế đặc biệt,43000,48,22000,3,2,1,pickup,16:30,44000,42000,0.667,Công nhân,Bún bò,Phường Tân Đông Hiệp
L10530,R146,2026-06-24,Bún bò viên,48000,49,24000,2,1,1,pickup,16:00,24000,24000,0.5,Công nhân,Bún bò,Phường Tân Đông Hiệp
L10531,R146,2026-06-24,Bún bò gân,49000,57,21000,2,1,1,delivery,16:15,21000,28000,0.5,Công nhân,Bún bò,Phường Tân Đông Hiệp
L10532,R147,2026-06-24,Phở bò tái nạm,44000,35,29000,4,1,3,delivery,14:00,29000,15000,0.25,Công nhân,Phở,Phường Dĩ An
L10533,R147,2026-06-24,Phở bò viên,45000,31,31000,4,2,2,pickup,14:30,62000,28000,0.5,Công nhân,Phở,Phường Dĩ An
L10534,R148,2026-06-24,Bún bò viên,64000,33,43000,3,1,2,delivery,17:30,43000,21000,0.333,Trung tâm,Bún bò,Phường Cầu Kiệu
L10535,R148,2026-06-24,Bún bò giò heo,52000,30,36000,4,1,3,delivery,17:00,36000,16000,0.25,Trung tâm,Bún bò,Phường Cầu Kiệu
L10536,R149,2026-06-24,Bún bò viên,36000,40,22000,14,9,5,delivery,13:45,198000,126000,0.643,Sinh viên,Bún bò,Phường An Khánh
L10537,R000,2026-06-25,Bún bò gân,59000,39,36000,8,3,5,delivery,18:45,108000,69000,0.375,Công nhân,Bún bò,Phường Đông Hòa
L10538,R000,2026-06-25,Bún bò giò heo,45000,32,31000,8,3,5,delivery,18:00,93000,42000,0.375,Công nhân,Bún bò,Phường Đông Hòa
L10539,R000,2026-06-25,Bún bò viên,55000,37,35000,7,2,5,pickup,18:00,70000,40000,0.286,Công nhân,Bún bò,Phường Đông Hòa
L10540,R001,2026-06-25,Cơm tấm sườn bì chả,40000,43,23000,1,0,1,pickup,19:00,0,0,0.0,Ngoại ô,Cơm tấm,Xã Bình Chánh
L10541,R001,2026-06-25,Cơm tấm sườn trứng,43000,36,28000,1,0,1,pickup,19:00,0,0,0.0,Ngoại ô,Cơm tấm,Xã Bình Chánh
L10542,R001,2026-06-25,Cơm tấm đặc biệt,42000,39,26000,2,1,1,pickup,19:30,26000,16000,0.5,Ngoại ô,Cơm tấm,Xã Bình Chánh
L10543,R002,2026-06-25,Hủ tiếu thập cẩm,47000,42,27000,3,1,2,delivery,20:00,27000,20000,0.333,Dân cư đông,Hủ tiếu,Phường An Nhơn
L10544,R002,2026-06-25,Hủ tiếu sa tế,53000,36,34000,3,1,2,delivery,20:30,34000,19000,0.333,Dân cư đông,Hủ tiếu,Phường An Nhơn
L10545,R002,2026-06-25,Hủ tiếu Nam Vang,43000,41,25000,3,2,1,pickup,20:30,50000,36000,0.667,Dân cư đông,Hủ tiếu,Phường An Nhơn
L10546,R002,2026-06-25,Hủ tiếu mì,41000,35,27000,3,0,3,pickup,20:30,0,0,0.0,Dân cư đông,Hủ tiếu,Phường An Nhơn
L10547,R002,2026-06-25,Hủ tiếu bò kho,48000,38,30000,3,1,2,pickup,20:45,30000,18000,0.333,Dân cư đông,Hủ tiếu,Phường An Nhơn
L10548,R003,2026-06-25,Phở gà,57000,58,24000,7,6,1,pickup,18:00,144000,198000,0.857,Công nhân,Phở,Phường Bình Hòa
L10549,R003,2026-06-25,Phở bò viên,59000,58,25000,6,5,1,delivery,18:15,125000,170000,0.833,Công nhân,Phở,Phường Bình Hòa
L10550,R003,2026-06-25,Phở bò chín,53000,51,26000,7,6,1,delivery,18:30,156000,162000,0.857,Công nhân,Phở,Phường Bình Hòa
L10551,R003,2026-06-25,Phở bò tái,54000,56,24000,6,4,2,pickup,18:45,96000,120000,0.667,Công nhân,Phở,Phường Bình Hòa
L10552,R004,2026-06-25,Hủ tiếu thập cẩm,51000,51,25000,1,0,1,delivery,16:30,0,0,0.0,Sinh viên,Hủ tiếu,Phường Cát Lái
L10553,R004,2026-06-25,Hủ tiếu Nam Vang,39000,55,18000,1,0,1,delivery,16:00,0,0,0.0,Sinh viên,Hủ tiếu,Phường Cát Lái
L10554,R004,2026-06-25,Hủ tiếu mì,45000,55,20000,1,0,1,delivery,16:00,0,0,0.0,Sinh viên,Hủ tiếu,Phường Cát Lái
L10555,R004,2026-06-25,Hủ tiếu bò kho,42000,49,21000,1,0,1,pickup,16:30,0,0,0.0,Sinh viên,Hủ tiếu,Phường Cát Lái
L10556,R005,2026-06-25,Hủ tiếu thập cẩm,49000,48,25000,3,1,2,pickup,10:15,25000,24000,0.333,Sinh viên,Hủ tiếu,Phường Long Bình
L10557,R005,2026-06-25,Hủ tiếu sa tế,51000,49,26000,4,2,2,pickup,10:15,52000,50000,0.5,Sinh viên,Hủ tiếu,Phường Long Bình
L10558,R005,2026-06-25,Hủ tiếu mì,57000,48,30000,3,1,2,pickup,10:15,30000,27000,0.333,Sinh viên,Hủ tiếu,Phường Long Bình
L10559,R005,2026-06-25,Hủ tiếu Nam Vang,44000,51,22000,3,2,1,pickup,10:15,44000,44000,0.667,Sinh viên,Hủ tiếu,Phường Long Bình
L10560,R006,2026-06-25,Bún bò Huế đặc biệt,37000,39,23000,2,1,1,delivery,17:00,23000,14000,0.5,Trung tâm,Bún bò,Phường Nhiêu Lộc
L10561,R006,2026-06-25,Bún bò gân,44000,38,27000,2,1,1,delivery,17:30,27000,17000,0.5,Trung tâm,Bún bò,Phường Nhiêu Lộc
L10562,R006,2026-06-25,Bún bò viên,51000,45,28000,1,0,1,delivery,17:30,0,0,0.0,Trung tâm,Bún bò,Phường Nhiêu Lộc
L10563,R006,2026-06-25,Bún bò thập cẩm,62000,43,35000,1,0,1,delivery,17:00,0,0,0.0,Trung tâm,Bún bò,Phường Nhiêu Lộc
L10564,R007,2026-06-25,Phở gà,38000,35,25000,23,9,14,pickup,09:30,225000,117000,0.391,Dân cư đông,Phở,Phường An Hội Đông
L10565,R008,2026-06-25,Hủ tiếu thập cẩm,58000,46,31000,5,3,2,pickup,16:45,93000,81000,0.6,Công nhân,Hủ tiếu,Phường Thuận An
L10566,R008,2026-06-25,Hủ tiếu mì,44000,41,26000,5,3,2,delivery,16:45,78000,54000,0.6,Công nhân,Hủ tiếu,Phường Thuận An
L10567,R008,2026-06-25,Hủ tiếu Nam Vang,36000,42,21000,4,2,2,delivery,16:15,42000,30000,0.5,Công nhân,Hủ tiếu,Phường Thuận An
L10568,R009,2026-06-25,Cơm tấm sườn bì chả,30000,48,16000,4,2,2,pickup,20:30,32000,28000,0.5,Dân cư đông,Cơm tấm,Phường Tân Bình
L10569,R009,2026-06-25,Cơm tấm sườn nướng,39000,54,18000,5,3,2,pickup,20:00,54000,63000,0.6,Dân cư đông,Cơm tấm,Phường Tân Bình
L10570,R009,2026-06-25,Cơm tấm sườn trứng,33000,58,14000,4,3,1,pickup,20:30,42000,57000,0.75,Dân cư đông,Cơm tấm,Phường Tân Bình
L10571,R010,2026-06-25,Cơm tấm sườn trứng,33000,44,18000,1,0,1,delivery,19:30,0,0,0.0,Trung tâm,Cơm tấm,Phường Đức Nhuận
L10572,R010,2026-06-25,Cơm tấm sườn nướng,38000,44,21000,1,0,1,pickup,19:30,0,0,0.0,Trung tâm,Cơm tấm,Phường Đức Nhuận
L10573,R010,2026-06-25,Cơm tấm sườn bì chả,48000,42,28000,1,0,1,delivery,19:15,0,0,0.0,Trung tâm,Cơm tấm,Phường Đức Nhuận
L10574,R011,2026-06-25,Bánh mì xíu mại,27000,30,19000,5,2,3,pickup,20:30,38000,16000,0.4,Ngoại ô,Bánh mì,Xã Hiệp Phước
L10575,R012,2026-06-25,Phở bò chín,51000,60,20000,2,1,1,delivery,20:00,20000,31000,0.5,Dân cư đông,Phở,Phường Khánh Hội
L10576,R012,2026-06-25,Phở bò tái,42000,60,17000,2,1,1,delivery,20:30,17000,25000,0.5,Dân cư đông,Phở,Phường Khánh Hội
L10577,R013,2026-06-25,Phở bò viên,43000,48,22000,3,2,1,delivery,12:30,44000,42000,0.667,Sinh viên,Phở,Phường Long Bình
L10578,R013,2026-06-25,Phở bò chín,51000,53,24000,4,3,1,pickup,12:15,72000,81000,0.75,Sinh viên,Phở,Phường Long Bình
L10579,R013,2026-06-25,Phở bò tái,52000,46,28000,3,2,1,delivery,12:45,56000,48000,0.667,Sinh viên,Phở,Phường Long Bình
L10580,R013,2026-06-25,Phở gà,45000,53,21000,3,2,1,delivery,12:00,42000,48000,0.667,Sinh viên,Phở,Phường Long Bình
L10581,R013,2026-06-25,Phở bò tái nạm,47000,49,24000,4,3,1,delivery,12:00,72000,69000,0.75,Sinh viên,Phở,Phường Long Bình
L10582,R014,2026-06-25,Bánh mì chả lụa,30000,52,14000,1,0,1,delivery,12:15,0,0,0.0,Sinh viên,Bánh mì,Phường An Khánh
L10583,R014,2026-06-25,Bánh mì thịt nguội,18000,57,8000,1,0,1,pickup,12:00,0,0,0.0,Sinh viên,Bánh mì,Phường An Khánh
L10584,R015,2026-06-25,Hủ tiếu sa tế,59000,39,36000,6,2,4,delivery,13:45,72000,46000,0.333,Sinh viên,Hủ tiếu,Phường Hiệp Bình
L10585,R015,2026-06-25,Hủ tiếu mì,51000,37,32000,5,1,4,delivery,13:30,32000,19000,0.2,Sinh viên,Hủ tiếu,Phường Hiệp Bình
L10586,R015,2026-06-25,Hủ tiếu thập cẩm,51000,46,28000,6,3,3,pickup,13:30,84000,69000,0.5,Sinh viên,Hủ tiếu,Phường Hiệp Bình
L10587,R016,2026-06-25,Phở bò chín,46000,43,26000,3,2,1,delivery,16:15,52000,40000,0.667,Sinh viên,Phở,Phường Tăng Nhơn Phú
L10588,R016,2026-06-25,Phở gà,56000,47,30000,4,3,1,pickup,16:30,90000,78000,0.75,Sinh viên,Phở,Phường Tăng Nhơn Phú
L10589,R016,2026-06-25,Phở bò tái,54000,48,28000,4,2,2,delivery,16:45,56000,52000,0.5,Sinh viên,Phở,Phường Tăng Nhơn Phú
L10590,R017,2026-06-25,Cơm tấm sườn bì chả,35000,30,24000,16,5,11,delivery,13:15,120000,55000,0.312,Công nhân,Cơm tấm,Phường Dĩ An
L10591,R018,2026-06-25,Cơm tấm sườn nướng,29000,49,15000,2,1,1,delivery,16:15,15000,14000,0.5,Công nhân,Cơm tấm,Phường Lái Thiêu
L10592,R019,2026-06-25,Bún bò gân,44000,37,28000,7,4,3,delivery,18:00,112000,64000,0.571,Sinh viên,Bún bò,Phường Long Bình
L10593,R019,2026-06-25,Bún bò viên,59000,37,37000,7,3,4,pickup,18:00,111000,66000,0.429,Sinh viên,Bún bò,Phường Long Bình
L10594,R020,2026-06-25,Phở bò tái nạm,55000,38,34000,1,0,1,delivery,09:45,0,0,0.0,Công nhân,Phở,Phường Đông Hòa
L10595,R020,2026-06-25,Phở bò tái,44000,44,25000,1,0,1,delivery,09:45,0,0,0.0,Công nhân,Phở,Phường Đông Hòa
L10596,R020,2026-06-25,Phở bò viên,45000,40,27000,1,0,1,delivery,09:15,0,0,0.0,Công nhân,Phở,Phường Đông Hòa
L10597,R020,2026-06-25,Phở bò chín,58000,35,38000,2,0,2,delivery,09:15,0,0,0.0,Công nhân,Phở,Phường Đông Hòa
L10598,R021,2026-06-25,Hủ tiếu thập cẩm,43000,46,23000,2,1,1,pickup,20:15,23000,20000,0.5,Sinh viên,Hủ tiếu,Phường Bình Trưng
L10599,R021,2026-06-25,Hủ tiếu Nam Vang,47000,36,30000,2,1,1,pickup,20:30,30000,17000,0.5,Sinh viên,Hủ tiếu,Phường Bình Trưng
L10600,R022,2026-06-25,Bánh mì thịt nguội,30000,60,12000,2,1,1,delivery,18:00,12000,18000,0.5,Sinh viên,Bánh mì,Phường Long Bình
L10601,R022,2026-06-25,Bánh mì chả lụa,22000,60,9000,2,1,1,delivery,18:30,9000,13000,0.5,Sinh viên,Bánh mì,Phường Long Bình
L10602,R022,2026-06-25,Bánh mì trứng,22000,60,9000,2,1,1,delivery,18:15,9000,13000,0.5,Sinh viên,Bánh mì,Phường Long Bình
L10603,R022,2026-06-25,Bánh mì xíu mại,22000,60,9000,1,0,1,delivery,18:00,0,0,0.0,Sinh viên,Bánh mì,Phường Long Bình
L10604,R022,2026-06-25,Bánh mì gà,24000,58,10000,2,1,1,pickup,18:45,10000,14000,0.5,Sinh viên,Bánh mì,Phường Long Bình
L10605,R023,2026-06-25,Bánh mì trứng,26000,34,17000,3,1,2,pickup,17:45,17000,9000,0.333,Công nhân,Bánh mì,Phường Tân Đông Hiệp
L10606,R023,2026-06-25,Bánh mì thịt nguội,22000,32,15000,2,0,2,delivery,17:45,0,0,0.0,Công nhân,Bánh mì,Phường Tân Đông Hiệp
L10607,R024,2026-06-25,Hủ tiếu sa tế,45000,52,22000,15,11,4,pickup,14:15,242000,253000,0.733,Công nhân,Hủ tiếu,Phường An Phú
L10608,R025,2026-06-25,Cơm thịt kho trứng,48000,32,33000,2,1,1,delivery,11:15,33000,15000,0.5,Dân cư đông,Cơm văn phòng,Phường An Hội Đông
L10609,R025,2026-06-25,Cơm gà xối mỡ,31000,31,21000,1,0,1,delivery,11:15,0,0,0.0,Dân cư đông,Cơm văn phòng,Phường An Hội Đông
L10610,R025,2026-06-25,Cơm gà luộc,36000,30,25000,2,0,2,pickup,11:45,0,0,0.0,Dân cư đông,Cơm văn phòng,Phường An Hội Đông
L10611,R025,2026-06-25,Cơm canh chua,44000,34,29000,1,0,1,delivery,11:00,0,0,0.0,Dân cư đông,Cơm văn phòng,Phường An Hội Đông
L10612,R025,2026-06-25,Cơm sườn đậu hũ,35000,30,24000,2,1,1,pickup,11:30,24000,11000,0.5,Dân cư đông,Cơm văn phòng,Phường An Hội Đông
L10613,R026,2026-06-25,Bún riêu thập cẩm,52000,34,34000,3,1,2,delivery,16:00,34000,18000,0.333,Sinh viên,Bún riêu,Phường Tam Bình
L10614,R027,2026-06-25,Bún bò Huế đặc biệt,58000,30,41000,2,0,2,pickup,17:45,0,0,0.0,Công nhân,Bún bò,Phường Hòa Lợi
L10615,R028,2026-06-25,Bánh mì xíu mại,24000,58,10000,8,5,3,delivery,14:00,50000,70000,0.625,Công nhân,Bánh mì,Phường Tân Đông Hiệp
L10616,R029,2026-06-25,Phở bò tái,56000,56,25000,1,0,1,delivery,19:30,0,0,0.0,Trung tâm,Phở,Phường Bến Thành
L10617,R029,2026-06-25,Phở bò tái nạm,50000,57,22000,1,0,1,delivery,19:00,0,0,0.0,Trung tâm,Phở,Phường Bến Thành
L10618,R029,2026-06-25,Phở bò viên,42000,60,17000,1,0,1,delivery,19:15,0,0,0.0,Trung tâm,Phở,Phường Bến Thành
L10619,R029,2026-06-25,Phở gà,55000,58,23000,1,0,1,delivery,19:45,0,0,0.0,Trung tâm,Phở,Phường Bến Thành
L10620,R030,2026-06-25,Bún bò Huế đặc biệt,61000,48,32000,10,7,3,pickup,15:00,224000,203000,0.7,Công nhân,Bún bò,Phường An Phú
L10621,R030,2026-06-25,Bún bò thập cẩm,49000,52,24000,11,7,4,delivery,15:15,168000,175000,0.636,Công nhân,Bún bò,Phường An Phú
L10622,R031,2026-06-25,Phở bò tái,42000,38,26000,6,2,4,pickup,09:30,52000,32000,0.333,Sinh viên,Phở,Phường Phước Long
L10623,R031,2026-06-25,Phở bò chín,58000,45,32000,5,3,2,delivery,09:15,96000,78000,0.6,Sinh viên,Phở,Phường Phước Long
L10624,R032,2026-06-25,Cơm gà luộc,35000,43,20000,4,2,2,delivery,13:00,40000,30000,0.5,Trung tâm,Cơm văn phòng,Phường Cầu Ông Lãnh
L10625,R033,2026-06-25,Cơm tấm bì,41000,46,22000,2,1,1,pickup,13:45,22000,19000,0.5,Dân cư đông,Cơm tấm,Phường Tân Hòa
L10626,R033,2026-06-25,Cơm tấm sườn bì chả,40000,52,19000,2,1,1,pickup,13:15,19000,21000,0.5,Dân cư đông,Cơm tấm,Phường Tân Hòa
L10627,R033,2026-06-25,Cơm tấm đặc biệt,33000,50,16000,1,0,1,pickup,13:30,0,0,0.0,Dân cư đông,Cơm tấm,Phường Tân Hòa
L10628,R033,2026-06-25,Cơm tấm sườn trứng,30000,47,16000,1,0,1,pickup,13:30,0,0,0.0,Dân cư đông,Cơm tấm,Phường Tân Hòa
L10629,R033,2026-06-25,Cơm tấm sườn nướng,39000,45,21000,1,0,1,pickup,13:30,0,0,0.0,Dân cư đông,Cơm tấm,Phường Tân Hòa
L10630,R034,2026-06-25,Bún bò gân,55000,30,38000,6,2,4,pickup,18:45,76000,34000,0.333,Ngoại ô,Bún bò,Xã Bình Chánh
L10631,R034,2026-06-25,Bún bò thập cẩm,49000,35,32000,7,3,4,delivery,18:30,96000,51000,0.429,Ngoại ô,Bún bò,Xã Bình Chánh
L10632,R035,2026-06-25,Bánh mì trứng,26000,54,12000,1,0,1,delivery,12:00,0,0,0.0,Dân cư đông,Bánh mì,Phường Tân Sơn Nhất
L10633,R035,2026-06-25,Bánh mì thịt nguội,22000,60,9000,1,0,1,delivery,12:00,0,0,0.0,Dân cư đông,Bánh mì,Phường Tân Sơn Nhất
L10634,R035,2026-06-25,Bánh mì xíu mại,22000,53,10000,1,0,1,delivery,12:30,0,0,0.0,Dân cư đông,Bánh mì,Phường Tân Sơn Nhất
L10635,R035,2026-06-25,Bánh mì gà,27000,54,12000,1,0,1,delivery,12:15,0,0,0.0,Dân cư đông,Bánh mì,Phường Tân Sơn Nhất
L10636,R035,2026-06-25,Bánh mì chả lụa,33000,55,15000,1,0,1,delivery,12:15,0,0,0.0,Dân cư đông,Bánh mì,Phường Tân Sơn Nhất
L10637,R036,2026-06-25,Bún bò viên,47000,33,31000,5,1,4,delivery,14:00,31000,16000,0.2,Sinh viên,Bún bò,Phường Phước Long
L10638,R036,2026-06-25,Bún bò Huế đặc biệt,45000,37,28000,5,2,3,delivery,14:30,56000,34000,0.4,Sinh viên,Bún bò,Phường Phước Long
L10639,R036,2026-06-25,Bún bò giò heo,46000,35,30000,4,1,3,delivery,14:15,30000,16000,0.25,Sinh viên,Bún bò,Phường Phước Long
L10640,R037,2026-06-25,Bún bò gân,56000,38,35000,8,3,5,delivery,15:15,105000,63000,0.375,Trung tâm,Bún bò,Phường Tân Định
L10641,R038,2026-06-25,Bún bò giò heo,45000,47,24000,1,0,1,pickup,17:45,0,0,0.0,Công nhân,Bún bò,Phường Thuận Giao
L10642,R038,2026-06-25,Bún bò gân,60000,49,31000,1,0,1,pickup,17:00,0,0,0.0,Công nhân,Bún bò,Phường Thuận Giao
L10643,R039,2026-06-25,Bún riêu cua mọc,38000,60,15000,20,18,2,delivery,09:00,270000,414000,0.9,Công nhân,Bún riêu,Phường Đông Hòa
L10644,R040,2026-06-25,Bún bò Huế đặc biệt,57000,60,23000,1,0,1,delivery,14:00,0,0,0.0,Sinh viên,Bún bò,Phường Bình Trưng
L10645,R041,2026-06-25,Phở bò viên,48000,51,24000,3,1,2,pickup,15:00,24000,24000,0.333,Công nhân,Phở,Phường Tân Khánh
L10646,R041,2026-06-25,Phở bò chín,42000,45,23000,3,1,2,pickup,15:45,23000,19000,0.333,Công nhân,Phở,Phường Tân Khánh
L10647,R042,2026-06-25,Cơm tấm đặc biệt,32000,55,14000,3,2,1,delivery,11:30,28000,36000,0.667,Trung tâm,Cơm tấm,Phường Tân Định
L10648,R042,2026-06-25,Cơm tấm sườn bì chả,41000,54,19000,2,1,1,delivery,11:15,19000,22000,0.5,Trung tâm,Cơm tấm,Phường Tân Định
L10649,R042,2026-06-25,Cơm tấm bì,35000,59,14000,2,1,1,pickup,11:45,14000,21000,0.5,Trung tâm,Cơm tấm,Phường Tân Định
L10650,R043,2026-06-25,Cơm canh chua,37000,60,15000,2,1,1,pickup,16:00,15000,22000,0.5,Dân cư đông,Cơm văn phòng,Phường Bảy Hiền
L10651,R043,2026-06-25,Cơm gà xối mỡ,27000,60,11000,3,2,1,pickup,16:15,22000,32000,0.667,Dân cư đông,Cơm văn phòng,Phường Bảy Hiền
L10652,R043,2026-06-25,Cơm thịt kho trứng,40000,55,18000,3,2,1,pickup,16:45,36000,44000,0.667,Dân cư đông,Cơm văn phòng,Phường Bảy Hiền
L10653,R043,2026-06-25,Cơm sườn đậu hũ,37000,59,15000,3,2,1,pickup,16:30,30000,44000,0.667,Dân cư đông,Cơm văn phòng,Phường Bảy Hiền
L10654,R043,2026-06-25,Cơm gà luộc,38000,56,17000,2,1,1,pickup,16:30,17000,21000,0.5,Dân cư đông,Cơm văn phòng,Phường Bảy Hiền
L10655,R044,2026-06-25,Hủ tiếu sa tế,47000,48,24000,3,2,1,delivery,13:30,48000,46000,0.667,Sinh viên,Hủ tiếu,Phường Tam Bình
L10656,R044,2026-06-25,Hủ tiếu bò kho,42000,53,20000,3,2,1,pickup,13:30,40000,44000,0.667,Sinh viên,Hủ tiếu,Phường Tam Bình
L10657,R044,2026-06-25,Hủ tiếu thập cẩm,46000,48,24000,3,1,2,pickup,13:30,24000,22000,0.333,Sinh viên,Hủ tiếu,Phường Tam Bình
L10658,R045,2026-06-25,Bún bò thập cẩm,56000,43,32000,4,2,2,pickup,17:45,64000,48000,0.5,Công nhân,Bún bò,Phường Thuận An
L10659,R045,2026-06-25,Bún bò giò heo,63000,37,40000,4,2,2,pickup,17:30,80000,46000,0.5,Công nhân,Bún bò,Phường Thuận An
L10660,R045,2026-06-25,Bún bò gân,49000,38,30000,4,2,2,delivery,17:45,60000,38000,0.5,Công nhân,Bún bò,Phường Thuận An
L10661,R046,2026-06-25,Bánh mì chả lụa,27000,55,12000,3,2,1,pickup,13:15,24000,30000,0.667,Sinh viên,Bánh mì,Phường Cát Lái
L10662,R046,2026-06-25,Bánh mì trứng,25000,58,10000,2,1,1,pickup,13:15,10000,15000,0.5,Sinh viên,Bánh mì,Phường Cát Lái
L10663,R046,2026-06-25,Bánh mì thịt nguội,29000,56,13000,3,2,1,pickup,13:15,26000,32000,0.667,Sinh viên,Bánh mì,Phường Cát Lái
L10664,R046,2026-06-25,Bánh mì gà,25000,58,10000,3,2,1,pickup,13:45,20000,30000,0.667,Sinh viên,Bánh mì,Phường Cát Lái
L10665,R046,2026-06-25,Bánh mì xíu mại,18000,57,8000,2,1,1,pickup,13:45,8000,10000,0.5,Sinh viên,Bánh mì,Phường Cát Lái
L10666,R047,2026-06-25,Bún bò Huế đặc biệt,39000,47,21000,29,15,14,delivery,17:45,315000,270000,0.517,Công nhân,Bún bò,Phường Tân Khánh
L10667,R048,2026-06-25,Bánh mì trứng,23000,53,11000,3,2,1,delivery,18:15,22000,24000,0.667,Công nhân,Bánh mì,Phường An Phú
L10668,R048,2026-06-25,Bánh mì chả lụa,18000,55,8000,4,2,2,pickup,18:15,16000,20000,0.5,Công nhân,Bánh mì,Phường An Phú
L10669,R049,2026-06-25,Phở gà,58000,45,32000,1,0,1,delivery,12:30,0,0,0.0,Sinh viên,Phở,Phường Thủ Đức
L10670,R049,2026-06-25,Phở bò chín,53000,44,30000,1,0,1,pickup,12:15,0,0,0.0,Sinh viên,Phở,Phường Thủ Đức
L10671,R049,2026-06-25,Phở bò tái,45000,37,28000,1,0,1,pickup,12:45,0,0,0.0,Sinh viên,Phở,Phường Thủ Đức
L10672,R049,2026-06-25,Phở bò tái nạm,59000,45,32000,1,0,1,delivery,12:00,0,0,0.0,Sinh viên,Phở,Phường Thủ Đức
L10673,R050,2026-06-25,Bánh mì trứng,26000,46,14000,1,0,1,delivery,17:45,0,0,0.0,Ngoại ô,Bánh mì,Xã Hưng Long
L10674,R051,2026-06-25,Hủ tiếu mì,54000,59,22000,6,5,1,delivery,13:00,110000,160000,0.833,Dân cư đông,Hủ tiếu,Phường Hạnh Thông
L10675,R052,2026-06-25,Cơm tấm đặc biệt,35000,39,21000,3,1,2,delivery,18:45,21000,14000,0.333,Dân cư đông,Cơm tấm,Phường Xóm Chiếu
L10676,R052,2026-06-25,Cơm tấm bì,28000,43,16000,4,2,2,delivery,18:30,32000,24000,0.5,Dân cư đông,Cơm tấm,Phường Xóm Chiếu
L10677,R052,2026-06-25,Cơm tấm sườn bì chả,38000,42,22000,3,1,2,delivery,18:15,22000,16000,0.333,Dân cư đông,Cơm tấm,Phường Xóm Chiếu
L10678,R053,2026-06-25,Bánh mì gà,22000,60,9000,4,2,2,delivery,17:15,18000,26000,0.5,Dân cư đông,Bánh mì,Phường Gia Định
L10679,R053,2026-06-25,Bánh mì thịt nguội,25000,59,10000,3,2,1,delivery,17:00,20000,30000,0.667,Dân cư đông,Bánh mì,Phường Gia Định
L10680,R053,2026-06-25,Bánh mì trứng,22000,59,9000,3,2,1,delivery,17:30,18000,26000,0.667,Dân cư đông,Bánh mì,Phường Gia Định
L10681,R053,2026-06-25,Bánh mì xíu mại,31000,59,13000,4,3,1,pickup,17:15,39000,54000,0.75,Dân cư đông,Bánh mì,Phường Gia Định
L10682,R053,2026-06-25,Bánh mì chả lụa,26000,55,12000,4,2,2,delivery,17:15,24000,28000,0.5,Dân cư đông,Bánh mì,Phường Gia Định
L10683,R054,2026-06-25,Bánh mì trứng,16000,58,7000,3,2,1,pickup,11:15,14000,18000,0.667,Công nhân,Bánh mì,Phường Bình Hòa
L10684,R054,2026-06-25,Bánh mì xíu mại,20000,57,9000,3,2,1,delivery,11:15,18000,22000,0.667,Công nhân,Bánh mì,Phường Bình Hòa
L10685,R054,2026-06-25,Bánh mì thịt nguội,20000,50,10000,4,3,1,delivery,11:15,30000,30000,0.75,Công nhân,Bánh mì,Phường Bình Hòa
L10686,R054,2026-06-25,Bánh mì chả lụa,27000,50,14000,3,2,1,delivery,11:45,28000,26000,0.667,Công nhân,Bánh mì,Phường Bình Hòa
L10687,R055,2026-06-25,Cơm tấm đặc biệt,44000,60,18000,1,0,1,delivery,12:30,0,0,0.0,Dân cư đông,Cơm tấm,Phường Thông Tây Hội
L10688,R055,2026-06-25,Cơm tấm sườn trứng,45000,58,19000,2,1,1,pickup,12:15,19000,26000,0.5,Dân cư đông,Cơm tấm,Phường Thông Tây Hội
L10689,R055,2026-06-25,Cơm tấm sườn nướng,31000,60,12000,2,1,1,pickup,12:30,12000,19000,0.5,Dân cư đông,Cơm tấm,Phường Thông Tây Hội
L10690,R055,2026-06-25,Cơm tấm bì,46000,59,19000,1,0,1,delivery,12:00,0,0,0.0,Dân cư đông,Cơm tấm,Phường Thông Tây Hội
L10691,R055,2026-06-25,Cơm tấm sườn bì chả,29000,60,12000,2,1,1,delivery,12:15,12000,17000,0.5,Dân cư đông,Cơm tấm,Phường Thông Tây Hội
L10692,R056,2026-06-25,Hủ tiếu thập cẩm,47000,36,30000,3,1,2,delivery,17:00,30000,17000,0.333,Trung tâm,Hủ tiếu,Phường Nhiêu Lộc
L10693,R056,2026-06-25,Hủ tiếu bò kho,54000,37,34000,4,2,2,pickup,17:00,68000,40000,0.5,Trung tâm,Hủ tiếu,Phường Nhiêu Lộc
L10694,R057,2026-06-25,Bún bò thập cẩm,52000,49,27000,1,0,1,pickup,18:15,0,0,0.0,Sinh viên,Bún bò,Phường Bình Trưng
L10695,R057,2026-06-25,Bún bò Huế đặc biệt,49000,48,25000,1,0,1,pickup,18:00,0,0,0.0,Sinh viên,Bún bò,Phường Bình Trưng
L10696,R058,2026-06-25,Bánh mì gà,22000,30,15000,1,0,1,pickup,19:00,0,0,0.0,Trung tâm,Bánh mì,Phường Cầu Kiệu
L10697,R058,2026-06-25,Bánh mì trứng,30000,31,21000,1,0,1,pickup,19:00,0,0,0.0,Trung tâm,Bánh mì,Phường Cầu Kiệu
L10698,R058,2026-06-25,Bánh mì xíu mại,20000,36,13000,1,0,1,pickup,19:15,0,0,0.0,Trung tâm,Bánh mì,Phường Cầu Kiệu
L10699,R058,2026-06-25,Bánh mì chả lụa,27000,36,17000,1,0,1,pickup,19:15,0,0,0.0,Trung tâm,Bánh mì,Phường Cầu Kiệu
L10700,R059,2026-06-25,Cơm tấm bì,45000,33,30000,2,0,2,delivery,14:00,0,0,0.0,Sinh viên,Cơm tấm,Phường Tam Bình
L10701,R059,2026-06-25,Cơm tấm sườn trứng,41000,31,28000,1,0,1,delivery,14:45,0,0,0.0,Sinh viên,Cơm tấm,Phường Tam Bình
L10702,R060,2026-06-25,Phở bò tái,63000,60,25000,2,1,1,delivery,10:30,25000,38000,0.5,Công nhân,Phở,Phường Tân Đông Hiệp
L10703,R061,2026-06-25,Cơm tấm sườn nướng,41000,50,20000,4,2,2,pickup,15:15,40000,42000,0.5,Sinh viên,Cơm tấm,Phường Tam Bình
L10704,R061,2026-06-25,Cơm tấm đặc biệt,41000,42,24000,5,3,2,pickup,15:15,72000,51000,0.6,Sinh viên,Cơm tấm,Phường Tam Bình
L10705,R062,2026-06-25,Phở bò chín,45000,37,28000,1,0,1,delivery,10:15,0,0,0.0,Dân cư đông,Phở,Phường Hạnh Thông
L10706,R062,2026-06-25,Phở bò tái nạm,47000,30,33000,1,0,1,delivery,10:45,0,0,0.0,Dân cư đông,Phở,Phường Hạnh Thông
L10707,R062,2026-06-25,Phở bò tái,41000,31,28000,1,0,1,delivery,10:00,0,0,0.0,Dân cư đông,Phở,Phường Hạnh Thông
L10708,R062,2026-06-25,Phở bò viên,54000,30,38000,1,0,1,delivery,10:30,0,0,0.0,Dân cư đông,Phở,Phường Hạnh Thông
L10709,R062,2026-06-25,Phở gà,49000,30,34000,1,0,1,delivery,10:15,0,0,0.0,Dân cư đông,Phở,Phường Hạnh Thông
L10710,R063,2026-06-25,Hủ tiếu sa tế,42000,43,24000,4,2,2,delivery,19:00,48000,36000,0.5,Công nhân,Hủ tiếu,Phường Thuận Giao
L10711,R063,2026-06-25,Hủ tiếu Nam Vang,45000,45,25000,3,1,2,delivery,19:30,25000,20000,0.333,Công nhân,Hủ tiếu,Phường Thuận Giao
L10712,R063,2026-06-25,Hủ tiếu bò kho,44000,38,27000,3,1,2,delivery,19:45,27000,17000,0.333,Công nhân,Hủ tiếu,Phường Thuận Giao
L10713,R064,2026-06-25,Bún bò gân,50000,41,30000,2,1,1,pickup,10:15,30000,20000,0.5,Sinh viên,Bún bò,Phường Tăng Nhơn Phú
L10714,R064,2026-06-25,Bún bò thập cẩm,48000,43,27000,3,1,2,delivery,10:30,27000,21000,0.333,Sinh viên,Bún bò,Phường Tăng Nhơn Phú
L10715,R064,2026-06-25,Bún bò viên,52000,39,32000,3,0,3,delivery,10:45,0,0,0.0,Sinh viên,Bún bò,Phường Tăng Nhơn Phú
L10716,R065,2026-06-25,Cơm tấm đặc biệt,40000,49,20000,2,1,1,pickup,19:00,20000,20000,0.5,Công nhân,Cơm tấm,Phường Đông Hòa
L10717,R065,2026-06-25,Cơm tấm bì,33000,58,14000,2,1,1,pickup,19:15,14000,19000,0.5,Công nhân,Cơm tấm,Phường Đông Hòa
L10718,R065,2026-06-25,Cơm tấm sườn bì chả,38000,58,16000,2,1,1,pickup,19:30,16000,22000,0.5,Công nhân,Cơm tấm,Phường Đông Hòa
L10719,R066,2026-06-25,Cơm thịt kho trứng,31000,55,14000,5,3,2,pickup,09:00,42000,51000,0.6,Sinh viên,Cơm văn phòng,Phường An Khánh
L10720,R066,2026-06-25,Cơm canh chua,33000,54,15000,4,3,1,pickup,09:15,45000,54000,0.75,Sinh viên,Cơm văn phòng,Phường An Khánh
L10721,R066,2026-06-25,Cơm gà xối mỡ,47000,58,20000,5,3,2,pickup,09:30,60000,81000,0.6,Sinh viên,Cơm văn phòng,Phường An Khánh
L10722,R067,2026-06-25,Cơm thịt kho trứng,49000,46,26000,1,0,1,delivery,19:30,0,0,0.0,Dân cư đông,Cơm văn phòng,Phường An Hội Đông
L10723,R067,2026-06-25,Cơm canh chua,29000,42,17000,1,0,1,pickup,19:15,0,0,0.0,Dân cư đông,Cơm văn phòng,Phường An Hội Đông
L10724,R067,2026-06-25,Cơm gà xối mỡ,44000,46,24000,1,0,1,delivery,19:15,0,0,0.0,Dân cư đông,Cơm văn phòng,Phường An Hội Đông
L10725,R067,2026-06-25,Cơm sườn đậu hũ,35000,46,19000,1,0,1,delivery,19:00,0,0,0.0,Dân cư đông,Cơm văn phòng,Phường An Hội Đông
L10726,R067,2026-06-25,Cơm gà luộc,40000,46,22000,1,0,1,delivery,19:30,0,0,0.0,Dân cư đông,Cơm văn phòng,Phường An Hội Đông
L10727,R068,2026-06-25,Bún riêu thập cẩm,48000,36,31000,1,0,1,delivery,19:15,0,0,0.0,Trung tâm,Bún riêu,Phường Xuân Hòa
L10728,R068,2026-06-25,Bún riêu cua,40000,34,26000,1,0,1,delivery,19:00,0,0,0.0,Trung tâm,Bún riêu,Phường Xuân Hòa
L10729,R068,2026-06-25,Bún riêu cua đồng,38000,30,27000,1,0,1,delivery,19:00,0,0,0.0,Trung tâm,Bún riêu,Phường Xuân Hòa
L10730,R069,2026-06-25,Bánh mì trứng,21000,48,11000,1,0,1,pickup,20:15,0,0,0.0,Ngoại ô,Bánh mì,Xã Xuân Thới Sơn
L10731,R069,2026-06-25,Bánh mì xíu mại,22000,46,12000,1,0,1,pickup,20:00,0,0,0.0,Ngoại ô,Bánh mì,Xã Xuân Thới Sơn
L10732,R069,2026-06-25,Bánh mì thịt nguội,28000,45,15000,1,0,1,pickup,20:00,0,0,0.0,Ngoại ô,Bánh mì,Xã Xuân Thới Sơn
L10733,R070,2026-06-25,Hủ tiếu thập cẩm,42000,60,17000,1,0,1,delivery,19:30,0,0,0.0,Dân cư đông,Hủ tiếu,Phường Gò Vấp
L10734,R070,2026-06-25,Hủ tiếu Nam Vang,47000,60,19000,1,0,1,delivery,19:15,0,0,0.0,Dân cư đông,Hủ tiếu,Phường Gò Vấp
L10735,R070,2026-06-25,Hủ tiếu sa tế,54000,54,25000,1,0,1,delivery,19:15,0,0,0.0,Dân cư đông,Hủ tiếu,Phường Gò Vấp
L10736,R070,2026-06-25,Hủ tiếu mì,48000,55,22000,1,0,1,delivery,19:45,0,0,0.0,Dân cư đông,Hủ tiếu,Phường Gò Vấp
L10737,R071,2026-06-25,Cơm tấm sườn trứng,26000,32,18000,4,2,2,delivery,11:00,36000,16000,0.5,Sinh viên,Cơm tấm,Phường Bình Trưng
L10738,R071,2026-06-25,Cơm tấm sườn bì chả,53000,32,36000,4,1,3,delivery,11:00,36000,17000,0.25,Sinh viên,Cơm tấm,Phường Bình Trưng
L10739,R071,2026-06-25,Cơm tấm đặc biệt,48000,37,30000,3,1,2,pickup,11:00,30000,18000,0.333,Sinh viên,Cơm tấm,Phường Bình Trưng
L10740,R071,2026-06-25,Cơm tấm bì,43000,36,28000,3,1,2,pickup,11:00,28000,15000,0.333,Sinh viên,Cơm tấm,Phường Bình Trưng
L10741,R071,2026-06-25,Cơm tấm sườn nướng,46000,34,30000,3,1,2,delivery,11:45,30000,16000,0.333,Sinh viên,Cơm tấm,Phường Bình Trưng
L10742,R072,2026-06-25,Cơm sườn đậu hũ,37000,54,17000,5,4,1,pickup,14:00,68000,80000,0.8,Trung tâm,Cơm văn phòng,Phường Bến Thành
L10743,R072,2026-06-25,Cơm canh chua,40000,54,18000,5,4,1,delivery,14:15,72000,88000,0.8,Trung tâm,Cơm văn phòng,Phường Bến Thành
L10744,R073,2026-06-25,Bánh mì chả lụa,23000,49,12000,2,1,1,pickup,16:45,12000,11000,0.5,Dân cư đông,Bánh mì,Phường Vĩnh Hội
L10745,R073,2026-06-25,Bánh mì xíu mại,22000,46,12000,2,1,1,delivery,16:30,12000,10000,0.5,Dân cư đông,Bánh mì,Phường Vĩnh Hội
L10746,R074,2026-06-25,Cơm thịt kho trứng,47000,30,33000,2,1,1,pickup,17:30,33000,14000,0.5,Dân cư đông,Cơm văn phòng,Phường Bình Lợi Trung
L10747,R074,2026-06-25,Cơm canh chua,47000,30,33000,2,1,1,pickup,17:30,33000,14000,0.5,Dân cư đông,Cơm văn phòng,Phường Bình Lợi Trung
L10748,R074,2026-06-25,Cơm gà xối mỡ,33000,35,21000,2,0,2,pickup,17:15,0,0,0.0,Dân cư đông,Cơm văn phòng,Phường Bình Lợi Trung
L10749,R074,2026-06-25,Cơm sườn đậu hũ,38000,30,27000,2,1,1,pickup,17:30,27000,11000,0.5,Dân cư đông,Cơm văn phòng,Phường Bình Lợi Trung
L10750,R074,2026-06-25,Cơm gà luộc,30000,30,21000,1,0,1,pickup,17:45,0,0,0.0,Dân cư đông,Cơm văn phòng,Phường Bình Lợi Trung
L10751,R075,2026-06-25,Cơm tấm sườn trứng,34000,53,16000,3,2,1,delivery,15:15,32000,36000,0.667,Dân cư đông,Cơm tấm,Phường Vĩnh Hội
L10752,R075,2026-06-25,Cơm tấm sườn nướng,43000,47,23000,4,2,2,delivery,15:00,46000,40000,0.5,Dân cư đông,Cơm tấm,Phường Vĩnh Hội
L10753,R075,2026-06-25,Cơm tấm bì,48000,53,23000,4,3,1,delivery,15:30,69000,75000,0.75,Dân cư đông,Cơm tấm,Phường Vĩnh Hội
L10754,R076,2026-06-25,Phở bò tái,62000,38,38000,7,2,5,pickup,12:30,76000,48000,0.286,Dân cư đông,Phở,Phường An Nhơn
L10755,R076,2026-06-25,Phở bò viên,50000,46,27000,5,3,2,pickup,12:00,81000,69000,0.6,Dân cư đông,Phở,Phường An Nhơn
L10756,R076,2026-06-25,Phở bò chín,49000,39,30000,6,3,3,pickup,12:15,90000,57000,0.5,Dân cư đông,Phở,Phường An Nhơn
L10757,R077,2026-06-25,Cơm tấm sườn trứng,36000,39,22000,3,1,2,delivery,14:30,22000,14000,0.333,Trung tâm,Cơm tấm,Phường Xuân Hòa
L10758,R077,2026-06-25,Cơm tấm bì,39000,40,23000,2,1,1,pickup,14:45,23000,16000,0.5,Trung tâm,Cơm tấm,Phường Xuân Hòa
L10759,R077,2026-06-25,Cơm tấm sườn bì chả,36000,45,20000,2,1,1,delivery,14:00,20000,16000,0.5,Trung tâm,Cơm tấm,Phường Xuân Hòa
L10760,R078,2026-06-25,Bún riêu cua,42000,41,25000,2,1,1,pickup,13:45,25000,17000,0.5,Công nhân,Bún riêu,Phường Tân Đông Hiệp
L10761,R078,2026-06-25,Bún riêu thập cẩm,43000,39,26000,2,1,1,delivery,13:00,26000,17000,0.5,Công nhân,Bún riêu,Phường Tân Đông Hiệp
L10762,R078,2026-06-25,Bún riêu cua đồng,46000,33,31000,2,1,1,delivery,13:00,31000,15000,0.5,Công nhân,Bún riêu,Phường Tân Đông Hiệp
L10763,R078,2026-06-25,Bún riêu cua mọc,46000,37,29000,2,0,2,delivery,13:15,0,0,0.0,Công nhân,Bún riêu,Phường Tân Đông Hiệp
L10764,R079,2026-06-25,Cơm tấm sườn bì chả,40000,40,24000,8,5,3,delivery,16:45,120000,80000,0.625,Sinh viên,Cơm tấm,Phường Bình Trưng
L10765,R080,2026-06-25,Cơm tấm sườn trứng,49000,47,26000,2,1,1,delivery,09:30,26000,23000,0.5,Dân cư đông,Cơm tấm,Phường An Hội Đông
L10766,R080,2026-06-25,Cơm tấm bì,44000,49,22000,1,0,1,delivery,09:45,0,0,0.0,Dân cư đông,Cơm tấm,Phường An Hội Đông
L10767,R080,2026-06-25,Cơm tấm sườn nướng,42000,44,24000,1,0,1,pickup,09:45,0,0,0.0,Dân cư đông,Cơm tấm,Phường An Hội Đông
L10768,R080,2026-06-25,Cơm tấm đặc biệt,32000,49,16000,1,0,1,pickup,09:30,0,0,0.0,Dân cư đông,Cơm tấm,Phường An Hội Đông
L10769,R080,2026-06-25,Cơm tấm sườn bì chả,32000,48,17000,2,1,1,delivery,09:15,17000,15000,0.5,Dân cư đông,Cơm tấm,Phường An Hội Đông
L10770,R081,2026-06-25,Bún riêu thập cẩm,40000,54,18000,3,2,1,pickup,09:45,36000,44000,0.667,Công nhân,Bún riêu,Phường Đông Hòa
L10771,R081,2026-06-25,Bún riêu cua,49000,49,25000,4,2,2,pickup,09:30,50000,48000,0.5,Công nhân,Bún riêu,Phường Đông Hòa
L10772,R081,2026-06-25,Bún riêu cua mọc,37000,52,18000,3,2,1,pickup,09:15,36000,38000,0.667,Công nhân,Bún riêu,Phường Đông Hòa
L10773,R081,2026-06-25,Bún riêu cua đồng,47000,52,23000,4,3,1,pickup,09:15,69000,72000,0.75,Công nhân,Bún riêu,Phường Đông Hòa
L10774,R082,2026-06-25,Hủ tiếu thập cẩm,43000,58,18000,10,8,2,pickup,19:15,144000,200000,0.8,Sinh viên,Hủ tiếu,Phường Tăng Nhơn Phú
L10775,R082,2026-06-25,Hủ tiếu mì,53000,48,28000,11,8,3,delivery,19:15,224000,200000,0.727,Sinh viên,Hủ tiếu,Phường Tăng Nhơn Phú
L10776,R083,2026-06-25,Cơm tấm đặc biệt,37000,37,23000,2,1,1,pickup,14:30,23000,14000,0.5,Trung tâm,Cơm tấm,Phường Sài Gòn
L10777,R083,2026-06-25,Cơm tấm sườn nướng,43000,32,29000,1,0,1,pickup,14:45,0,0,0.0,Trung tâm,Cơm tấm,Phường Sài Gòn
L10778,R083,2026-06-25,Cơm tấm sườn trứng,39000,34,26000,1,0,1,pickup,14:00,0,0,0.0,Trung tâm,Cơm tấm,Phường Sài Gòn
L10779,R084,2026-06-25,Bún riêu thập cẩm,49000,38,30000,2,0,2,delivery,18:30,0,0,0.0,Sinh viên,Bún riêu,Phường Hiệp Bình
L10780,R085,2026-06-25,Bánh mì gà,27000,60,11000,14,9,5,pickup,20:00,99000,144000,0.643,Sinh viên,Bánh mì,Phường Tăng Nhơn Phú
L10781,R086,2026-06-25,Phở gà,44000,59,18000,1,0,1,delivery,10:15,0,0,0.0,Dân cư đông,Phở,Phường Tân Sơn Nhất
L10782,R086,2026-06-25,Phở bò tái,57000,58,24000,1,0,1,delivery,10:15,0,0,0.0,Dân cư đông,Phở,Phường Tân Sơn Nhất
L10783,R086,2026-06-25,Phở bò tái nạm,52000,56,23000,1,0,1,delivery,10:15,0,0,0.0,Dân cư đông,Phở,Phường Tân Sơn Nhất
L10784,R086,2026-06-25,Phở bò viên,48000,54,22000,1,0,1,delivery,10:00,0,0,0.0,Dân cư đông,Phở,Phường Tân Sơn Nhất
L10785,R086,2026-06-25,Phở bò chín,56000,55,25000,1,0,1,delivery,10:30,0,0,0.0,Dân cư đông,Phở,Phường Tân Sơn Nhất
L10786,R087,2026-06-25,Phở bò tái,43000,30,30000,13,7,6,pickup,13:45,210000,91000,0.538,Công nhân,Phở,Phường Thuận An
L10787,R087,2026-06-25,Phở bò viên,59000,34,39000,10,5,5,pickup,13:45,195000,100000,0.5,Công nhân,Phở,Phường Thuận An
L10788,R088,2026-06-25,Cơm tấm sườn trứng,35000,58,15000,3,2,1,delivery,09:15,30000,40000,0.667,Dân cư đông,Cơm tấm,Phường Gò Vấp
L10789,R088,2026-06-25,Cơm tấm đặc biệt,37000,56,16000,3,2,1,pickup,09:00,32000,42000,0.667,Dân cư đông,Cơm tấm,Phường Gò Vấp
L10790,R088,2026-06-25,Cơm tấm sườn bì chả,31000,59,13000,3,1,2,delivery,09:30,13000,18000,0.333,Dân cư đông,Cơm tấm,Phường Gò Vấp
L10791,R088,2026-06-25,Cơm tấm sườn nướng,34000,60,14000,3,2,1,delivery,09:00,28000,40000,0.667,Dân cư đông,Cơm tấm,Phường Gò Vấp
L10792,R088,2026-06-25,Cơm tấm bì,29000,57,12000,3,2,1,pickup,09:15,24000,34000,0.667,Dân cư đông,Cơm tấm,Phường Gò Vấp
L10793,R089,2026-06-25,Hủ tiếu sa tế,58000,35,38000,1,0,1,delivery,15:30,0,0,0.0,Công nhân,Hủ tiếu,Phường Đông Hòa
L10794,R089,2026-06-25,Hủ tiếu bò kho,49000,38,30000,1,0,1,delivery,15:30,0,0,0.0,Công nhân,Hủ tiếu,Phường Đông Hòa
L10795,R089,2026-06-25,Hủ tiếu mì,48000,38,30000,1,0,1,delivery,15:15,0,0,0.0,Công nhân,Hủ tiếu,Phường Đông Hòa
L10796,R089,2026-06-25,Hủ tiếu Nam Vang,56000,38,35000,1,0,1,delivery,15:15,0,0,0.0,Công nhân,Hủ tiếu,Phường Đông Hòa
L10797,R090,2026-06-25,Hủ tiếu sa tế,62000,44,35000,14,7,7,delivery,09:00,245000,189000,0.5,Sinh viên,Hủ tiếu,Phường Thủ Đức
L10798,R091,2026-06-25,Bánh mì thịt nguội,23000,59,9000,3,2,1,pickup,12:30,18000,28000,0.667,Dân cư đông,Bánh mì,Phường Xóm Chiếu
L10799,R092,2026-06-25,Cơm tấm đặc biệt,41000,38,25000,2,0,2,delivery,17:30,0,0,0.0,Dân cư đông,Cơm tấm,Phường Gia Định
L10800,R092,2026-06-25,Cơm tấm sườn bì chả,37000,39,23000,3,1,2,pickup,17:45,23000,14000,0.333,Dân cư đông,Cơm tấm,Phường Gia Định
L10801,R092,2026-06-25,Cơm tấm bì,30000,36,19000,3,1,2,delivery,17:00,19000,11000,0.333,Dân cư đông,Cơm tấm,Phường Gia Định
L10802,R092,2026-06-25,Cơm tấm sườn nướng,48000,38,30000,2,0,2,pickup,17:45,0,0,0.0,Dân cư đông,Cơm tấm,Phường Gia Định
L10803,R092,2026-06-25,Cơm tấm sườn trứng,39000,33,26000,3,1,2,delivery,17:00,26000,13000,0.333,Dân cư đông,Cơm tấm,Phường Gia Định
L10804,R093,2026-06-25,Phở gà,59000,39,36000,5,1,4,delivery,09:30,36000,23000,0.2,Công nhân,Phở,Phường Tân Đông Hiệp
L10805,R093,2026-06-25,Phở bò viên,51000,40,31000,5,3,2,delivery,09:30,93000,60000,0.6,Công nhân,Phở,Phường Tân Đông Hiệp
L10806,R093,2026-06-25,Phở bò tái,46000,40,28000,5,3,2,delivery,09:30,84000,54000,0.6,Công nhân,Phở,Phường Tân Đông Hiệp
L10807,R093,2026-06-25,Phở bò tái nạm,47000,32,32000,5,2,3,pickup,09:30,64000,30000,0.4,Công nhân,Phở,Phường Tân Đông Hiệp
L10808,R094,2026-06-25,Hủ tiếu mì,58000,57,25000,9,7,2,pickup,12:30,175000,231000,0.778,Dân cư đông,Hủ tiếu,Phường Bình Lợi Trung
L10809,R095,2026-06-25,Cơm tấm sườn bì chả,41000,57,18000,2,1,1,pickup,14:00,18000,23000,0.5,Công nhân,Cơm tấm,Phường Lái Thiêu
L10810,R095,2026-06-25,Cơm tấm sườn trứng,38000,59,16000,2,1,1,delivery,14:30,16000,22000,0.5,Công nhân,Cơm tấm,Phường Lái Thiêu
L10811,R095,2026-06-25,Cơm tấm sườn nướng,41000,58,17000,2,1,1,delivery,14:45,17000,24000,0.5,Công nhân,Cơm tấm,Phường Lái Thiêu
L10812,R095,2026-06-25,Cơm tấm bì,45000,60,18000,2,1,1,delivery,14:45,18000,27000,0.5,Công nhân,Cơm tấm,Phường Lái Thiêu
L10813,R096,2026-06-25,Cơm canh chua,36000,41,21000,8,6,2,pickup,14:00,126000,90000,0.75,Công nhân,Cơm văn phòng,Phường Lái Thiêu
L10814,R096,2026-06-25,Cơm sườn đậu hũ,40000,47,21000,10,7,3,pickup,14:00,147000,133000,0.7,Công nhân,Cơm văn phòng,Phường Lái Thiêu
L10815,R097,2026-06-25,Hủ tiếu bò kho,43000,51,21000,3,2,1,pickup,20:45,42000,44000,0.667,Công nhân,Hủ tiếu,Phường Tân Đông Hiệp
L10816,R097,2026-06-25,Hủ tiếu mì,44000,58,18000,3,2,1,pickup,20:00,36000,52000,0.667,Công nhân,Hủ tiếu,Phường Tân Đông Hiệp
L10817,R097,2026-06-25,Hủ tiếu thập cẩm,35000,58,15000,3,2,1,delivery,20:30,30000,40000,0.667,Công nhân,Hủ tiếu,Phường Tân Đông Hiệp
L10818,R098,2026-06-25,Bún riêu cua,44000,40,26000,3,1,2,delivery,16:00,26000,18000,0.333,Trung tâm,Bún riêu,Phường Xuân Hòa
L10819,R099,2026-06-25,Cơm canh chua,29000,60,12000,1,0,1,pickup,09:15,0,0,0.0,Sinh viên,Cơm văn phòng,Phường An Khánh
L10820,R099,2026-06-25,Cơm sườn đậu hũ,54000,54,25000,1,0,1,pickup,09:15,0,0,0.0,Sinh viên,Cơm văn phòng,Phường An Khánh
L10821,R099,2026-06-25,Cơm gà xối mỡ,50000,57,22000,1,0,1,pickup,09:30,0,0,0.0,Sinh viên,Cơm văn phòng,Phường An Khánh
L10822,R099,2026-06-25,Cơm thịt kho trứng,40000,60,16000,1,0,1,pickup,09:30,0,0,0.0,Sinh viên,Cơm văn phòng,Phường An Khánh
L10823,R099,2026-06-25,Cơm gà luộc,37000,59,15000,1,0,1,pickup,09:00,0,0,0.0,Sinh viên,Cơm văn phòng,Phường An Khánh
L10824,R100,2026-06-25,Hủ tiếu bò kho,57000,44,32000,2,1,1,pickup,15:00,32000,25000,0.5,Trung tâm,Hủ tiếu,Phường Tân Định
L10825,R100,2026-06-25,Hủ tiếu thập cẩm,53000,45,29000,3,1,2,delivery,15:00,29000,24000,0.333,Trung tâm,Hủ tiếu,Phường Tân Định
L10826,R101,2026-06-25,Phở bò tái,44000,33,29000,1,0,1,pickup,09:30,0,0,0.0,Công nhân,Phở,Phường Bình Hòa
L10827,R101,2026-06-25,Phở bò tái nạm,46000,30,32000,1,0,1,pickup,09:00,0,0,0.0,Công nhân,Phở,Phường Bình Hòa
L10828,R101,2026-06-25,Phở bò viên,51000,33,34000,1,0,1,pickup,09:30,0,0,0.0,Công nhân,Phở,Phường Bình Hòa
L10829,R102,2026-06-25,Bún bò Huế đặc biệt,49000,49,25000,1,0,1,pickup,15:45,0,0,0.0,Sinh viên,Bún bò,Phường Thủ Đức
L10830,R102,2026-06-25,Bún bò giò heo,62000,59,25000,2,1,1,pickup,15:45,25000,37000,0.5,Sinh viên,Bún bò,Phường Thủ Đức
L10831,R102,2026-06-25,Bún bò gân,48000,53,23000,2,1,1,pickup,15:15,23000,25000,0.5,Sinh viên,Bún bò,Phường Thủ Đức
L10832,R102,2026-06-25,Bún bò viên,46000,52,22000,2,1,1,pickup,15:45,22000,24000,0.5,Sinh viên,Bún bò,Phường Thủ Đức
L10833,R103,2026-06-25,Cơm gà luộc,28000,31,19000,6,3,3,pickup,11:45,57000,27000,0.5,Công nhân,Cơm văn phòng,Phường Đông Hòa
L10834,R103,2026-06-25,Cơm canh chua,32000,38,20000,6,3,3,pickup,11:30,60000,36000,0.5,Công nhân,Cơm văn phòng,Phường Đông Hòa
L10835,R103,2026-06-25,Cơm gà xối mỡ,41000,34,27000,7,3,4,delivery,11:00,81000,42000,0.429,Công nhân,Cơm văn phòng,Phường Đông Hòa
L10836,R104,2026-06-25,Bánh mì gà,30000,48,16000,1,0,1,pickup,19:45,0,0,0.0,Dân cư đông,Bánh mì,Phường Thông Tây Hội
L10837,R104,2026-06-25,Bánh mì thịt nguội,27000,46,15000,1,0,1,pickup,19:00,0,0,0.0,Dân cư đông,Bánh mì,Phường Thông Tây Hội
L10838,R104,2026-06-25,Bánh mì chả lụa,18000,45,10000,1,0,1,pickup,19:15,0,0,0.0,Dân cư đông,Bánh mì,Phường Thông Tây Hội
L10839,R104,2026-06-25,Bánh mì xíu mại,22000,44,12000,1,0,1,pickup,19:45,0,0,0.0,Dân cư đông,Bánh mì,Phường Thông Tây Hội
L10840,R104,2026-06-25,Bánh mì trứng,26000,53,12000,1,0,1,pickup,19:45,0,0,0.0,Dân cư đông,Bánh mì,Phường Thông Tây Hội
L10841,R105,2026-06-25,Bánh mì trứng,19000,32,13000,5,2,3,pickup,16:15,26000,12000,0.4,Sinh viên,Bánh mì,Phường Tam Bình
L10842,R105,2026-06-25,Bánh mì gà,24000,30,17000,4,2,2,pickup,16:45,34000,14000,0.5,Sinh viên,Bánh mì,Phường Tam Bình
L10843,R106,2026-06-25,Phở bò tái nạm,36000,53,17000,8,5,3,pickup,11:15,85000,95000,0.625,Công nhân,Phở,Phường An Phú
L10844,R106,2026-06-25,Phở bò chín,50000,53,24000,7,6,1,pickup,11:45,144000,156000,0.857,Công nhân,Phở,Phường An Phú
L10845,R106,2026-06-25,Phở bò viên,50000,54,23000,7,6,1,pickup,11:30,138000,162000,0.857,Công nhân,Phở,Phường An Phú
L10846,R107,2026-06-25,Hủ tiếu thập cẩm,58000,40,35000,16,10,6,delivery,09:30,350000,230000,0.625,Dân cư đông,Hủ tiếu,Phường Gò Vấp
L10847,R108,2026-06-25,Cơm tấm bì,35000,45,19000,4,2,2,delivery,16:45,38000,32000,0.5,Sinh viên,Cơm tấm,Phường Thủ Đức
L10848,R108,2026-06-25,Cơm tấm sườn bì chả,35000,48,18000,3,2,1,delivery,16:00,36000,34000,0.667,Sinh viên,Cơm tấm,Phường Thủ Đức
L10849,R108,2026-06-25,Cơm tấm đặc biệt,37000,54,17000,4,3,1,delivery,16:45,51000,60000,0.75,Sinh viên,Cơm tấm,Phường Thủ Đức
L10850,R108,2026-06-25,Cơm tấm sườn nướng,46000,54,21000,3,2,1,pickup,16:30,42000,50000,0.667,Sinh viên,Cơm tấm,Phường Thủ Đức
L10851,R109,2026-06-25,Hủ tiếu thập cẩm,53000,53,25000,1,0,1,delivery,11:45,0,0,0.0,Trung tâm,Hủ tiếu,Phường Sài Gòn
L10852,R109,2026-06-25,Hủ tiếu bò kho,48000,60,19000,1,0,1,delivery,11:15,0,0,0.0,Trung tâm,Hủ tiếu,Phường Sài Gòn
L10853,R109,2026-06-25,Hủ tiếu Nam Vang,61000,55,27000,1,0,1,pickup,11:00,0,0,0.0,Trung tâm,Hủ tiếu,Phường Sài Gòn
L10854,R110,2026-06-25,Phở bò tái,60000,59,25000,3,2,1,delivery,10:15,50000,70000,0.667,Sinh viên,Phở,Phường Hiệp Bình
L10855,R110,2026-06-25,Phở bò tái nạm,46000,60,18000,3,2,1,delivery,10:00,36000,56000,0.667,Sinh viên,Phở,Phường Hiệp Bình
L10856,R111,2026-06-25,Bánh mì gà,17000,46,9000,5,3,2,delivery,09:45,27000,24000,0.6,Sinh viên,Bánh mì,Phường Long Bình
L10857,R112,2026-06-25,Hủ tiếu Nam Vang,62000,48,32000,1,0,1,pickup,11:00,0,0,0.0,Dân cư đông,Hủ tiếu,Phường Gò Vấp
L10858,R112,2026-06-25,Hủ tiếu bò kho,43000,45,24000,1,0,1,delivery,11:00,0,0,0.0,Dân cư đông,Hủ tiếu,Phường Gò Vấp
L10859,R112,2026-06-25,Hủ tiếu thập cẩm,41000,55,18000,1,0,1,delivery,11:30,0,0,0.0,Dân cư đông,Hủ tiếu,Phường Gò Vấp
L10860,R112,2026-06-25,Hủ tiếu sa tế,46000,48,24000,1,0,1,delivery,11:15,0,0,0.0,Dân cư đông,Hủ tiếu,Phường Gò Vấp
L10861,R112,2026-06-25,Hủ tiếu mì,41000,51,20000,1,0,1,delivery,11:45,0,0,0.0,Dân cư đông,Hủ tiếu,Phường Gò Vấp
L10862,R113,2026-06-25,Bánh mì chả lụa,21000,47,11000,1,0,1,delivery,10:30,0,0,0.0,Dân cư đông,Bánh mì,Phường Tân Hòa
L10863,R113,2026-06-25,Bánh mì trứng,26000,43,15000,1,0,1,delivery,10:45,0,0,0.0,Dân cư đông,Bánh mì,Phường Tân Hòa
L10864,R113,2026-06-25,Bánh mì thịt nguội,24000,47,13000,1,0,1,delivery,10:45,0,0,0.0,Dân cư đông,Bánh mì,Phường Tân Hòa
L10865,R113,2026-06-25,Bánh mì gà,21000,48,11000,1,0,1,delivery,10:00,0,0,0.0,Dân cư đông,Bánh mì,Phường Tân Hòa
L10866,R113,2026-06-25,Bánh mì xíu mại,24000,51,12000,1,0,1,delivery,10:00,0,0,0.0,Dân cư đông,Bánh mì,Phường Tân Hòa
L10867,R114,2026-06-25,Cơm thịt kho trứng,34000,38,21000,2,1,1,delivery,10:45,21000,13000,0.5,Công nhân,Cơm văn phòng,Phường Bình Hòa
L10868,R114,2026-06-25,Cơm sườn đậu hũ,32000,47,17000,1,0,1,delivery,10:15,0,0,0.0,Công nhân,Cơm văn phòng,Phường Bình Hòa
L10869,R114,2026-06-25,Cơm gà luộc,33000,41,19000,1,0,1,pickup,10:00,0,0,0.0,Công nhân,Cơm văn phòng,Phường Bình Hòa
L10870,R114,2026-06-25,Cơm canh chua,37000,41,22000,1,0,1,delivery,10:15,0,0,0.0,Công nhân,Cơm văn phòng,Phường Bình Hòa
L10871,R115,2026-06-25,Cơm tấm sườn trứng,45000,41,27000,1,0,1,pickup,14:00,0,0,0.0,Dân cư đông,Cơm tấm,Phường Khánh Hội
L10872,R115,2026-06-25,Cơm tấm bì,39000,46,21000,1,0,1,pickup,14:00,0,0,0.0,Dân cư đông,Cơm tấm,Phường Khánh Hội
L10873,R116,2026-06-25,Cơm gà xối mỡ,50000,36,32000,2,0,2,pickup,20:30,0,0,0.0,Dân cư đông,Cơm văn phòng,Phường Bình Lợi Trung
L10874,R116,2026-06-25,Cơm canh chua,35000,35,23000,2,1,1,delivery,20:45,23000,12000,0.5,Dân cư đông,Cơm văn phòng,Phường Bình Lợi Trung
L10875,R117,2026-06-25,Bánh mì trứng,28000,36,18000,1,0,1,delivery,09:15,0,0,0.0,Sinh viên,Bánh mì,Phường Hiệp Bình
L10876,R117,2026-06-25,Bánh mì chả lụa,18000,42,10000,1,0,1,delivery,09:15,0,0,0.0,Sinh viên,Bánh mì,Phường Hiệp Bình
L10877,R117,2026-06-25,Bánh mì gà,30000,39,18000,1,0,1,delivery,09:00,0,0,0.0,Sinh viên,Bánh mì,Phường Hiệp Bình
L10878,R118,2026-06-25,Bánh mì xíu mại,24000,30,17000,3,0,3,pickup,10:30,0,0,0.0,Dân cư đông,Bánh mì,Phường Gò Vấp
L10879,R118,2026-06-25,Bánh mì thịt nguội,19000,30,13000,3,0,3,pickup,10:45,0,0,0.0,Dân cư đông,Bánh mì,Phường Gò Vấp
L10880,R118,2026-06-25,Bánh mì trứng,26000,31,18000,4,2,2,pickup,10:00,36000,16000,0.5,Dân cư đông,Bánh mì,Phường Gò Vấp
L10881,R119,2026-06-25,Bún bò viên,46000,52,22000,6,4,2,pickup,14:15,88000,96000,0.667,Công nhân,Bún bò,Phường Đông Hòa
L10882,R120,2026-06-25,Bún bò thập cẩm,37000,51,18000,1,0,1,pickup,11:30,0,0,0.0,Dân cư đông,Bún bò,Phường Hạnh Thông
L10883,R120,2026-06-25,Bún bò giò heo,49000,54,23000,2,1,1,pickup,11:00,23000,26000,0.5,Dân cư đông,Bún bò,Phường Hạnh Thông
L10884,R120,2026-06-25,Bún bò gân,42000,50,21000,1,0,1,pickup,11:15,0,0,0.0,Dân cư đông,Bún bò,Phường Hạnh Thông
L10885,R120,2026-06-25,Bún bò viên,51000,56,22000,1,0,1,pickup,11:30,0,0,0.0,Dân cư đông,Bún bò,Phường Hạnh Thông
L10886,R120,2026-06-25,Bún bò Huế đặc biệt,54000,58,23000,1,0,1,pickup,11:45,0,0,0.0,Dân cư đông,Bún bò,Phường Hạnh Thông
L10887,R121,2026-06-25,Cơm gà luộc,35000,35,23000,1,0,1,pickup,12:15,0,0,0.0,Dân cư đông,Cơm văn phòng,Phường Gò Vấp
L10888,R121,2026-06-25,Cơm thịt kho trứng,32000,41,19000,1,0,1,pickup,12:30,0,0,0.0,Dân cư đông,Cơm văn phòng,Phường Gò Vấp
L10889,R121,2026-06-25,Cơm sườn đậu hũ,32000,40,19000,1,0,1,pickup,12:15,0,0,0.0,Dân cư đông,Cơm văn phòng,Phường Gò Vấp
L10890,R121,2026-06-25,Cơm gà xối mỡ,35000,37,22000,1,0,1,pickup,12:00,0,0,0.0,Dân cư đông,Cơm văn phòng,Phường Gò Vấp
L10891,R121,2026-06-25,Cơm canh chua,29000,33,19000,1,0,1,pickup,12:00,0,0,0.0,Dân cư đông,Cơm văn phòng,Phường Gò Vấp
L10892,R122,2026-06-25,Bún riêu thập cẩm,40000,41,24000,6,3,3,pickup,09:30,72000,48000,0.5,Sinh viên,Bún riêu,Phường Linh Xuân
L10893,R123,2026-06-25,Cơm gà xối mỡ,38000,58,16000,16,10,6,delivery,16:00,160000,220000,0.625,Sinh viên,Cơm văn phòng,Phường Bình Trưng
L10894,R124,2026-06-25,Bún bò thập cẩm,43000,33,29000,2,1,1,delivery,15:15,29000,14000,0.5,Sinh viên,Bún bò,Phường Cát Lái
L10895,R124,2026-06-25,Bún bò viên,48000,30,34000,3,1,2,delivery,15:30,34000,14000,0.333,Sinh viên,Bún bò,Phường Cát Lái
L10896,R124,2026-06-25,Bún bò giò heo,52000,30,36000,2,0,2,delivery,15:30,0,0,0.0,Sinh viên,Bún bò,Phường Cát Lái
L10897,R124,2026-06-25,Bún bò gân,42000,32,29000,3,1,2,pickup,15:30,29000,13000,0.333,Sinh viên,Bún bò,Phường Cát Lái
L10898,R124,2026-06-25,Bún bò Huế đặc biệt,46000,32,31000,2,0,2,delivery,15:15,0,0,0.0,Sinh viên,Bún bò,Phường Cát Lái
L10899,R125,2026-06-25,Bánh mì trứng,25000,56,11000,3,2,1,delivery,15:45,22000,28000,0.667,Công nhân,Bánh mì,Phường Lái Thiêu
L10900,R125,2026-06-25,Bánh mì xíu mại,30000,58,13000,3,2,1,delivery,15:15,26000,34000,0.667,Công nhân,Bánh mì,Phường Lái Thiêu
L10901,R126,2026-06-25,Phở bò viên,54000,39,33000,2,1,1,delivery,11:00,33000,21000,0.5,Dân cư đông,Phở,Phường Gò Vấp
L10902,R126,2026-06-25,Phở bò tái nạm,49000,35,32000,3,1,2,delivery,11:45,32000,17000,0.333,Dân cư đông,Phở,Phường Gò Vấp
L10903,R126,2026-06-25,Phở bò tái,53000,33,36000,2,0,2,delivery,11:15,0,0,0.0,Dân cư đông,Phở,Phường Gò Vấp
L10904,R126,2026-06-25,Phở gà,51000,37,32000,2,0,2,delivery,11:45,0,0,0.0,Dân cư đông,Phở,Phường Gò Vấp
L10905,R126,2026-06-25,Phở bò chín,54000,38,33000,2,1,1,delivery,11:30,33000,21000,0.5,Dân cư đông,Phở,Phường Gò Vấp
L10906,R127,2026-06-25,Cơm gà xối mỡ,35000,30,24000,2,0,2,delivery,18:00,0,0,0.0,Dân cư đông,Cơm văn phòng,Phường Tân Sơn Nhất
L10907,R127,2026-06-25,Cơm canh chua,51000,36,33000,2,1,1,delivery,18:15,33000,18000,0.5,Dân cư đông,Cơm văn phòng,Phường Tân Sơn Nhất
L10908,R127,2026-06-25,Cơm sườn đậu hũ,32000,39,20000,2,1,1,delivery,18:30,20000,12000,0.5,Dân cư đông,Cơm văn phòng,Phường Tân Sơn Nhất
L10909,R127,2026-06-25,Cơm gà luộc,39000,30,27000,2,1,1,delivery,18:30,27000,12000,0.5,Dân cư đông,Cơm văn phòng,Phường Tân Sơn Nhất
L10910,R127,2026-06-25,Cơm thịt kho trứng,37000,31,26000,2,0,2,delivery,18:45,0,0,0.0,Dân cư đông,Cơm văn phòng,Phường Tân Sơn Nhất
L10911,R128,2026-06-25,Bánh mì gà,28000,31,19000,3,1,2,pickup,18:00,19000,9000,0.333,Trung tâm,Bánh mì,Phường Đức Nhuận
L10912,R128,2026-06-25,Bánh mì chả lụa,19000,35,12000,3,1,2,delivery,18:00,12000,7000,0.333,Trung tâm,Bánh mì,Phường Đức Nhuận
L10913,R129,2026-06-25,Phở gà,51000,48,27000,1,0,1,pickup,11:15,0,0,0.0,Công nhân,Phở,Phường Dĩ An
L10914,R129,2026-06-25,Phở bò viên,36000,47,19000,2,1,1,pickup,11:45,19000,17000,0.5,Công nhân,Phở,Phường Dĩ An
L10915,R129,2026-06-25,Phở bò tái,48000,47,25000,2,1,1,pickup,11:15,25000,23000,0.5,Công nhân,Phở,Phường Dĩ An
L10916,R130,2026-06-25,Phở gà,44000,49,22000,3,1,2,delivery,10:45,22000,22000,0.333,Công nhân,Phở,Phường Lái Thiêu
L10917,R130,2026-06-25,Phở bò chín,41000,42,24000,4,2,2,delivery,10:15,48000,34000,0.5,Công nhân,Phở,Phường Lái Thiêu
L10918,R130,2026-06-25,Phở bò tái,42000,42,24000,3,2,1,delivery,10:15,48000,36000,0.667,Công nhân,Phở,Phường Lái Thiêu
L10919,R130,2026-06-25,Phở bò viên,55000,42,32000,4,2,2,delivery,10:00,64000,46000,0.5,Công nhân,Phở,Phường Lái Thiêu
L10920,R131,2026-06-25,Bún bò giò heo,55000,52,26000,1,0,1,delivery,20:15,0,0,0.0,Sinh viên,Bún bò,Phường Phước Long
L10921,R131,2026-06-25,Bún bò viên,42000,55,19000,1,0,1,pickup,20:45,0,0,0.0,Sinh viên,Bún bò,Phường Phước Long
L10922,R131,2026-06-25,Bún bò Huế đặc biệt,46000,56,20000,1,0,1,delivery,20:30,0,0,0.0,Sinh viên,Bún bò,Phường Phước Long
L10923,R131,2026-06-25,Bún bò thập cẩm,50000,47,26000,1,0,1,delivery,20:30,0,0,0.0,Sinh viên,Bún bò,Phường Phước Long
L10924,R132,2026-06-25,Cơm sườn đậu hũ,36000,42,21000,3,1,2,pickup,09:15,21000,15000,0.333,Sinh viên,Cơm văn phòng,Phường Linh Xuân
L10925,R132,2026-06-25,Cơm gà luộc,51000,42,30000,4,2,2,pickup,09:45,60000,42000,0.5,Sinh viên,Cơm văn phòng,Phường Linh Xuân
L10926,R132,2026-06-25,Cơm thịt kho trứng,30000,50,15000,4,3,1,delivery,09:45,45000,45000,0.75,Sinh viên,Cơm văn phòng,Phường Linh Xuân
L10927,R133,2026-06-25,Hủ tiếu sa tế,56000,42,32000,13,8,5,delivery,15:00,256000,192000,0.615,Sinh viên,Hủ tiếu,Phường Cát Lái
L10928,R134,2026-06-25,Cơm tấm đặc biệt,40000,36,26000,1,0,1,pickup,15:00,0,0,0.0,Dân cư đông,Cơm tấm,Phường An Nhơn
L10929,R134,2026-06-25,Cơm tấm bì,54000,30,38000,1,0,1,pickup,15:00,0,0,0.0,Dân cư đông,Cơm tấm,Phường An Nhơn
L10930,R134,2026-06-25,Cơm tấm sườn nướng,53000,37,33000,1,0,1,pickup,15:45,0,0,0.0,Dân cư đông,Cơm tấm,Phường An Nhơn
L10931,R135,2026-06-25,Bún bò gân,43000,51,21000,7,6,1,pickup,20:45,126000,132000,0.857,Sinh viên,Bún bò,Phường Cát Lái
L10932,R135,2026-06-25,Bún bò viên,56000,52,27000,7,4,3,pickup,20:00,108000,116000,0.571,Sinh viên,Bún bò,Phường Cát Lái
L10933,R135,2026-06-25,Bún bò thập cẩm,55000,47,29000,6,3,3,pickup,20:15,87000,78000,0.5,Sinh viên,Bún bò,Phường Cát Lái
L10934,R136,2026-06-25,Bún bò gân,43000,60,17000,7,6,1,pickup,10:15,102000,156000,0.857,Công nhân,Bún bò,Phường Đông Hòa
L10935,R136,2026-06-25,Bún bò giò heo,43000,55,19000,6,4,2,pickup,10:45,76000,96000,0.667,Công nhân,Bún bò,Phường Đông Hòa
L10936,R136,2026-06-25,Bún bò viên,45000,58,19000,7,6,1,delivery,10:00,114000,156000,0.857,Công nhân,Bún bò,Phường Đông Hòa
L10937,R137,2026-06-25,Hủ tiếu bò kho,41000,41,24000,1,0,1,delivery,15:30,0,0,0.0,Dân cư đông,Hủ tiếu,Phường Tân Sơn Nhất
L10938,R137,2026-06-25,Hủ tiếu mì,60000,44,34000,1,0,1,delivery,15:45,0,0,0.0,Dân cư đông,Hủ tiếu,Phường Tân Sơn Nhất
L10939,R137,2026-06-25,Hủ tiếu Nam Vang,42000,51,21000,1,0,1,delivery,15:30,0,0,0.0,Dân cư đông,Hủ tiếu,Phường Tân Sơn Nhất
L10940,R137,2026-06-25,Hủ tiếu sa tế,53000,48,28000,1,0,1,delivery,15:30,0,0,0.0,Dân cư đông,Hủ tiếu,Phường Tân Sơn Nhất
L10941,R137,2026-06-25,Hủ tiếu thập cẩm,44000,49,22000,1,0,1,delivery,15:15,0,0,0.0,Dân cư đông,Hủ tiếu,Phường Tân Sơn Nhất
L10942,R138,2026-06-25,Cơm tấm bì,52000,54,24000,1,0,1,delivery,16:15,0,0,0.0,Công nhân,Cơm tấm,Phường Đông Hòa
L10943,R138,2026-06-25,Cơm tấm đặc biệt,42000,60,17000,1,0,1,delivery,16:45,0,0,0.0,Công nhân,Cơm tấm,Phường Đông Hòa
L10944,R138,2026-06-25,Cơm tấm sườn bì chả,53000,60,21000,1,0,1,delivery,16:15,0,0,0.0,Công nhân,Cơm tấm,Phường Đông Hòa
L10945,R138,2026-06-25,Cơm tấm sườn nướng,49000,60,20000,1,0,1,delivery,16:45,0,0,0.0,Công nhân,Cơm tấm,Phường Đông Hòa
L10946,R139,2026-06-25,Bánh mì xíu mại,19000,57,8000,3,2,1,delivery,09:00,16000,22000,0.667,Ngoại ô,Bánh mì,Xã Bà Điểm
L10947,R139,2026-06-25,Bánh mì trứng,20000,54,9000,2,1,1,delivery,09:30,9000,11000,0.5,Ngoại ô,Bánh mì,Xã Bà Điểm
L10948,R139,2026-06-25,Bánh mì chả lụa,31000,56,14000,2,1,1,delivery,09:45,14000,17000,0.5,Ngoại ô,Bánh mì,Xã Bà Điểm
L10949,R140,2026-06-25,Bún riêu thập cẩm,45000,42,26000,6,3,3,delivery,17:45,78000,57000,0.5,Ngoại ô,Bún riêu,Xã Hiệp Phước
L10950,R140,2026-06-25,Bún riêu cua,37000,34,24000,6,1,5,delivery,17:00,24000,13000,0.167,Ngoại ô,Bún riêu,Xã Hiệp Phước
L10951,R141,2026-06-25,Cơm gà xối mỡ,32000,37,20000,2,0,2,delivery,15:15,0,0,0.0,Sinh viên,Cơm văn phòng,Phường Long Bình
L10952,R141,2026-06-25,Cơm thịt kho trứng,48000,30,34000,3,1,2,delivery,15:15,34000,14000,0.333,Sinh viên,Cơm văn phòng,Phường Long Bình
L10953,R142,2026-06-25,Bún riêu cua,40000,48,21000,6,3,3,pickup,11:30,63000,57000,0.5,Công nhân,Bún riêu,Phường Thuận An
L10954,R142,2026-06-25,Bún riêu thập cẩm,39000,50,20000,5,4,1,pickup,11:15,80000,76000,0.8,Công nhân,Bún riêu,Phường Thuận An
L10955,R142,2026-06-25,Bún riêu cua mọc,39000,51,19000,5,4,1,pickup,11:15,76000,80000,0.8,Công nhân,Bún riêu,Phường Thuận An
L10956,R142,2026-06-25,Bún riêu cua đồng,38000,52,18000,5,4,1,pickup,11:45,72000,80000,0.8,Công nhân,Bún riêu,Phường Thuận An
L10957,R143,2026-06-25,Bánh mì chả lụa,19000,42,11000,2,1,1,delivery,16:00,11000,8000,0.5,Sinh viên,Bánh mì,Phường Cát Lái
L10958,R143,2026-06-25,Bánh mì thịt nguội,28000,50,14000,3,2,1,delivery,16:00,28000,28000,0.667,Sinh viên,Bánh mì,Phường Cát Lái
L10959,R143,2026-06-25,Bánh mì xíu mại,24000,43,14000,2,1,1,delivery,16:45,14000,10000,0.5,Sinh viên,Bánh mì,Phường Cát Lái
L10960,R143,2026-06-25,Bánh mì trứng,20000,44,11000,3,1,2,pickup,16:30,11000,9000,0.333,Sinh viên,Bánh mì,Phường Cát Lái
L10961,R144,2026-06-25,Bún bò thập cẩm,52000,59,21000,3,2,1,pickup,15:30,42000,62000,0.667,Sinh viên,Bún bò,Phường Phước Long
L10962,R144,2026-06-25,Bún bò Huế đặc biệt,51000,60,20000,3,2,1,pickup,15:45,40000,62000,0.667,Sinh viên,Bún bò,Phường Phước Long
L10963,R144,2026-06-25,Bún bò viên,41000,60,16000,3,2,1,pickup,15:30,32000,50000,0.667,Sinh viên,Bún bò,Phường Phước Long
L10964,R145,2026-06-25,Cơm tấm đặc biệt,49000,50,24000,2,1,1,pickup,19:00,24000,25000,0.5,Trung tâm,Cơm tấm,Phường Phú Nhuận
L10965,R145,2026-06-25,Cơm tấm sườn nướng,42000,50,21000,1,0,1,delivery,19:45,0,0,0.0,Trung tâm,Cơm tấm,Phường Phú Nhuận
L10966,R145,2026-06-25,Cơm tấm sườn bì chả,47000,42,27000,1,0,1,delivery,19:15,0,0,0.0,Trung tâm,Cơm tấm,Phường Phú Nhuận
L10967,R145,2026-06-25,Cơm tấm bì,33000,51,16000,2,1,1,delivery,19:45,16000,17000,0.5,Trung tâm,Cơm tấm,Phường Phú Nhuận
L10968,R146,2026-06-25,Bún bò viên,50000,57,22000,2,1,1,pickup,16:15,22000,28000,0.5,Công nhân,Bún bò,Phường Tân Đông Hiệp
L10969,R146,2026-06-25,Bún bò giò heo,47000,48,24000,2,1,1,pickup,16:15,24000,23000,0.5,Công nhân,Bún bò,Phường Tân Đông Hiệp
L10970,R146,2026-06-25,Bún bò Huế đặc biệt,45000,48,23000,3,1,2,delivery,16:15,23000,22000,0.333,Công nhân,Bún bò,Phường Tân Đông Hiệp
L10971,R147,2026-06-25,Phở bò chín,50000,36,32000,4,1,3,delivery,14:00,32000,18000,0.25,Công nhân,Phở,Phường Dĩ An
L10972,R147,2026-06-25,Phở gà,49000,35,32000,4,1,3,delivery,14:15,32000,17000,0.25,Công nhân,Phở,Phường Dĩ An
L10973,R148,2026-06-25,Bún bò viên,44000,33,29000,4,1,3,delivery,17:15,29000,15000,0.25,Trung tâm,Bún bò,Phường Cầu Kiệu
L10974,R148,2026-06-25,Bún bò giò heo,49000,35,32000,3,1,2,delivery,17:45,32000,17000,0.333,Trung tâm,Bún bò,Phường Cầu Kiệu
L10975,R149,2026-06-25,Bún bò viên,41000,40,25000,14,7,7,pickup,13:00,175000,112000,0.5,Sinh viên,Bún bò,Phường An Khánh
L10976,R000,2026-06-26,Bún bò giò heo,43000,39,26000,8,3,5,pickup,18:00,78000,51000,0.375,Công nhân,Bún bò,Phường Đông Hòa
L10977,R000,2026-06-26,Bún bò viên,43000,30,30000,8,2,6,delivery,18:30,60000,26000,0.25,Công nhân,Bún bò,Phường Đông Hòa
L10978,R000,2026-06-26,Bún bò Huế đặc biệt,51000,36,33000,9,4,5,delivery,18:30,132000,72000,0.444,Công nhân,Bún bò,Phường Đông Hòa
L10979,R001,2026-06-26,Cơm tấm bì,33000,37,21000,1,0,1,pickup,19:15,0,0,0.0,Ngoại ô,Cơm tấm,Xã Bình Chánh
L10980,R001,2026-06-26,Cơm tấm đặc biệt,30000,39,18000,2,1,1,pickup,19:45,18000,12000,0.5,Ngoại ô,Cơm tấm,Xã Bình Chánh
L10981,R001,2026-06-26,Cơm tấm sườn bì chả,32000,41,19000,2,1,1,pickup,19:30,19000,13000,0.5,Ngoại ô,Cơm tấm,Xã Bình Chánh
L10982,R002,2026-06-26,Hủ tiếu Nam Vang,47000,35,31000,3,1,2,delivery,20:15,31000,16000,0.333,Dân cư đông,Hủ tiếu,Phường An Nhơn
L10983,R002,2026-06-26,Hủ tiếu bò kho,47000,34,31000,2,1,1,delivery,20:00,31000,16000,0.5,Dân cư đông,Hủ tiếu,Phường An Nhơn
L10984,R002,2026-06-26,Hủ tiếu sa tế,53000,33,36000,3,1,2,delivery,20:15,36000,17000,0.333,Dân cư đông,Hủ tiếu,Phường An Nhơn
L10985,R002,2026-06-26,Hủ tiếu thập cẩm,55000,32,37000,3,1,2,delivery,20:45,37000,18000,0.333,Dân cư đông,Hủ tiếu,Phường An Nhơn
L10986,R002,2026-06-26,Hủ tiếu mì,45000,39,27000,3,1,2,pickup,20:15,27000,18000,0.333,Dân cư đông,Hủ tiếu,Phường An Nhơn
L10987,R003,2026-06-26,Phở bò tái,49000,56,22000,5,3,2,delivery,18:45,66000,81000,0.6,Công nhân,Phở,Phường Bình Hòa
L10988,R003,2026-06-26,Phở gà,61000,54,28000,5,3,2,delivery,18:30,84000,99000,0.6,Công nhân,Phở,Phường Bình Hòa
L10989,R003,2026-06-26,Phở bò viên,47000,57,20000,6,4,2,pickup,18:00,80000,108000,0.667,Công nhân,Phở,Phường Bình Hòa
L10990,R003,2026-06-26,Phở bò chín,51000,57,22000,5,4,1,pickup,18:45,88000,116000,0.8,Công nhân,Phở,Phường Bình Hòa
L10991,R004,2026-06-26,Hủ tiếu mì,53000,55,24000,1,0,1,pickup,16:45,0,0,0.0,Sinh viên,Hủ tiếu,Phường Cát Lái
L10992,R004,2026-06-26,Hủ tiếu bò kho,39000,57,17000,1,0,1,delivery,16:15,0,0,0.0,Sinh viên,Hủ tiếu,Phường Cát Lái
L10993,R004,2026-06-26,Hủ tiếu thập cẩm,55000,56,24000,1,0,1,delivery,16:45,0,0,0.0,Sinh viên,Hủ tiếu,Phường Cát Lái
L10994,R004,2026-06-26,Hủ tiếu sa tế,49000,49,25000,1,0,1,delivery,16:45,0,0,0.0,Sinh viên,Hủ tiếu,Phường Cát Lái
L10995,R005,2026-06-26,Hủ tiếu thập cẩm,51000,56,22000,4,3,1,pickup,10:15,66000,87000,0.75,Sinh viên,Hủ tiếu,Phường Long Bình
L10996,R005,2026-06-26,Hủ tiếu Nam Vang,46000,55,21000,4,3,1,pickup,10:30,63000,75000,0.75,Sinh viên,Hủ tiếu,Phường Long Bình
L10997,R005,2026-06-26,Hủ tiếu sa tế,59000,52,28000,3,2,1,pickup,10:00,56000,62000,0.667,Sinh viên,Hủ tiếu,Phường Long Bình
L10998,R005,2026-06-26,Hủ tiếu bò kho,51000,52,24000,4,2,2,pickup,10:45,48000,54000,0.5,Sinh viên,Hủ tiếu,Phường Long Bình
L10999,R006,2026-06-26,Bún bò thập cẩm,44000,40,26000,2,1,1,delivery,17:00,26000,18000,0.5,Trung tâm,Bún bò,Phường Nhiêu Lộc
L11000,R006,2026-06-26,Bún bò viên,55000,45,30000,1,0,1,delivery,17:45,0,0,0.0,Trung tâm,Bún bò,Phường Nhiêu Lộc
L11001,R006,2026-06-26,Bún bò Huế đặc biệt,52000,39,32000,1,0,1,delivery,17:30,0,0,0.0,Trung tâm,Bún bò,Phường Nhiêu Lộc
L11002,R006,2026-06-26,Bún bò giò heo,49000,39,30000,2,0,2,delivery,17:30,0,0,0.0,Trung tâm,Bún bò,Phường Nhiêu Lộc
L11003,R007,2026-06-26,Phở bò viên,54000,37,34000,18,7,11,pickup,09:15,238000,140000,0.389,Dân cư đông,Phở,Phường An Hội Đông
L11004,R008,2026-06-26,Hủ tiếu Nam Vang,49000,43,28000,4,3,1,delivery,16:45,84000,63000,0.75,Công nhân,Hủ tiếu,Phường Thuận An
L11005,R008,2026-06-26,Hủ tiếu bò kho,42000,49,21000,5,2,3,delivery,16:30,42000,42000,0.4,Công nhân,Hủ tiếu,Phường Thuận An
L11006,R008,2026-06-26,Hủ tiếu thập cẩm,47000,47,25000,5,3,2,delivery,16:30,75000,66000,0.6,Công nhân,Hủ tiếu,Phường Thuận An
L11007,R009,2026-06-26,Cơm tấm bì,34000,53,16000,3,2,1,pickup,20:45,32000,36000,0.667,Dân cư đông,Cơm tấm,Phường Tân Bình
L11008,R009,2026-06-26,Cơm tấm sườn nướng,35000,49,18000,3,2,1,pickup,20:15,36000,34000,0.667,Dân cư đông,Cơm tấm,Phường Tân Bình
L11009,R009,2026-06-26,Cơm tấm đặc biệt,34000,49,17000,4,2,2,pickup,20:45,34000,34000,0.5,Dân cư đông,Cơm tấm,Phường Tân Bình
L11010,R010,2026-06-26,Cơm tấm sườn trứng,34000,43,19000,1,0,1,delivery,19:45,0,0,0.0,Trung tâm,Cơm tấm,Phường Đức Nhuận
L11011,R010,2026-06-26,Cơm tấm sườn nướng,48000,43,27000,1,0,1,pickup,19:45,0,0,0.0,Trung tâm,Cơm tấm,Phường Đức Nhuận
L11012,R010,2026-06-26,Cơm tấm bì,34000,47,18000,1,0,1,delivery,19:30,0,0,0.0,Trung tâm,Cơm tấm,Phường Đức Nhuận
L11013,R011,2026-06-26,Bánh mì thịt nguội,26000,38,16000,5,2,3,pickup,20:45,32000,20000,0.4,Ngoại ô,Bánh mì,Xã Hiệp Phước
L11014,R012,2026-06-26,Phở bò tái,48000,60,19000,2,1,1,delivery,20:00,19000,29000,0.5,Dân cư đông,Phở,Phường Khánh Hội
L11015,R012,2026-06-26,Phở bò viên,56000,60,22000,2,1,1,delivery,20:00,22000,34000,0.5,Dân cư đông,Phở,Phường Khánh Hội
L11016,R013,2026-06-26,Phở gà,43000,53,20000,4,3,1,pickup,12:15,60000,69000,0.75,Sinh viên,Phở,Phường Long Bình
L11017,R013,2026-06-26,Phở bò viên,44000,52,21000,4,3,1,delivery,12:00,63000,69000,0.75,Sinh viên,Phở,Phường Long Bình
L11018,R013,2026-06-26,Phở bò tái,49000,50,24000,4,2,2,pickup,12:45,48000,50000,0.5,Sinh viên,Phở,Phường Long Bình
L11019,R013,2026-06-26,Phở bò tái nạm,51000,52,24000,3,2,1,pickup,12:45,48000,54000,0.667,Sinh viên,Phở,Phường Long Bình
L11020,R013,2026-06-26,Phở bò chín,43000,46,23000,3,1,2,delivery,12:45,23000,20000,0.333,Sinh viên,Phở,Phường Long Bình
L11021,R014,2026-06-26,Bánh mì trứng,24000,57,10000,1,0,1,delivery,12:30,0,0,0.0,Sinh viên,Bánh mì,Phường An Khánh
L11022,R014,2026-06-26,Bánh mì chả lụa,25000,59,10000,1,0,1,pickup,12:45,0,0,0.0,Sinh viên,Bánh mì,Phường An Khánh
L11023,R015,2026-06-26,Hủ tiếu thập cẩm,48000,43,27000,7,4,3,delivery,13:45,108000,84000,0.571,Sinh viên,Hủ tiếu,Phường Hiệp Bình
L11024,R015,2026-06-26,Hủ tiếu Nam Vang,42000,40,25000,7,4,3,delivery,13:30,100000,68000,0.571,Sinh viên,Hủ tiếu,Phường Hiệp Bình
L11025,R015,2026-06-26,Hủ tiếu sa tế,49000,46,26000,5,2,3,delivery,13:15,52000,46000,0.4,Sinh viên,Hủ tiếu,Phường Hiệp Bình
L11026,R016,2026-06-26,Phở gà,51000,43,29000,4,3,1,pickup,16:30,87000,66000,0.75,Sinh viên,Phở,Phường Tăng Nhơn Phú
L11027,R016,2026-06-26,Phở bò tái,49000,47,26000,4,3,1,delivery,16:00,78000,69000,0.75,Sinh viên,Phở,Phường Tăng Nhơn Phú
L11028,R016,2026-06-26,Phở bò viên,37000,48,19000,3,1,2,delivery,16:30,19000,18000,0.333,Sinh viên,Phở,Phường Tăng Nhơn Phú
L11029,R017,2026-06-26,Cơm tấm sườn nướng,43000,30,30000,17,9,8,delivery,13:15,270000,117000,0.529,Công nhân,Cơm tấm,Phường Dĩ An
L11030,R018,2026-06-26,Cơm tấm sườn bì chả,30000,45,16000,3,2,1,delivery,16:45,32000,28000,0.667,Công nhân,Cơm tấm,Phường Lái Thiêu
L11031,R019,2026-06-26,Bún bò Huế đặc biệt,38000,42,22000,6,4,2,delivery,18:00,88000,64000,0.667,Sinh viên,Bún bò,Phường Long Bình
L11032,R019,2026-06-26,Bún bò thập cẩm,58000,38,36000,7,2,5,delivery,18:15,72000,44000,0.286,Sinh viên,Bún bò,Phường Long Bình
L11033,R020,2026-06-26,Phở bò viên,53000,42,31000,2,1,1,delivery,09:00,31000,22000,0.5,Công nhân,Phở,Phường Đông Hòa
L11034,R020,2026-06-26,Phở bò tái,53000,36,34000,1,0,1,delivery,09:15,0,0,0.0,Công nhân,Phở,Phường Đông Hòa
L11035,R020,2026-06-26,Phở bò chín,46000,40,28000,1,0,1,delivery,09:30,0,0,0.0,Công nhân,Phở,Phường Đông Hòa
L11036,R020,2026-06-26,Phở gà,47000,35,31000,1,0,1,delivery,09:30,0,0,0.0,Công nhân,Phở,Phường Đông Hòa
L11037,R021,2026-06-26,Hủ tiếu mì,50000,36,32000,3,1,2,pickup,20:30,32000,18000,0.333,Sinh viên,Hủ tiếu,Phường Bình Trưng
L11038,R021,2026-06-26,Hủ tiếu thập cẩm,44000,41,26000,3,2,1,pickup,20:30,52000,36000,0.667,Sinh viên,Hủ tiếu,Phường Bình Trưng
L11039,R022,2026-06-26,Bánh mì thịt nguội,24000,60,10000,2,1,1,pickup,18:45,10000,14000,0.5,Sinh viên,Bánh mì,Phường Long Bình
L11040,R022,2026-06-26,Bánh mì gà,28000,60,11000,2,1,1,pickup,18:15,11000,17000,0.5,Sinh viên,Bánh mì,Phường Long Bình
L11041,R022,2026-06-26,Bánh mì trứng,21000,60,8000,2,1,1,pickup,18:00,8000,13000,0.5,Sinh viên,Bánh mì,Phường Long Bình
L11042,R022,2026-06-26,Bánh mì chả lụa,18000,58,8000,2,1,1,delivery,18:30,8000,10000,0.5,Sinh viên,Bánh mì,Phường Long Bình
L11043,R022,2026-06-26,Bánh mì xíu mại,23000,54,11000,2,1,1,delivery,18:45,11000,12000,0.5,Sinh viên,Bánh mì,Phường Long Bình
L11044,R023,2026-06-26,Bánh mì trứng,21000,33,14000,2,1,1,pickup,17:15,14000,7000,0.5,Công nhân,Bánh mì,Phường Tân Đông Hiệp
L11045,R023,2026-06-26,Bánh mì thịt nguội,28000,30,20000,3,1,2,pickup,17:30,20000,8000,0.333,Công nhân,Bánh mì,Phường Tân Đông Hiệp
L11046,R024,2026-06-26,Hủ tiếu thập cẩm,41000,48,21000,12,9,3,pickup,14:30,189000,180000,0.75,Công nhân,Hủ tiếu,Phường An Phú
L11047,R025,2026-06-26,Cơm thịt kho trứng,30000,30,21000,1,0,1,delivery,11:15,0,0,0.0,Dân cư đông,Cơm văn phòng,Phường An Hội Đông
L11048,R025,2026-06-26,Cơm gà luộc,41000,37,26000,2,1,1,delivery,11:15,26000,15000,0.5,Dân cư đông,Cơm văn phòng,Phường An Hội Đông
L11049,R025,2026-06-26,Cơm sườn đậu hũ,32000,33,21000,2,0,2,delivery,11:30,0,0,0.0,Dân cư đông,Cơm văn phòng,Phường An Hội Đông
L11050,R025,2026-06-26,Cơm gà xối mỡ,35000,30,24000,2,0,2,pickup,11:00,0,0,0.0,Dân cư đông,Cơm văn phòng,Phường An Hội Đông
L11051,R025,2026-06-26,Cơm canh chua,30000,34,20000,2,0,2,delivery,11:30,0,0,0.0,Dân cư đông,Cơm văn phòng,Phường An Hội Đông
L11052,R026,2026-06-26,Bún riêu cua đồng,52000,39,32000,4,1,3,delivery,16:15,32000,20000,0.25,Sinh viên,Bún riêu,Phường Tam Bình
L11053,R027,2026-06-26,Bún bò Huế đặc biệt,41000,30,29000,2,1,1,pickup,17:45,29000,12000,0.5,Công nhân,Bún bò,Phường Hòa Lợi
L11054,R028,2026-06-26,Bánh mì chả lụa,25000,60,10000,8,6,2,delivery,14:45,60000,90000,0.75,Công nhân,Bánh mì,Phường Tân Đông Hiệp
L11055,R029,2026-06-26,Phở bò viên,62000,55,28000,1,0,1,pickup,19:00,0,0,0.0,Trung tâm,Phở,Phường Bến Thành
L11056,R029,2026-06-26,Phở bò chín,46000,60,18000,1,0,1,pickup,19:45,0,0,0.0,Trung tâm,Phở,Phường Bến Thành
L11057,R029,2026-06-26,Phở bò tái nạm,40000,59,16000,1,0,1,delivery,19:30,0,0,0.0,Trung tâm,Phở,Phường Bến Thành
L11058,R029,2026-06-26,Phở gà,47000,55,21000,1,0,1,delivery,19:15,0,0,0.0,Trung tâm,Phở,Phường Bến Thành
L11059,R030,2026-06-26,Bún bò gân,46000,54,21000,14,11,3,delivery,15:15,231000,275000,0.786,Công nhân,Bún bò,Phường An Phú
L11060,R030,2026-06-26,Bún bò giò heo,46000,48,24000,13,7,6,delivery,15:30,168000,154000,0.538,Công nhân,Bún bò,Phường An Phú
L11061,R031,2026-06-26,Phở bò viên,48000,46,26000,5,2,3,delivery,09:30,52000,44000,0.4,Sinh viên,Phở,Phường Phước Long
L11062,R031,2026-06-26,Phở bò chín,42000,37,26000,5,2,3,pickup,09:15,52000,32000,0.4,Sinh viên,Phở,Phường Phước Long
L11063,R032,2026-06-26,Cơm gà xối mỡ,42000,38,26000,4,1,3,delivery,13:30,26000,16000,0.25,Trung tâm,Cơm văn phòng,Phường Cầu Ông Lãnh
L11064,R033,2026-06-26,Cơm tấm sườn bì chả,28000,45,15000,1,0,1,pickup,13:45,0,0,0.0,Dân cư đông,Cơm tấm,Phường Tân Hòa
L11065,R033,2026-06-26,Cơm tấm bì,51000,52,24000,1,0,1,pickup,13:30,0,0,0.0,Dân cư đông,Cơm tấm,Phường Tân Hòa
L11066,R033,2026-06-26,Cơm tấm sườn trứng,44000,47,23000,2,1,1,pickup,13:00,23000,21000,0.5,Dân cư đông,Cơm tấm,Phường Tân Hòa
L11067,R033,2026-06-26,Cơm tấm sườn nướng,36000,46,19000,1,0,1,pickup,13:15,0,0,0.0,Dân cư đông,Cơm tấm,Phường Tân Hòa
L11068,R033,2026-06-26,Cơm tấm đặc biệt,46000,46,25000,1,0,1,pickup,13:30,0,0,0.0,Dân cư đông,Cơm tấm,Phường Tân Hòa
L11069,R034,2026-06-26,Bún bò viên,54000,37,34000,6,2,4,pickup,18:45,68000,40000,0.333,Ngoại ô,Bún bò,Xã Bình Chánh
L11070,R034,2026-06-26,Bún bò thập cẩm,49000,30,34000,5,2,3,delivery,18:45,68000,30000,0.4,Ngoại ô,Bún bò,Xã Bình Chánh
L11071,R035,2026-06-26,Bánh mì chả lụa,27000,60,11000,1,0,1,delivery,12:15,0,0,0.0,Dân cư đông,Bánh mì,Phường Tân Sơn Nhất
L11072,R035,2026-06-26,Bánh mì xíu mại,24000,59,10000,1,0,1,delivery,12:15,0,0,0.0,Dân cư đông,Bánh mì,Phường Tân Sơn Nhất
L11073,R035,2026-06-26,Bánh mì gà,29000,60,12000,1,0,1,delivery,12:00,0,0,0.0,Dân cư đông,Bánh mì,Phường Tân Sơn Nhất
L11074,R035,2026-06-26,Bánh mì thịt nguội,26000,59,11000,1,0,1,delivery,12:45,0,0,0.0,Dân cư đông,Bánh mì,Phường Tân Sơn Nhất
L11075,R035,2026-06-26,Bánh mì trứng,25000,51,12000,1,0,1,delivery,12:00,0,0,0.0,Dân cư đông,Bánh mì,Phường Tân Sơn Nhất
L11076,R036,2026-06-26,Bún bò viên,54000,36,35000,5,2,3,delivery,14:45,70000,38000,0.4,Sinh viên,Bún bò,Phường Phước Long
L11077,R036,2026-06-26,Bún bò giò heo,62000,33,42000,4,1,3,delivery,14:45,42000,20000,0.25,Sinh viên,Bún bò,Phường Phước Long
L11078,R036,2026-06-26,Bún bò Huế đặc biệt,60000,38,37000,4,1,3,pickup,14:30,37000,23000,0.25,Sinh viên,Bún bò,Phường Phước Long
L11079,R037,2026-06-26,Bún bò Huế đặc biệt,46000,40,28000,9,6,3,delivery,15:45,168000,108000,0.667,Trung tâm,Bún bò,Phường Tân Định
L11080,R038,2026-06-26,Bún bò giò heo,45000,44,25000,2,1,1,pickup,17:00,25000,20000,0.5,Công nhân,Bún bò,Phường Thuận Giao
L11081,R038,2026-06-26,Bún bò thập cẩm,38000,46,21000,1,0,1,pickup,17:00,0,0,0.0,Công nhân,Bún bò,Phường Thuận Giao
L11082,R039,2026-06-26,Bún riêu thập cẩm,45000,54,21000,17,15,2,delivery,09:00,315000,360000,0.882,Công nhân,Bún riêu,Phường Đông Hòa
L11083,R040,2026-06-26,Bún bò viên,46000,60,18000,2,1,1,delivery,14:30,18000,28000,0.5,Sinh viên,Bún bò,Phường Bình Trưng
L11084,R041,2026-06-26,Phở bò tái nạm,43000,47,23000,3,1,2,delivery,15:15,23000,20000,0.333,Công nhân,Phở,Phường Tân Khánh
L11085,R041,2026-06-26,Phở gà,45000,50,22000,3,2,1,pickup,15:15,44000,46000,0.667,Công nhân,Phở,Phường Tân Khánh
L11086,R042,2026-06-26,Cơm tấm đặc biệt,32000,54,15000,3,2,1,pickup,11:45,30000,34000,0.667,Trung tâm,Cơm tấm,Phường Tân Định
L11087,R042,2026-06-26,Cơm tấm sườn bì chả,39000,53,18000,2,1,1,pickup,11:00,18000,21000,0.5,Trung tâm,Cơm tấm,Phường Tân Định
L11088,R042,2026-06-26,Cơm tấm sườn trứng,37000,60,15000,2,1,1,delivery,11:15,15000,22000,0.5,Trung tâm,Cơm tấm,Phường Tân Định
L11089,R043,2026-06-26,Cơm canh chua,40000,60,16000,2,1,1,pickup,16:00,16000,24000,0.5,Dân cư đông,Cơm văn phòng,Phường Bảy Hiền
L11090,R043,2026-06-26,Cơm sườn đậu hũ,33000,59,14000,2,1,1,pickup,16:15,14000,19000,0.5,Dân cư đông,Cơm văn phòng,Phường Bảy Hiền
L11091,R043,2026-06-26,Cơm thịt kho trứng,37000,57,16000,2,1,1,pickup,16:15,16000,21000,0.5,Dân cư đông,Cơm văn phòng,Phường Bảy Hiền
L11092,R043,2026-06-26,Cơm gà xối mỡ,38000,60,15000,3,2,1,pickup,16:30,30000,46000,0.667,Dân cư đông,Cơm văn phòng,Phường Bảy Hiền
L11093,R043,2026-06-26,Cơm gà luộc,30000,60,12000,3,2,1,pickup,16:30,24000,36000,0.667,Dân cư đông,Cơm văn phòng,Phường Bảy Hiền
L11094,R044,2026-06-26,Hủ tiếu sa tế,55000,54,25000,3,2,1,delivery,13:00,50000,60000,0.667,Sinh viên,Hủ tiếu,Phường Tam Bình
L11095,R044,2026-06-26,Hủ tiếu mì,57000,50,28000,3,2,1,delivery,13:30,56000,58000,0.667,Sinh viên,Hủ tiếu,Phường Tam Bình
L11096,R044,2026-06-26,Hủ tiếu Nam Vang,56000,54,26000,2,1,1,pickup,13:00,26000,30000,0.5,Sinh viên,Hủ tiếu,Phường Tam Bình
L11097,R045,2026-06-26,Bún bò thập cẩm,50000,42,29000,3,2,1,delivery,17:15,58000,42000,0.667,Công nhân,Bún bò,Phường Thuận An
L11098,R045,2026-06-26,Bún bò viên,45000,46,24000,4,2,2,pickup,17:45,48000,42000,0.5,Công nhân,Bún bò,Phường Thuận An
L11099,R045,2026-06-26,Bún bò gân,40000,46,22000,5,2,3,pickup,17:45,44000,36000,0.4,Công nhân,Bún bò,Phường Thuận An
L11100,R046,2026-06-26,Bánh mì gà,21000,54,10000,2,1,1,pickup,13:00,10000,11000,0.5,Sinh viên,Bánh mì,Phường Cát Lái
L11101,R046,2026-06-26,Bánh mì xíu mại,20000,58,8000,3,2,1,pickup,13:45,16000,24000,0.667,Sinh viên,Bánh mì,Phường Cát Lái
L11102,R046,2026-06-26,Bánh mì trứng,30000,57,13000,2,1,1,pickup,13:15,13000,17000,0.5,Sinh viên,Bánh mì,Phường Cát Lái
L11103,R046,2026-06-26,Bánh mì chả lụa,26000,50,13000,2,1,1,pickup,13:45,13000,13000,0.5,Sinh viên,Bánh mì,Phường Cát Lái
L11104,R046,2026-06-26,Bánh mì thịt nguội,23000,49,12000,3,2,1,pickup,13:15,24000,22000,0.667,Sinh viên,Bánh mì,Phường Cát Lái
L11105,R047,2026-06-26,Bún bò Huế đặc biệt,46000,49,23000,22,11,11,delivery,17:00,253000,253000,0.5,Công nhân,Bún bò,Phường Tân Khánh
L11106,R048,2026-06-26,Bánh mì thịt nguội,26000,54,12000,4,3,1,pickup,18:15,36000,42000,0.75,Công nhân,Bánh mì,Phường An Phú
L11107,R048,2026-06-26,Bánh mì chả lụa,25000,50,12000,4,3,1,delivery,18:15,36000,39000,0.75,Công nhân,Bánh mì,Phường An Phú
L11108,R049,2026-06-26,Phở bò tái,50000,39,30000,1,0,1,delivery,12:15,0,0,0.0,Sinh viên,Phở,Phường Thủ Đức
L11109,R049,2026-06-26,Phở gà,53000,43,30000,1,0,1,pickup,12:15,0,0,0.0,Sinh viên,Phở,Phường Thủ Đức
L11110,R049,2026-06-26,Phở bò tái nạm,48000,45,26000,1,0,1,pickup,12:00,0,0,0.0,Sinh viên,Phở,Phường Thủ Đức
L11111,R049,2026-06-26,Phở bò viên,58000,43,33000,1,0,1,pickup,12:15,0,0,0.0,Sinh viên,Phở,Phường Thủ Đức
L11112,R050,2026-06-26,Bánh mì gà,17000,44,10000,1,0,1,delivery,17:00,0,0,0.0,Ngoại ô,Bánh mì,Xã Hưng Long
L11113,R051,2026-06-26,Hủ tiếu mì,47000,56,21000,6,4,2,pickup,13:00,84000,104000,0.667,Dân cư đông,Hủ tiếu,Phường Hạnh Thông
L11114,R052,2026-06-26,Cơm tấm đặc biệt,42000,37,26000,4,1,3,delivery,18:00,26000,16000,0.25,Dân cư đông,Cơm tấm,Phường Xóm Chiếu
L11115,R052,2026-06-26,Cơm tấm sườn bì chả,31000,41,18000,4,2,2,delivery,18:00,36000,26000,0.5,Dân cư đông,Cơm tấm,Phường Xóm Chiếu
L11116,R052,2026-06-26,Cơm tấm sườn nướng,32000,42,19000,4,2,2,delivery,18:45,38000,26000,0.5,Dân cư đông,Cơm tấm,Phường Xóm Chiếu
L11117,R053,2026-06-26,Bánh mì thịt nguội,28000,60,11000,4,3,1,delivery,17:45,33000,51000,0.75,Dân cư đông,Bánh mì,Phường Gia Định
L11118,R053,2026-06-26,Bánh mì xíu mại,19000,60,8000,4,2,2,delivery,17:00,16000,22000,0.5,Dân cư đông,Bánh mì,Phường Gia Định
L11119,R053,2026-06-26,Bánh mì chả lụa,28000,57,12000,4,3,1,pickup,17:15,36000,48000,0.75,Dân cư đông,Bánh mì,Phường Gia Định
L11120,R053,2026-06-26,Bánh mì gà,24000,60,10000,3,2,1,pickup,17:45,20000,28000,0.667,Dân cư đông,Bánh mì,Phường Gia Định
L11121,R053,2026-06-26,Bánh mì trứng,25000,55,11000,3,2,1,pickup,17:30,22000,28000,0.667,Dân cư đông,Bánh mì,Phường Gia Định
L11122,R054,2026-06-26,Bánh mì gà,31000,56,14000,4,2,2,delivery,11:30,28000,34000,0.5,Công nhân,Bánh mì,Phường Bình Hòa
L11123,R054,2026-06-26,Bánh mì chả lụa,28000,52,13000,3,2,1,pickup,11:15,26000,30000,0.667,Công nhân,Bánh mì,Phường Bình Hòa
L11124,R054,2026-06-26,Bánh mì trứng,33000,52,16000,3,2,1,delivery,11:45,32000,34000,0.667,Công nhân,Bánh mì,Phường Bình Hòa
L11125,R054,2026-06-26,Bánh mì xíu mại,30000,52,14000,4,2,2,pickup,11:45,28000,32000,0.5,Công nhân,Bánh mì,Phường Bình Hòa
L11126,R055,2026-06-26,Cơm tấm bì,29000,60,12000,2,1,1,pickup,12:15,12000,17000,0.5,Dân cư đông,Cơm tấm,Phường Thông Tây Hội
L11127,R055,2026-06-26,Cơm tấm đặc biệt,37000,60,15000,1,0,1,pickup,12:30,0,0,0.0,Dân cư đông,Cơm tấm,Phường Thông Tây Hội
L11128,R055,2026-06-26,Cơm tấm sườn bì chả,47000,57,20000,1,0,1,pickup,12:15,0,0,0.0,Dân cư đông,Cơm tấm,Phường Thông Tây Hội
L11129,R055,2026-06-26,Cơm tấm sườn nướng,34000,57,15000,1,0,1,delivery,12:15,0,0,0.0,Dân cư đông,Cơm tấm,Phường Thông Tây Hội
L11130,R055,2026-06-26,Cơm tấm sườn trứng,31000,60,12000,1,0,1,delivery,12:45,0,0,0.0,Dân cư đông,Cơm tấm,Phường Thông Tây Hội
L11131,R056,2026-06-26,Hủ tiếu mì,50000,40,30000,4,2,2,delivery,17:45,60000,40000,0.5,Trung tâm,Hủ tiếu,Phường Nhiêu Lộc
L11132,R056,2026-06-26,Hủ tiếu bò kho,46000,35,30000,5,2,3,delivery,17:30,60000,32000,0.4,Trung tâm,Hủ tiếu,Phường Nhiêu Lộc
L11133,R057,2026-06-26,Bún bò thập cẩm,48000,47,25000,1,0,1,pickup,18:45,0,0,0.0,Sinh viên,Bún bò,Phường Bình Trưng
L11134,R057,2026-06-26,Bún bò Huế đặc biệt,45000,48,23000,1,0,1,pickup,18:00,0,0,0.0,Sinh viên,Bún bò,Phường Bình Trưng
L11135,R058,2026-06-26,Bánh mì trứng,21000,39,13000,1,0,1,pickup,19:30,0,0,0.0,Trung tâm,Bánh mì,Phường Cầu Kiệu
L11136,R058,2026-06-26,Bánh mì gà,31000,30,22000,1,0,1,pickup,19:30,0,0,0.0,Trung tâm,Bánh mì,Phường Cầu Kiệu
L11137,R058,2026-06-26,Bánh mì chả lụa,30000,34,20000,1,0,1,pickup,19:15,0,0,0.0,Trung tâm,Bánh mì,Phường Cầu Kiệu
L11138,R058,2026-06-26,Bánh mì xíu mại,26000,30,18000,1,0,1,pickup,19:45,0,0,0.0,Trung tâm,Bánh mì,Phường Cầu Kiệu
L11139,R059,2026-06-26,Cơm tấm sườn bì chả,53000,30,37000,2,0,2,pickup,14:30,0,0,0.0,Sinh viên,Cơm tấm,Phường Tam Bình
L11140,R059,2026-06-26,Cơm tấm bì,40000,32,27000,1,0,1,delivery,14:00,0,0,0.0,Sinh viên,Cơm tấm,Phường Tam Bình
L11141,R060,2026-06-26,Phở bò tái nạm,46000,58,19000,2,1,1,delivery,10:15,19000,27000,0.5,Công nhân,Phở,Phường Tân Đông Hiệp
L11142,R061,2026-06-26,Cơm tấm sườn nướng,35000,41,21000,4,2,2,delivery,15:30,42000,28000,0.5,Sinh viên,Cơm tấm,Phường Tam Bình
L11143,R061,2026-06-26,Cơm tấm sườn bì chả,37000,45,20000,5,2,3,delivery,15:00,40000,34000,0.4,Sinh viên,Cơm tấm,Phường Tam Bình
L11144,R062,2026-06-26,Phở bò tái,44000,30,31000,1,0,1,delivery,10:00,0,0,0.0,Dân cư đông,Phở,Phường Hạnh Thông
L11145,R062,2026-06-26,Phở bò viên,52000,31,36000,1,0,1,delivery,10:15,0,0,0.0,Dân cư đông,Phở,Phường Hạnh Thông
L11146,R062,2026-06-26,Phở gà,49000,36,31000,1,0,1,delivery,10:00,0,0,0.0,Dân cư đông,Phở,Phường Hạnh Thông
L11147,R062,2026-06-26,Phở bò chín,47000,34,31000,1,0,1,delivery,10:00,0,0,0.0,Dân cư đông,Phở,Phường Hạnh Thông
L11148,R062,2026-06-26,Phở bò tái nạm,43000,35,28000,1,0,1,delivery,10:30,0,0,0.0,Dân cư đông,Phở,Phường Hạnh Thông
L11149,R063,2026-06-26,Hủ tiếu bò kho,44000,38,27000,4,1,3,delivery,19:45,27000,17000,0.25,Công nhân,Hủ tiếu,Phường Thuận Giao
L11150,R063,2026-06-26,Hủ tiếu thập cẩm,61000,38,38000,4,2,2,delivery,19:15,76000,46000,0.5,Công nhân,Hủ tiếu,Phường Thuận Giao
L11151,R063,2026-06-26,Hủ tiếu mì,42000,45,23000,4,2,2,delivery,19:00,46000,38000,0.5,Công nhân,Hủ tiếu,Phường Thuận Giao
L11152,R064,2026-06-26,Bún bò giò heo,60000,38,37000,3,1,2,delivery,10:45,37000,23000,0.333,Sinh viên,Bún bò,Phường Tăng Nhơn Phú
L11153,R064,2026-06-26,Bún bò gân,61000,46,33000,3,2,1,delivery,10:30,66000,56000,0.667,Sinh viên,Bún bò,Phường Tăng Nhơn Phú
L11154,R064,2026-06-26,Bún bò thập cẩm,45000,44,25000,3,1,2,pickup,10:15,25000,20000,0.333,Sinh viên,Bún bò,Phường Tăng Nhơn Phú
L11155,R065,2026-06-26,Cơm tấm sườn nướng,37000,58,16000,2,1,1,pickup,19:45,16000,21000,0.5,Công nhân,Cơm tấm,Phường Đông Hòa
L11156,R065,2026-06-26,Cơm tấm bì,28000,58,12000,2,1,1,pickup,19:30,12000,16000,0.5,Công nhân,Cơm tấm,Phường Đông Hòa
L11157,R065,2026-06-26,Cơm tấm sườn bì chả,28000,55,13000,2,1,1,pickup,19:45,13000,15000,0.5,Công nhân,Cơm tấm,Phường Đông Hòa
L11158,R066,2026-06-26,Cơm canh chua,29000,57,12000,5,4,1,pickup,09:15,48000,68000,0.8,Sinh viên,Cơm văn phòng,Phường An Khánh
L11159,R066,2026-06-26,Cơm gà luộc,37000,60,15000,4,3,1,pickup,09:30,45000,66000,0.75,Sinh viên,Cơm văn phòng,Phường An Khánh
L11160,R066,2026-06-26,Cơm thịt kho trứng,28000,60,11000,4,2,2,pickup,09:00,22000,34000,0.5,Sinh viên,Cơm văn phòng,Phường An Khánh
L11161,R067,2026-06-26,Cơm thịt kho trứng,27000,44,15000,1,0,1,pickup,19:30,0,0,0.0,Dân cư đông,Cơm văn phòng,Phường An Hội Đông
L11162,R067,2026-06-26,Cơm gà luộc,38000,44,21000,1,0,1,pickup,19:15,0,0,0.0,Dân cư đông,Cơm văn phòng,Phường An Hội Đông
L11163,R067,2026-06-26,Cơm sườn đậu hũ,41000,51,20000,1,0,1,delivery,19:30,0,0,0.0,Dân cư đông,Cơm văn phòng,Phường An Hội Đông
L11164,R067,2026-06-26,Cơm gà xối mỡ,46000,50,23000,1,0,1,pickup,19:45,0,0,0.0,Dân cư đông,Cơm văn phòng,Phường An Hội Đông
L11165,R067,2026-06-26,Cơm canh chua,33000,42,19000,1,0,1,pickup,19:15,0,0,0.0,Dân cư đông,Cơm văn phòng,Phường An Hội Đông
L11166,R068,2026-06-26,Bún riêu thập cẩm,41000,30,29000,1,0,1,delivery,19:30,0,0,0.0,Trung tâm,Bún riêu,Phường Xuân Hòa
L11167,R068,2026-06-26,Bún riêu cua,42000,34,28000,1,0,1,delivery,19:45,0,0,0.0,Trung tâm,Bún riêu,Phường Xuân Hòa
L11168,R068,2026-06-26,Bún riêu cua đồng,31000,31,21000,1,0,1,delivery,19:00,0,0,0.0,Trung tâm,Bún riêu,Phường Xuân Hòa
L11169,R069,2026-06-26,Bánh mì chả lụa,20000,52,10000,1,0,1,pickup,20:00,0,0,0.0,Ngoại ô,Bánh mì,Xã Xuân Thới Sơn
L11170,R069,2026-06-26,Bánh mì trứng,26000,42,15000,1,0,1,delivery,20:00,0,0,0.0,Ngoại ô,Bánh mì,Xã Xuân Thới Sơn
L11171,R069,2026-06-26,Bánh mì thịt nguội,27000,52,13000,1,0,1,pickup,20:45,0,0,0.0,Ngoại ô,Bánh mì,Xã Xuân Thới Sơn
L11172,R070,2026-06-26,Hủ tiếu sa tế,56000,59,23000,1,0,1,delivery,19:45,0,0,0.0,Dân cư đông,Hủ tiếu,Phường Gò Vấp
L11173,R070,2026-06-26,Hủ tiếu mì,44000,56,19000,1,0,1,delivery,19:00,0,0,0.0,Dân cư đông,Hủ tiếu,Phường Gò Vấp
L11174,R070,2026-06-26,Hủ tiếu bò kho,46000,60,18000,1,0,1,delivery,19:45,0,0,0.0,Dân cư đông,Hủ tiếu,Phường Gò Vấp
L11175,R070,2026-06-26,Hủ tiếu Nam Vang,45000,59,18000,1,0,1,pickup,19:30,0,0,0.0,Dân cư đông,Hủ tiếu,Phường Gò Vấp
L11176,R071,2026-06-26,Cơm tấm đặc biệt,39000,32,27000,3,1,2,pickup,11:30,27000,12000,0.333,Sinh viên,Cơm tấm,Phường Bình Trưng
L11177,R071,2026-06-26,Cơm tấm sườn bì chả,34000,34,22000,3,1,2,pickup,11:30,22000,12000,0.333,Sinh viên,Cơm tấm,Phường Bình Trưng
L11178,R071,2026-06-26,Cơm tấm sườn trứng,33000,37,21000,3,1,2,delivery,11:15,21000,12000,0.333,Sinh viên,Cơm tấm,Phường Bình Trưng
L11179,R071,2026-06-26,Cơm tấm bì,36000,38,22000,4,2,2,delivery,11:00,44000,28000,0.5,Sinh viên,Cơm tấm,Phường Bình Trưng
L11180,R071,2026-06-26,Cơm tấm sườn nướng,50000,35,32000,4,2,2,pickup,11:45,64000,36000,0.5,Sinh viên,Cơm tấm,Phường Bình Trưng
L11181,R072,2026-06-26,Cơm sườn đậu hũ,39000,53,18000,4,3,1,delivery,14:15,54000,63000,0.75,Trung tâm,Cơm văn phòng,Phường Bến Thành
L11182,R072,2026-06-26,Cơm gà luộc,45000,58,19000,5,4,1,delivery,14:15,76000,104000,0.8,Trung tâm,Cơm văn phòng,Phường Bến Thành
L11183,R073,2026-06-26,Bánh mì gà,16000,47,8000,2,1,1,delivery,16:15,8000,8000,0.5,Dân cư đông,Bánh mì,Phường Vĩnh Hội
L11184,R073,2026-06-26,Bánh mì chả lụa,29000,44,16000,2,1,1,delivery,16:00,16000,13000,0.5,Dân cư đông,Bánh mì,Phường Vĩnh Hội
L11185,R074,2026-06-26,Cơm sườn đậu hũ,46000,31,32000,2,1,1,pickup,17:30,32000,14000,0.5,Dân cư đông,Cơm văn phòng,Phường Bình Lợi Trung
L11186,R074,2026-06-26,Cơm thịt kho trứng,35000,33,23000,2,0,2,pickup,17:15,0,0,0.0,Dân cư đông,Cơm văn phòng,Phường Bình Lợi Trung
L11187,R074,2026-06-26,Cơm gà luộc,27000,30,19000,2,0,2,pickup,17:15,0,0,0.0,Dân cư đông,Cơm văn phòng,Phường Bình Lợi Trung
L11188,R074,2026-06-26,Cơm gà xối mỡ,27000,33,18000,2,1,1,pickup,17:15,18000,9000,0.5,Dân cư đông,Cơm văn phòng,Phường Bình Lợi Trung
L11189,R074,2026-06-26,Cơm canh chua,31000,30,22000,2,1,1,pickup,17:30,22000,9000,0.5,Dân cư đông,Cơm văn phòng,Phường Bình Lợi Trung
L11190,R075,2026-06-26,Cơm tấm sườn trứng,34000,54,16000,4,3,1,delivery,15:30,48000,54000,0.75,Dân cư đông,Cơm tấm,Phường Vĩnh Hội
L11191,R075,2026-06-26,Cơm tấm sườn nướng,38000,46,21000,3,2,1,pickup,15:15,42000,34000,0.667,Dân cư đông,Cơm tấm,Phường Vĩnh Hội
L11192,R075,2026-06-26,Cơm tấm bì,40000,47,21000,4,2,2,pickup,15:15,42000,38000,0.5,Dân cư đông,Cơm tấm,Phường Vĩnh Hội
L11193,R076,2026-06-26,Phở bò viên,48000,42,28000,5,2,3,pickup,12:30,56000,40000,0.4,Dân cư đông,Phở,Phường An Nhơn
L11194,R076,2026-06-26,Phở bò tái,42000,45,23000,7,5,2,pickup,12:30,115000,95000,0.714,Dân cư đông,Phở,Phường An Nhơn
L11195,R076,2026-06-26,Phở bò chín,51000,38,32000,7,2,5,pickup,12:15,64000,38000,0.286,Dân cư đông,Phở,Phường An Nhơn
L11196,R077,2026-06-26,Cơm tấm sườn bì chả,31000,45,17000,2,1,1,delivery,14:00,17000,14000,0.5,Trung tâm,Cơm tấm,Phường Xuân Hòa
L11197,R077,2026-06-26,Cơm tấm sườn trứng,37000,42,21000,3,1,2,pickup,14:45,21000,16000,0.333,Trung tâm,Cơm tấm,Phường Xuân Hòa
L11198,R077,2026-06-26,Cơm tấm bì,33000,45,18000,2,1,1,pickup,14:45,18000,15000,0.5,Trung tâm,Cơm tấm,Phường Xuân Hòa
L11199,R078,2026-06-26,Bún riêu thập cẩm,37000,37,23000,2,0,2,delivery,13:30,0,0,0.0,Công nhân,Bún riêu,Phường Tân Đông Hiệp
L11200,R078,2026-06-26,Bún riêu cua,37000,37,23000,2,1,1,delivery,13:00,23000,14000,0.5,Công nhân,Bún riêu,Phường Tân Đông Hiệp
L11201,R078,2026-06-26,Bún riêu cua mọc,48000,34,32000,2,0,2,delivery,13:30,0,0,0.0,Công nhân,Bún riêu,Phường Tân Đông Hiệp
L11202,R078,2026-06-26,Bún riêu cua đồng,35000,38,22000,2,1,1,delivery,13:15,22000,13000,0.5,Công nhân,Bún riêu,Phường Tân Đông Hiệp
L11203,R079,2026-06-26,Cơm tấm sườn trứng,29000,48,15000,6,3,3,pickup,16:00,45000,42000,0.5,Sinh viên,Cơm tấm,Phường Bình Trưng
L11204,R080,2026-06-26,Cơm tấm sườn nướng,36000,41,21000,1,0,1,delivery,09:00,0,0,0.0,Dân cư đông,Cơm tấm,Phường An Hội Đông
L11205,R080,2026-06-26,Cơm tấm bì,34000,48,18000,1,0,1,delivery,09:30,0,0,0.0,Dân cư đông,Cơm tấm,Phường An Hội Đông
L11206,R080,2026-06-26,Cơm tấm sườn trứng,38000,50,19000,2,1,1,delivery,09:15,19000,19000,0.5,Dân cư đông,Cơm tấm,Phường An Hội Đông
L11207,R080,2026-06-26,Cơm tấm đặc biệt,35000,50,18000,1,0,1,pickup,09:45,0,0,0.0,Dân cư đông,Cơm tấm,Phường An Hội Đông
L11208,R080,2026-06-26,Cơm tấm sườn bì chả,39000,45,21000,1,0,1,delivery,09:30,0,0,0.0,Dân cư đông,Cơm tấm,Phường An Hội Đông
L11209,R081,2026-06-26,Bún riêu cua,53000,50,26000,3,2,1,pickup,09:00,52000,54000,0.667,Công nhân,Bún riêu,Phường Đông Hòa
L11210,R081,2026-06-26,Bún riêu thập cẩm,35000,59,14000,3,2,1,pickup,09:45,28000,42000,0.667,Công nhân,Bún riêu,Phường Đông Hòa
L11211,R081,2026-06-26,Bún riêu cua đồng,42000,55,19000,4,3,1,pickup,09:00,57000,69000,0.75,Công nhân,Bún riêu,Phường Đông Hòa
L11212,R081,2026-06-26,Bún riêu cua mọc,41000,58,17000,4,3,1,pickup,09:45,51000,72000,0.75,Công nhân,Bún riêu,Phường Đông Hòa
L11213,R082,2026-06-26,Hủ tiếu Nam Vang,36000,57,15000,9,6,3,delivery,19:15,90000,126000,0.667,Sinh viên,Hủ tiếu,Phường Tăng Nhơn Phú
L11214,R082,2026-06-26,Hủ tiếu sa tế,43000,57,18000,8,6,2,delivery,19:00,108000,150000,0.75,Sinh viên,Hủ tiếu,Phường Tăng Nhơn Phú
L11215,R083,2026-06-26,Cơm tấm sườn nướng,31000,36,20000,2,1,1,delivery,14:00,20000,11000,0.5,Trung tâm,Cơm tấm,Phường Sài Gòn
L11216,R083,2026-06-26,Cơm tấm bì,32000,37,20000,2,0,2,delivery,14:00,0,0,0.0,Trung tâm,Cơm tấm,Phường Sài Gòn
L11217,R083,2026-06-26,Cơm tấm sườn bì chả,34000,37,21000,1,0,1,pickup,14:15,0,0,0.0,Trung tâm,Cơm tấm,Phường Sài Gòn
L11218,R084,2026-06-26,Bún riêu thập cẩm,49000,37,31000,2,0,2,pickup,18:00,0,0,0.0,Sinh viên,Bún riêu,Phường Hiệp Bình
L11219,R085,2026-06-26,Bánh mì thịt nguội,24000,54,11000,14,12,2,pickup,20:15,132000,156000,0.857,Sinh viên,Bánh mì,Phường Tăng Nhơn Phú
L11220,R086,2026-06-26,Phở bò viên,52000,53,24000,1,0,1,delivery,10:15,0,0,0.0,Dân cư đông,Phở,Phường Tân Sơn Nhất
L11221,R086,2026-06-26,Phở bò chín,43000,53,20000,1,0,1,delivery,10:00,0,0,0.0,Dân cư đông,Phở,Phường Tân Sơn Nhất
L11222,R086,2026-06-26,Phở bò tái,36000,53,17000,1,0,1,delivery,10:45,0,0,0.0,Dân cư đông,Phở,Phường Tân Sơn Nhất
L11223,R086,2026-06-26,Phở bò tái nạm,46000,55,21000,1,0,1,delivery,10:45,0,0,0.0,Dân cư đông,Phở,Phường Tân Sơn Nhất
L11224,R086,2026-06-26,Phở gà,47000,60,19000,1,0,1,delivery,10:15,0,0,0.0,Dân cư đông,Phở,Phường Tân Sơn Nhất
L11225,R087,2026-06-26,Phở bò viên,44000,33,29000,12,4,8,pickup,13:45,116000,60000,0.333,Công nhân,Phở,Phường Thuận An
L11226,R087,2026-06-26,Phở gà,36000,33,24000,14,4,10,pickup,13:15,96000,48000,0.286,Công nhân,Phở,Phường Thuận An
L11227,R088,2026-06-26,Cơm tấm sườn trứng,43000,60,17000,3,2,1,delivery,09:45,34000,52000,0.667,Dân cư đông,Cơm tấm,Phường Gò Vấp
L11228,R088,2026-06-26,Cơm tấm sườn bì chả,50000,60,20000,3,2,1,delivery,09:45,40000,60000,0.667,Dân cư đông,Cơm tấm,Phường Gò Vấp
L11229,R088,2026-06-26,Cơm tấm sườn nướng,41000,55,18000,3,2,1,pickup,09:15,36000,46000,0.667,Dân cư đông,Cơm tấm,Phường Gò Vấp
L11230,R088,2026-06-26,Cơm tấm bì,44000,56,19000,3,2,1,delivery,09:00,38000,50000,0.667,Dân cư đông,Cơm tấm,Phường Gò Vấp
L11231,R088,2026-06-26,Cơm tấm đặc biệt,35000,58,15000,3,2,1,delivery,09:15,30000,40000,0.667,Dân cư đông,Cơm tấm,Phường Gò Vấp
L11232,R089,2026-06-26,Hủ tiếu bò kho,46000,39,28000,1,0,1,pickup,15:45,0,0,0.0,Công nhân,Hủ tiếu,Phường Đông Hòa
L11233,R089,2026-06-26,Hủ tiếu sa tế,56000,35,36000,1,0,1,delivery,15:45,0,0,0.0,Công nhân,Hủ tiếu,Phường Đông Hòa
L11234,R089,2026-06-26,Hủ tiếu thập cẩm,44000,30,31000,1,0,1,pickup,15:45,0,0,0.0,Công nhân,Hủ tiếu,Phường Đông Hòa
L11235,R089,2026-06-26,Hủ tiếu Nam Vang,40000,31,28000,1,0,1,delivery,15:00,0,0,0.0,Công nhân,Hủ tiếu,Phường Đông Hòa
L11236,R090,2026-06-26,Hủ tiếu bò kho,47000,42,27000,17,11,6,delivery,09:30,297000,220000,0.647,Sinh viên,Hủ tiếu,Phường Thủ Đức
L11237,R091,2026-06-26,Bánh mì xíu mại,24000,60,10000,2,1,1,delivery,12:00,10000,14000,0.5,Dân cư đông,Bánh mì,Phường Xóm Chiếu
L11238,R092,2026-06-26,Cơm tấm đặc biệt,41000,39,25000,2,0,2,delivery,17:30,0,0,0.0,Dân cư đông,Cơm tấm,Phường Gia Định
L11239,R092,2026-06-26,Cơm tấm sườn bì chả,40000,37,25000,3,1,2,pickup,17:45,25000,15000,0.333,Dân cư đông,Cơm tấm,Phường Gia Định
L11240,R092,2026-06-26,Cơm tấm sườn nướng,29000,35,19000,2,0,2,delivery,17:00,0,0,0.0,Dân cư đông,Cơm tấm,Phường Gia Định
L11241,R092,2026-06-26,Cơm tấm sườn trứng,34000,40,20000,2,1,1,delivery,17:30,20000,14000,0.5,Dân cư đông,Cơm tấm,Phường Gia Định
L11242,R092,2026-06-26,Cơm tấm bì,28000,35,18000,2,0,2,delivery,17:15,0,0,0.0,Dân cư đông,Cơm tấm,Phường Gia Định
L11243,R093,2026-06-26,Phở gà,52000,41,31000,5,3,2,pickup,09:30,93000,63000,0.6,Công nhân,Phở,Phường Tân Đông Hiệp
L11244,R093,2026-06-26,Phở bò tái nạm,50000,39,30000,5,3,2,pickup,09:00,90000,60000,0.6,Công nhân,Phở,Phường Tân Đông Hiệp
L11245,R093,2026-06-26,Phở bò viên,50000,41,30000,6,4,2,delivery,09:30,120000,80000,0.667,Công nhân,Phở,Phường Tân Đông Hiệp
L11246,R093,2026-06-26,Phở bò chín,53000,31,37000,5,3,2,delivery,09:00,111000,48000,0.6,Công nhân,Phở,Phường Tân Đông Hiệp
L11247,R094,2026-06-26,Hủ tiếu mì,55000,55,25000,10,7,3,delivery,12:30,175000,210000,0.7,Dân cư đông,Hủ tiếu,Phường Bình Lợi Trung
L11248,R095,2026-06-26,Cơm tấm sườn nướng,38000,60,15000,2,1,1,delivery,14:30,15000,23000,0.5,Công nhân,Cơm tấm,Phường Lái Thiêu
L11249,R095,2026-06-26,Cơm tấm sườn bì chả,37000,56,16000,2,1,1,delivery,14:00,16000,21000,0.5,Công nhân,Cơm tấm,Phường Lái Thiêu
L11250,R095,2026-06-26,Cơm tấm sườn trứng,38000,59,16000,2,1,1,delivery,14:30,16000,22000,0.5,Công nhân,Cơm tấm,Phường Lái Thiêu
L11251,R095,2026-06-26,Cơm tấm bì,32000,60,13000,2,1,1,delivery,14:45,13000,19000,0.5,Công nhân,Cơm tấm,Phường Lái Thiêu
L11252,R096,2026-06-26,Cơm canh chua,30000,46,16000,12,7,5,pickup,14:15,112000,98000,0.583,Công nhân,Cơm văn phòng,Phường Lái Thiêu
L11253,R096,2026-06-26,Cơm gà xối mỡ,28000,48,15000,11,6,5,pickup,14:45,90000,78000,0.545,Công nhân,Cơm văn phòng,Phường Lái Thiêu
L11254,R097,2026-06-26,Hủ tiếu thập cẩm,61000,57,26000,3,2,1,delivery,20:45,52000,70000,0.667,Công nhân,Hủ tiếu,Phường Tân Đông Hiệp
L11255,R097,2026-06-26,Hủ tiếu sa tế,38000,55,17000,3,2,1,pickup,20:30,34000,42000,0.667,Công nhân,Hủ tiếu,Phường Tân Đông Hiệp
L11256,R097,2026-06-26,Hủ tiếu mì,49000,49,25000,3,1,2,pickup,20:45,25000,24000,0.333,Công nhân,Hủ tiếu,Phường Tân Đông Hiệp
L11257,R098,2026-06-26,Bún riêu thập cẩm,48000,39,29000,2,0,2,delivery,16:15,0,0,0.0,Trung tâm,Bún riêu,Phường Xuân Hòa
L11258,R099,2026-06-26,Cơm gà xối mỡ,25000,57,11000,1,0,1,pickup,09:00,0,0,0.0,Sinh viên,Cơm văn phòng,Phường An Khánh
L11259,R099,2026-06-26,Cơm sườn đậu hũ,40000,60,16000,1,0,1,pickup,09:30,0,0,0.0,Sinh viên,Cơm văn phòng,Phường An Khánh
L11260,R099,2026-06-26,Cơm canh chua,53000,58,22000,1,0,1,pickup,09:45,0,0,0.0,Sinh viên,Cơm văn phòng,Phường An Khánh
L11261,R099,2026-06-26,Cơm gà luộc,42000,54,19000,1,0,1,pickup,09:30,0,0,0.0,Sinh viên,Cơm văn phòng,Phường An Khánh
L11262,R099,2026-06-26,Cơm thịt kho trứng,45000,60,18000,1,0,1,pickup,09:45,0,0,0.0,Sinh viên,Cơm văn phòng,Phường An Khánh
L11263,R100,2026-06-26,Hủ tiếu mì,46000,47,24000,3,1,2,pickup,15:45,24000,22000,0.333,Trung tâm,Hủ tiếu,Phường Tân Định
L11264,R100,2026-06-26,Hủ tiếu thập cẩm,50000,40,30000,3,1,2,pickup,15:00,30000,20000,0.333,Trung tâm,Hủ tiếu,Phường Tân Định
L11265,R101,2026-06-26,Phở bò viên,55000,30,38000,1,0,1,pickup,09:45,0,0,0.0,Công nhân,Phở,Phường Bình Hòa
L11266,R101,2026-06-26,Phở bò tái nạm,41000,30,29000,1,0,1,pickup,09:45,0,0,0.0,Công nhân,Phở,Phường Bình Hòa
L11267,R101,2026-06-26,Phở gà,54000,30,38000,1,0,1,pickup,09:30,0,0,0.0,Công nhân,Phở,Phường Bình Hòa
L11268,R102,2026-06-26,Bún bò viên,41000,52,20000,2,1,1,pickup,15:15,20000,21000,0.5,Sinh viên,Bún bò,Phường Thủ Đức
L11269,R102,2026-06-26,Bún bò Huế đặc biệt,42000,57,18000,2,1,1,pickup,15:30,18000,24000,0.5,Sinh viên,Bún bò,Phường Thủ Đức
L11270,R102,2026-06-26,Bún bò giò heo,44000,49,22000,1,0,1,delivery,15:15,0,0,0.0,Sinh viên,Bún bò,Phường Thủ Đức
L11271,R102,2026-06-26,Bún bò gân,47000,57,20000,2,1,1,delivery,15:45,20000,27000,0.5,Sinh viên,Bún bò,Phường Thủ Đức
L11272,R103,2026-06-26,Cơm thịt kho trứng,27000,32,18000,6,3,3,delivery,11:00,54000,27000,0.5,Công nhân,Cơm văn phòng,Phường Đông Hòa
L11273,R103,2026-06-26,Cơm canh chua,44000,35,29000,6,3,3,delivery,11:30,87000,45000,0.5,Công nhân,Cơm văn phòng,Phường Đông Hòa
L11274,R103,2026-06-26,Cơm gà xối mỡ,34000,37,21000,7,3,4,delivery,11:00,63000,39000,0.429,Công nhân,Cơm văn phòng,Phường Đông Hòa
L11275,R104,2026-06-26,Bánh mì trứng,18000,54,8000,1,0,1,pickup,19:30,0,0,0.0,Dân cư đông,Bánh mì,Phường Thông Tây Hội
L11276,R104,2026-06-26,Bánh mì thịt nguội,23000,48,12000,1,0,1,pickup,19:00,0,0,0.0,Dân cư đông,Bánh mì,Phường Thông Tây Hội
L11277,R104,2026-06-26,Bánh mì chả lụa,32000,53,15000,1,0,1,pickup,19:15,0,0,0.0,Dân cư đông,Bánh mì,Phường Thông Tây Hội
L11278,R104,2026-06-26,Bánh mì xíu mại,29000,53,14000,1,0,1,pickup,19:30,0,0,0.0,Dân cư đông,Bánh mì,Phường Thông Tây Hội
L11279,R104,2026-06-26,Bánh mì gà,21000,44,12000,1,0,1,pickup,19:45,0,0,0.0,Dân cư đông,Bánh mì,Phường Thông Tây Hội
L11280,R105,2026-06-26,Bánh mì gà,25000,30,18000,5,2,3,pickup,16:00,36000,14000,0.4,Sinh viên,Bánh mì,Phường Tam Bình
L11281,R105,2026-06-26,Bánh mì xíu mại,22000,31,15000,5,2,3,pickup,16:45,30000,14000,0.4,Sinh viên,Bánh mì,Phường Tam Bình
L11282,R106,2026-06-26,Phở bò tái nạm,37000,59,15000,7,5,2,pickup,11:45,75000,110000,0.714,Công nhân,Phở,Phường An Phú
L11283,R106,2026-06-26,Phở bò chín,53000,51,26000,7,4,3,pickup,11:15,104000,108000,0.571,Công nhân,Phở,Phường An Phú
L11284,R106,2026-06-26,Phở bò viên,60000,60,24000,8,6,2,pickup,11:15,144000,216000,0.75,Công nhân,Phở,Phường An Phú
L11285,R107,2026-06-26,Hủ tiếu mì,44000,42,26000,14,10,4,delivery,09:15,260000,180000,0.714,Dân cư đông,Hủ tiếu,Phường Gò Vấp
L11286,R108,2026-06-26,Cơm tấm bì,35000,47,19000,3,2,1,pickup,16:00,38000,32000,0.667,Sinh viên,Cơm tấm,Phường Thủ Đức
L11287,R108,2026-06-26,Cơm tấm sườn trứng,39000,52,19000,3,1,2,delivery,16:00,19000,20000,0.333,Sinh viên,Cơm tấm,Phường Thủ Đức
L11288,R108,2026-06-26,Cơm tấm sườn bì chả,33000,44,18000,3,1,2,delivery,16:30,18000,15000,0.333,Sinh viên,Cơm tấm,Phường Thủ Đức
L11289,R108,2026-06-26,Cơm tấm sườn nướng,45000,44,25000,4,2,2,pickup,16:45,50000,40000,0.5,Sinh viên,Cơm tấm,Phường Thủ Đức
L11290,R109,2026-06-26,Hủ tiếu Nam Vang,50000,57,22000,1,0,1,delivery,11:30,0,0,0.0,Trung tâm,Hủ tiếu,Phường Sài Gòn
L11291,R109,2026-06-26,Hủ tiếu thập cẩm,49000,58,21000,1,0,1,delivery,11:00,0,0,0.0,Trung tâm,Hủ tiếu,Phường Sài Gòn
L11292,R109,2026-06-26,Hủ tiếu mì,44000,60,18000,1,0,1,pickup,11:45,0,0,0.0,Trung tâm,Hủ tiếu,Phường Sài Gòn
L11293,R110,2026-06-26,Phở bò tái nạm,40000,60,16000,4,3,1,delivery,10:30,48000,72000,0.75,Sinh viên,Phở,Phường Hiệp Bình
L11294,R110,2026-06-26,Phở bò chín,44000,60,18000,4,2,2,delivery,10:00,36000,52000,0.5,Sinh viên,Phở,Phường Hiệp Bình
L11295,R111,2026-06-26,Bánh mì chả lụa,19000,55,9000,5,3,2,delivery,09:45,27000,30000,0.6,Sinh viên,Bánh mì,Phường Long Bình
L11296,R112,2026-06-26,Hủ tiếu thập cẩm,53000,51,26000,1,0,1,pickup,11:00,0,0,0.0,Dân cư đông,Hủ tiếu,Phường Gò Vấp
L11297,R112,2026-06-26,Hủ tiếu sa tế,48000,49,24000,1,0,1,pickup,11:30,0,0,0.0,Dân cư đông,Hủ tiếu,Phường Gò Vấp
L11298,R112,2026-06-26,Hủ tiếu mì,51000,54,23000,1,0,1,delivery,11:15,0,0,0.0,Dân cư đông,Hủ tiếu,Phường Gò Vấp
L11299,R112,2026-06-26,Hủ tiếu bò kho,44000,45,24000,1,0,1,pickup,11:15,0,0,0.0,Dân cư đông,Hủ tiếu,Phường Gò Vấp
L11300,R112,2026-06-26,Hủ tiếu Nam Vang,44000,46,24000,1,0,1,delivery,11:00,0,0,0.0,Dân cư đông,Hủ tiếu,Phường Gò Vấp
L11301,R113,2026-06-26,Bánh mì thịt nguội,31000,48,16000,1,0,1,delivery,10:45,0,0,0.0,Dân cư đông,Bánh mì,Phường Tân Hòa
L11302,R113,2026-06-26,Bánh mì trứng,23000,53,11000,1,0,1,delivery,10:45,0,0,0.0,Dân cư đông,Bánh mì,Phường Tân Hòa
L11303,R113,2026-06-26,Bánh mì xíu mại,23000,51,11000,1,0,1,delivery,10:30,0,0,0.0,Dân cư đông,Bánh mì,Phường Tân Hòa
L11304,R113,2026-06-26,Bánh mì chả lụa,31000,43,18000,1,0,1,delivery,10:00,0,0,0.0,Dân cư đông,Bánh mì,Phường Tân Hòa
L11305,R113,2026-06-26,Bánh mì gà,22000,44,12000,1,0,1,delivery,10:00,0,0,0.0,Dân cư đông,Bánh mì,Phường Tân Hòa
L11306,R114,2026-06-26,Cơm gà luộc,36000,40,22000,1,0,1,delivery,10:15,0,0,0.0,Công nhân,Cơm văn phòng,Phường Bình Hòa
L11307,R114,2026-06-26,Cơm thịt kho trứng,42000,40,25000,2,1,1,pickup,10:45,25000,17000,0.5,Công nhân,Cơm văn phòng,Phường Bình Hòa
L11308,R114,2026-06-26,Cơm canh chua,38000,37,24000,1,0,1,pickup,10:15,0,0,0.0,Công nhân,Cơm văn phòng,Phường Bình Hòa
L11309,R114,2026-06-26,Cơm gà xối mỡ,28000,45,15000,1,0,1,delivery,10:45,0,0,0.0,Công nhân,Cơm văn phòng,Phường Bình Hòa
L11310,R115,2026-06-26,Cơm tấm bì,43000,38,27000,1,0,1,delivery,14:00,0,0,0.0,Dân cư đông,Cơm tấm,Phường Khánh Hội
L11311,R115,2026-06-26,Cơm tấm sườn trứng,37000,46,20000,1,0,1,delivery,14:00,0,0,0.0,Dân cư đông,Cơm tấm,Phường Khánh Hội
L11312,R116,2026-06-26,Cơm thịt kho trứng,38000,41,22000,2,1,1,pickup,20:00,22000,16000,0.5,Dân cư đông,Cơm văn phòng,Phường Bình Lợi Trung
L11313,R116,2026-06-26,Cơm canh chua,41000,39,25000,2,0,2,pickup,20:00,0,0,0.0,Dân cư đông,Cơm văn phòng,Phường Bình Lợi Trung
L11314,R117,2026-06-26,Bánh mì xíu mại,26000,37,16000,1,0,1,delivery,09:30,0,0,0.0,Sinh viên,Bánh mì,Phường Hiệp Bình
L11315,R117,2026-06-26,Bánh mì trứng,21000,40,13000,1,0,1,delivery,09:00,0,0,0.0,Sinh viên,Bánh mì,Phường Hiệp Bình
L11316,R117,2026-06-26,Bánh mì gà,19000,37,12000,1,0,1,delivery,09:30,0,0,0.0,Sinh viên,Bánh mì,Phường Hiệp Bình
L11317,R118,2026-06-26,Bánh mì trứng,28000,36,18000,3,1,2,pickup,10:00,18000,10000,0.333,Dân cư đông,Bánh mì,Phường Gò Vấp
L11318,R118,2026-06-26,Bánh mì chả lụa,28000,30,20000,3,1,2,pickup,10:00,20000,8000,0.333,Dân cư đông,Bánh mì,Phường Gò Vấp
L11319,R118,2026-06-26,Bánh mì thịt nguội,24000,30,17000,3,1,2,pickup,10:45,17000,7000,0.333,Dân cư đông,Bánh mì,Phường Gò Vấp
L11320,R119,2026-06-26,Bún bò viên,56000,50,28000,8,5,3,pickup,14:00,140000,140000,0.625,Công nhân,Bún bò,Phường Đông Hòa
L11321,R120,2026-06-26,Bún bò thập cẩm,58000,56,26000,2,1,1,pickup,11:45,26000,32000,0.5,Dân cư đông,Bún bò,Phường Hạnh Thông
L11322,R120,2026-06-26,Bún bò giò heo,56000,54,26000,1,0,1,pickup,11:30,0,0,0.0,Dân cư đông,Bún bò,Phường Hạnh Thông
L11323,R120,2026-06-26,Bún bò viên,56000,59,23000,1,0,1,pickup,11:45,0,0,0.0,Dân cư đông,Bún bò,Phường Hạnh Thông
L11324,R120,2026-06-26,Bún bò Huế đặc biệt,45000,59,18000,2,1,1,pickup,11:00,18000,27000,0.5,Dân cư đông,Bún bò,Phường Hạnh Thông
L11325,R120,2026-06-26,Bún bò gân,44000,53,21000,2,1,1,pickup,11:45,21000,23000,0.5,Dân cư đông,Bún bò,Phường Hạnh Thông
L11326,R121,2026-06-26,Cơm thịt kho trứng,39000,40,23000,1,0,1,pickup,12:15,0,0,0.0,Dân cư đông,Cơm văn phòng,Phường Gò Vấp
L11327,R121,2026-06-26,Cơm canh chua,39000,43,22000,1,0,1,pickup,12:45,0,0,0.0,Dân cư đông,Cơm văn phòng,Phường Gò Vấp
L11328,R121,2026-06-26,Cơm sườn đậu hũ,36000,38,22000,1,0,1,pickup,12:30,0,0,0.0,Dân cư đông,Cơm văn phòng,Phường Gò Vấp
L11329,R121,2026-06-26,Cơm gà xối mỡ,37000,37,23000,1,0,1,pickup,12:15,0,0,0.0,Dân cư đông,Cơm văn phòng,Phường Gò Vấp
L11330,R121,2026-06-26,Cơm gà luộc,43000,41,25000,1,0,1,pickup,12:30,0,0,0.0,Dân cư đông,Cơm văn phòng,Phường Gò Vấp
L11331,R122,2026-06-26,Bún riêu cua mọc,50000,47,26000,6,3,3,pickup,09:45,78000,72000,0.5,Sinh viên,Bún riêu,Phường Linh Xuân
L11332,R123,2026-06-26,Cơm canh chua,29000,56,13000,12,9,3,delivery,16:30,117000,144000,0.75,Sinh viên,Cơm văn phòng,Phường Bình Trưng
L11333,R124,2026-06-26,Bún bò giò heo,60000,37,38000,3,1,2,delivery,15:00,38000,22000,0.333,Sinh viên,Bún bò,Phường Cát Lái
L11334,R124,2026-06-26,Bún bò gân,46000,34,30000,3,1,2,delivery,15:30,30000,16000,0.333,Sinh viên,Bún bò,Phường Cát Lái
L11335,R124,2026-06-26,Bún bò Huế đặc biệt,51000,30,36000,2,1,1,delivery,15:15,36000,15000,0.5,Sinh viên,Bún bò,Phường Cát Lái
L11336,R124,2026-06-26,Bún bò viên,46000,30,32000,3,1,2,delivery,15:30,32000,14000,0.333,Sinh viên,Bún bò,Phường Cát Lái
L11337,R124,2026-06-26,Bún bò thập cẩm,45000,33,30000,3,1,2,delivery,15:45,30000,15000,0.333,Sinh viên,Bún bò,Phường Cát Lái
L11338,R125,2026-06-26,Bánh mì gà,19000,49,10000,3,2,1,pickup,15:15,20000,18000,0.667,Công nhân,Bánh mì,Phường Lái Thiêu
L11339,R125,2026-06-26,Bánh mì thịt nguội,20000,54,9000,3,2,1,pickup,15:00,18000,22000,0.667,Công nhân,Bánh mì,Phường Lái Thiêu
L11340,R126,2026-06-26,Phở bò chín,45000,33,30000,3,1,2,delivery,11:45,30000,15000,0.333,Dân cư đông,Phở,Phường Gò Vấp
L11341,R126,2026-06-26,Phở bò viên,44000,36,28000,3,1,2,delivery,11:45,28000,16000,0.333,Dân cư đông,Phở,Phường Gò Vấp
L11342,R126,2026-06-26,Phở bò tái,44000,38,27000,2,0,2,delivery,11:15,0,0,0.0,Dân cư đông,Phở,Phường Gò Vấp
L11343,R126,2026-06-26,Phở gà,43000,35,28000,3,1,2,delivery,11:45,28000,15000,0.333,Dân cư đông,Phở,Phường Gò Vấp
L11344,R126,2026-06-26,Phở bò tái nạm,44000,37,28000,3,1,2,delivery,11:45,28000,16000,0.333,Dân cư đông,Phở,Phường Gò Vấp
L11345,R127,2026-06-26,Cơm gà xối mỡ,28000,33,19000,2,0,2,delivery,18:15,0,0,0.0,Dân cư đông,Cơm văn phòng,Phường Tân Sơn Nhất
L11346,R127,2026-06-26,Cơm canh chua,43000,38,27000,2,1,1,delivery,18:00,27000,16000,0.5,Dân cư đông,Cơm văn phòng,Phường Tân Sơn Nhất
L11347,R127,2026-06-26,Cơm sườn đậu hũ,51000,36,33000,2,0,2,delivery,18:30,0,0,0.0,Dân cư đông,Cơm văn phòng,Phường Tân Sơn Nhất
L11348,R127,2026-06-26,Cơm thịt kho trứng,50000,34,33000,2,1,1,delivery,18:15,33000,17000,0.5,Dân cư đông,Cơm văn phòng,Phường Tân Sơn Nhất
L11349,R127,2026-06-26,Cơm gà luộc,37000,36,24000,2,0,2,delivery,18:00,0,0,0.0,Dân cư đông,Cơm văn phòng,Phường Tân Sơn Nhất
L11350,R128,2026-06-26,Bánh mì thịt nguội,24000,33,16000,4,1,3,pickup,18:15,16000,8000,0.25,Trung tâm,Bánh mì,Phường Đức Nhuận
L11351,R128,2026-06-26,Bánh mì xíu mại,23000,30,16000,3,1,2,delivery,18:00,16000,7000,0.333,Trung tâm,Bánh mì,Phường Đức Nhuận
L11352,R129,2026-06-26,Phở gà,46000,51,23000,2,1,1,pickup,11:45,23000,23000,0.5,Công nhân,Phở,Phường Dĩ An
L11353,R129,2026-06-26,Phở bò viên,50000,55,22000,2,1,1,pickup,11:45,22000,28000,0.5,Công nhân,Phở,Phường Dĩ An
L11354,R129,2026-06-26,Phở bò tái,45000,53,21000,1,0,1,pickup,11:45,0,0,0.0,Công nhân,Phở,Phường Dĩ An
L11355,R130,2026-06-26,Phở bò tái,44000,39,27000,4,2,2,delivery,10:30,54000,34000,0.5,Công nhân,Phở,Phường Lái Thiêu
L11356,R130,2026-06-26,Phở bò chín,37000,46,20000,3,2,1,delivery,10:00,40000,34000,0.667,Công nhân,Phở,Phường Lái Thiêu
L11357,R130,2026-06-26,Phở gà,45000,49,23000,3,2,1,delivery,10:30,46000,44000,0.667,Công nhân,Phở,Phường Lái Thiêu
L11358,R130,2026-06-26,Phở bò tái nạm,54000,46,29000,4,2,2,delivery,10:45,58000,50000,0.5,Công nhân,Phở,Phường Lái Thiêu
L11359,R131,2026-06-26,Bún bò gân,56000,47,30000,1,0,1,pickup,20:45,0,0,0.0,Sinh viên,Bún bò,Phường Phước Long
L11360,R131,2026-06-26,Bún bò Huế đặc biệt,45000,47,24000,1,0,1,delivery,20:45,0,0,0.0,Sinh viên,Bún bò,Phường Phước Long
L11361,R131,2026-06-26,Bún bò thập cẩm,47000,57,20000,1,0,1,pickup,20:15,0,0,0.0,Sinh viên,Bún bò,Phường Phước Long
L11362,R131,2026-06-26,Bún bò viên,52000,50,26000,1,0,1,delivery,20:15,0,0,0.0,Sinh viên,Bún bò,Phường Phước Long
L11363,R132,2026-06-26,Cơm sườn đậu hũ,30000,45,16000,3,1,2,pickup,09:30,16000,14000,0.333,Sinh viên,Cơm văn phòng,Phường Linh Xuân
L11364,R132,2026-06-26,Cơm canh chua,30000,43,17000,3,1,2,pickup,09:00,17000,13000,0.333,Sinh viên,Cơm văn phòng,Phường Linh Xuân
L11365,R132,2026-06-26,Cơm gà luộc,27000,42,16000,4,2,2,delivery,09:45,32000,22000,0.5,Sinh viên,Cơm văn phòng,Phường Linh Xuân
L11366,R133,2026-06-26,Hủ tiếu bò kho,46000,33,31000,14,5,9,delivery,15:00,155000,75000,0.357,Sinh viên,Hủ tiếu,Phường Cát Lái
L11367,R134,2026-06-26,Cơm tấm sườn nướng,47000,33,31000,1,0,1,pickup,15:15,0,0,0.0,Dân cư đông,Cơm tấm,Phường An Nhơn
L11368,R134,2026-06-26,Cơm tấm đặc biệt,36000,34,24000,1,0,1,delivery,15:45,0,0,0.0,Dân cư đông,Cơm tấm,Phường An Nhơn
L11369,R134,2026-06-26,Cơm tấm sườn trứng,53000,30,37000,1,0,1,delivery,15:00,0,0,0.0,Dân cư đông,Cơm tấm,Phường An Nhơn
L11370,R135,2026-06-26,Bún bò Huế đặc biệt,59000,48,31000,6,4,2,pickup,20:30,124000,112000,0.667,Sinh viên,Bún bò,Phường Cát Lái
L11371,R135,2026-06-26,Bún bò gân,60000,45,33000,7,3,4,pickup,20:00,99000,81000,0.429,Sinh viên,Bún bò,Phường Cát Lái
L11372,R135,2026-06-26,Bún bò giò heo,54000,48,28000,7,4,3,pickup,20:00,112000,104000,0.571,Sinh viên,Bún bò,Phường Cát Lái
L11373,R136,2026-06-26,Bún bò giò heo,57000,51,28000,5,3,2,pickup,10:45,84000,87000,0.6,Công nhân,Bún bò,Phường Đông Hòa
L11374,R136,2026-06-26,Bún bò viên,45000,58,19000,8,7,1,pickup,10:15,133000,182000,0.875,Công nhân,Bún bò,Phường Đông Hòa
L11375,R136,2026-06-26,Bún bò gân,54000,52,26000,6,5,1,delivery,10:45,130000,140000,0.833,Công nhân,Bún bò,Phường Đông Hòa
L11376,R137,2026-06-26,Hủ tiếu Nam Vang,54000,41,32000,1,0,1,delivery,15:30,0,0,0.0,Dân cư đông,Hủ tiếu,Phường Tân Sơn Nhất
L11377,R137,2026-06-26,Hủ tiếu bò kho,46000,41,27000,1,0,1,delivery,15:30,0,0,0.0,Dân cư đông,Hủ tiếu,Phường Tân Sơn Nhất
L11378,R137,2026-06-26,Hủ tiếu mì,48000,46,26000,1,0,1,delivery,15:45,0,0,0.0,Dân cư đông,Hủ tiếu,Phường Tân Sơn Nhất
L11379,R137,2026-06-26,Hủ tiếu sa tế,58000,49,30000,1,0,1,delivery,15:15,0,0,0.0,Dân cư đông,Hủ tiếu,Phường Tân Sơn Nhất
L11380,R137,2026-06-26,Hủ tiếu thập cẩm,57000,47,30000,1,0,1,delivery,15:45,0,0,0.0,Dân cư đông,Hủ tiếu,Phường Tân Sơn Nhất
L11381,R138,2026-06-26,Cơm tấm sườn bì chả,45000,55,20000,1,0,1,delivery,16:30,0,0,0.0,Công nhân,Cơm tấm,Phường Đông Hòa
L11382,R138,2026-06-26,Cơm tấm bì,39000,57,17000,1,0,1,delivery,16:30,0,0,0.0,Công nhân,Cơm tấm,Phường Đông Hòa
L11383,R138,2026-06-26,Cơm tấm sườn trứng,32000,57,14000,1,0,1,delivery,16:45,0,0,0.0,Công nhân,Cơm tấm,Phường Đông Hòa
L11384,R138,2026-06-26,Cơm tấm sườn nướng,31000,55,14000,1,0,1,delivery,16:45,0,0,0.0,Công nhân,Cơm tấm,Phường Đông Hòa
L11385,R139,2026-06-26,Bánh mì xíu mại,17000,60,7000,2,1,1,delivery,09:45,7000,10000,0.5,Ngoại ô,Bánh mì,Xã Bà Điểm
L11386,R139,2026-06-26,Bánh mì thịt nguội,23000,59,9000,3,2,1,delivery,09:15,18000,28000,0.667,Ngoại ô,Bánh mì,Xã Bà Điểm
L11387,R139,2026-06-26,Bánh mì trứng,28000,51,14000,2,1,1,delivery,09:00,14000,14000,0.5,Ngoại ô,Bánh mì,Xã Bà Điểm
L11388,R140,2026-06-26,Bún riêu cua mọc,37000,40,22000,4,2,2,delivery,17:15,44000,30000,0.5,Ngoại ô,Bún riêu,Xã Hiệp Phước
L11389,R140,2026-06-26,Bún riêu cua đồng,39000,34,26000,5,2,3,pickup,17:15,52000,26000,0.4,Ngoại ô,Bún riêu,Xã Hiệp Phước
L11390,R141,2026-06-26,Cơm sườn đậu hũ,32000,30,22000,2,0,2,delivery,15:45,0,0,0.0,Sinh viên,Cơm văn phòng,Phường Long Bình
L11391,R141,2026-06-26,Cơm gà xối mỡ,30000,31,21000,3,1,2,delivery,15:30,21000,9000,0.333,Sinh viên,Cơm văn phòng,Phường Long Bình
L11392,R142,2026-06-26,Bún riêu cua,39000,48,20000,5,3,2,pickup,11:00,60000,57000,0.6,Công nhân,Bún riêu,Phường Thuận An
L11393,R142,2026-06-26,Bún riêu cua đồng,45000,48,23000,6,3,3,pickup,11:45,69000,66000,0.5,Công nhân,Bún riêu,Phường Thuận An
L11394,R142,2026-06-26,Bún riêu thập cẩm,44000,52,21000,6,4,2,pickup,11:15,84000,92000,0.667,Công nhân,Bún riêu,Phường Thuận An
L11395,R142,2026-06-26,Bún riêu cua mọc,36000,45,20000,6,4,2,pickup,11:45,80000,64000,0.667,Công nhân,Bún riêu,Phường Thuận An
L11396,R143,2026-06-26,Bánh mì xíu mại,21000,52,10000,2,1,1,delivery,16:30,10000,11000,0.5,Sinh viên,Bánh mì,Phường Cát Lái
L11397,R143,2026-06-26,Bánh mì thịt nguội,17000,42,10000,3,1,2,delivery,16:30,10000,7000,0.333,Sinh viên,Bánh mì,Phường Cát Lái
L11398,R143,2026-06-26,Bánh mì chả lụa,23000,43,13000,3,1,2,pickup,16:00,13000,10000,0.333,Sinh viên,Bánh mì,Phường Cát Lái
L11399,R143,2026-06-26,Bánh mì trứng,24000,47,13000,3,1,2,delivery,16:15,13000,11000,0.333,Sinh viên,Bánh mì,Phường Cát Lái
L11400,R144,2026-06-26,Bún bò Huế đặc biệt,60000,60,24000,4,3,1,pickup,15:30,72000,108000,0.75,Sinh viên,Bún bò,Phường Phước Long
L11401,R144,2026-06-26,Bún bò gân,43000,57,18000,3,2,1,pickup,15:30,36000,50000,0.667,Sinh viên,Bún bò,Phường Phước Long
L11402,R144,2026-06-26,Bún bò giò heo,39000,59,16000,2,1,1,pickup,15:00,16000,23000,0.5,Sinh viên,Bún bò,Phường Phước Long
L11403,R145,2026-06-26,Cơm tấm sườn trứng,37000,41,22000,2,1,1,delivery,19:45,22000,15000,0.5,Trung tâm,Cơm tấm,Phường Phú Nhuận
L11404,R145,2026-06-26,Cơm tấm bì,34000,45,19000,1,0,1,pickup,19:45,0,0,0.0,Trung tâm,Cơm tấm,Phường Phú Nhuận
L11405,R145,2026-06-26,Cơm tấm sườn nướng,34000,48,18000,2,1,1,delivery,19:30,18000,16000,0.5,Trung tâm,Cơm tấm,Phường Phú Nhuận
L11406,R145,2026-06-26,Cơm tấm sườn bì chả,32000,48,17000,1,0,1,pickup,19:15,0,0,0.0,Trung tâm,Cơm tấm,Phường Phú Nhuận
L11407,R146,2026-06-26,Bún bò viên,45000,50,22000,2,1,1,delivery,16:00,22000,23000,0.5,Công nhân,Bún bò,Phường Tân Đông Hiệp
L11408,R146,2026-06-26,Bún bò Huế đặc biệt,49000,58,21000,2,1,1,delivery,16:15,21000,28000,0.5,Công nhân,Bún bò,Phường Tân Đông Hiệp
L11409,R146,2026-06-26,Bún bò gân,54000,55,24000,2,1,1,delivery,16:45,24000,30000,0.5,Công nhân,Bún bò,Phường Tân Đông Hiệp
L11410,R147,2026-06-26,Phở bò tái nạm,42000,32,29000,4,2,2,pickup,14:30,58000,26000,0.5,Công nhân,Phở,Phường Dĩ An
L11411,R147,2026-06-26,Phở bò viên,56000,33,38000,4,2,2,delivery,14:30,76000,36000,0.5,Công nhân,Phở,Phường Dĩ An
L11412,R148,2026-06-26,Bún bò thập cẩm,56000,35,36000,3,0,3,pickup,17:45,0,0,0.0,Trung tâm,Bún bò,Phường Cầu Kiệu
L11413,R148,2026-06-26,Bún bò gân,47000,30,33000,4,1,3,pickup,17:45,33000,14000,0.25,Trung tâm,Bún bò,Phường Cầu Kiệu
L11414,R149,2026-06-26,Bún bò Huế đặc biệt,51000,30,36000,14,6,8,delivery,13:45,216000,90000,0.429,Sinh viên,Bún bò,Phường An Khánh
L11415,R000,2026-06-27,Bún bò thập cẩm,44000,30,31000,8,3,5,pickup,18:45,93000,39000,0.375,Công nhân,Bún bò,Phường Đông Hòa
L11416,R000,2026-06-27,Bún bò Huế đặc biệt,49000,38,30000,7,2,5,pickup,18:30,60000,38000,0.286,Công nhân,Bún bò,Phường Đông Hòa
L11417,R000,2026-06-27,Bún bò giò heo,47000,30,33000,7,3,4,delivery,18:00,99000,42000,0.429,Công nhân,Bún bò,Phường Đông Hòa
L11418,R001,2026-06-27,Cơm tấm đặc biệt,26000,40,16000,2,1,1,pickup,19:15,16000,10000,0.5,Ngoại ô,Cơm tấm,Xã Bình Chánh
L11419,R001,2026-06-27,Cơm tấm bì,31000,40,19000,2,1,1,pickup,19:15,19000,12000,0.5,Ngoại ô,Cơm tấm,Xã Bình Chánh
L11420,R001,2026-06-27,Cơm tấm sườn bì chả,41000,37,26000,2,0,2,pickup,19:30,0,0,0.0,Ngoại ô,Cơm tấm,Xã Bình Chánh
L11421,R002,2026-06-27,Hủ tiếu thập cẩm,50000,37,32000,3,1,2,pickup,20:15,32000,18000,0.333,Dân cư đông,Hủ tiếu,Phường An Nhơn
L11422,R002,2026-06-27,Hủ tiếu Nam Vang,47000,37,30000,3,1,2,pickup,20:45,30000,17000,0.333,Dân cư đông,Hủ tiếu,Phường An Nhơn
L11423,R002,2026-06-27,Hủ tiếu bò kho,48000,41,28000,3,1,2,delivery,20:45,28000,20000,0.333,Dân cư đông,Hủ tiếu,Phường An Nhơn
L11424,R002,2026-06-27,Hủ tiếu mì,43000,41,25000,3,1,2,delivery,20:45,25000,18000,0.333,Dân cư đông,Hủ tiếu,Phường An Nhơn
L11425,R002,2026-06-27,Hủ tiếu sa tế,41000,42,24000,2,1,1,delivery,20:00,24000,17000,0.5,Dân cư đông,Hủ tiếu,Phường An Nhơn
L11426,R003,2026-06-27,Phở bò tái nạm,41000,59,17000,7,5,2,delivery,18:30,85000,120000,0.714,Công nhân,Phở,Phường Bình Hòa
L11427,R003,2026-06-27,Phở bò chín,52000,59,21000,7,4,3,pickup,18:15,84000,124000,0.571,Công nhân,Phở,Phường Bình Hòa
L11428,R003,2026-06-27,Phở bò viên,50000,51,24000,7,5,2,pickup,18:30,120000,130000,0.714,Công nhân,Phở,Phường Bình Hòa
L11429,R003,2026-06-27,Phở bò tái,39000,52,19000,5,4,1,delivery,18:45,76000,80000,0.8,Công nhân,Phở,Phường Bình Hòa
L11430,R004,2026-06-27,Hủ tiếu thập cẩm,61000,50,30000,1,0,1,pickup,16:45,0,0,0.0,Sinh viên,Hủ tiếu,Phường Cát Lái
L11431,R004,2026-06-27,Hủ tiếu Nam Vang,51000,48,27000,1,0,1,delivery,16:45,0,0,0.0,Sinh viên,Hủ tiếu,Phường Cát Lái
L11432,R004,2026-06-27,Hủ tiếu sa tế,51000,57,22000,1,0,1,pickup,16:45,0,0,0.0,Sinh viên,Hủ tiếu,Phường Cát Lái
L11433,R004,2026-06-27,Hủ tiếu bò kho,56000,51,27000,1,0,1,delivery,16:45,0,0,0.0,Sinh viên,Hủ tiếu,Phường Cát Lái
L11434,R005,2026-06-27,Hủ tiếu sa tế,55000,51,27000,3,2,1,pickup,10:30,54000,56000,0.667,Sinh viên,Hủ tiếu,Phường Long Bình
L11435,R005,2026-06-27,Hủ tiếu thập cẩm,48000,54,22000,4,3,1,pickup,10:30,66000,78000,0.75,Sinh viên,Hủ tiếu,Phường Long Bình
L11436,R005,2026-06-27,Hủ tiếu bò kho,48000,55,22000,3,2,1,pickup,10:45,44000,52000,0.667,Sinh viên,Hủ tiếu,Phường Long Bình
L11437,R005,2026-06-27,Hủ tiếu mì,43000,55,19000,3,2,1,pickup,10:15,38000,48000,0.667,Sinh viên,Hủ tiếu,Phường Long Bình
L11438,R006,2026-06-27,Bún bò gân,42000,42,24000,2,1,1,delivery,17:45,24000,18000,0.5,Trung tâm,Bún bò,Phường Nhiêu Lộc
L11439,R006,2026-06-27,Bún bò Huế đặc biệt,44000,36,28000,1,0,1,delivery,17:30,0,0,0.0,Trung tâm,Bún bò,Phường Nhiêu Lộc
L11440,R006,2026-06-27,Bún bò viên,49000,40,29000,2,1,1,delivery,17:45,29000,20000,0.5,Trung tâm,Bún bò,Phường Nhiêu Lộc
L11441,R006,2026-06-27,Bún bò thập cẩm,52000,45,29000,2,1,1,delivery,17:15,29000,23000,0.5,Trung tâm,Bún bò,Phường Nhiêu Lộc
L11442,R007,2026-06-27,Phở bò tái,56000,33,38000,22,6,16,pickup,09:15,228000,108000,0.273,Dân cư đông,Phở,Phường An Hội Đông
L11443,R008,2026-06-27,Hủ tiếu thập cẩm,52000,39,32000,4,1,3,delivery,16:30,32000,20000,0.25,Công nhân,Hủ tiếu,Phường Thuận An
L11444,R008,2026-06-27,Hủ tiếu Nam Vang,46000,39,28000,4,2,2,delivery,16:00,56000,36000,0.5,Công nhân,Hủ tiếu,Phường Thuận An
L11445,R008,2026-06-27,Hủ tiếu sa tế,41000,39,25000,5,1,4,delivery,16:45,25000,16000,0.2,Công nhân,Hủ tiếu,Phường Thuận An
L11446,R009,2026-06-27,Cơm tấm đặc biệt,44000,58,18000,3,2,1,pickup,20:30,36000,52000,0.667,Dân cư đông,Cơm tấm,Phường Tân Bình
L11447,R009,2026-06-27,Cơm tấm sườn bì chả,50000,51,24000,4,2,2,pickup,20:00,48000,52000,0.5,Dân cư đông,Cơm tấm,Phường Tân Bình
L11448,R009,2026-06-27,Cơm tấm sườn trứng,30000,55,13000,3,2,1,pickup,20:15,26000,34000,0.667,Dân cư đông,Cơm tấm,Phường Tân Bình
L11449,R010,2026-06-27,Cơm tấm bì,30000,44,17000,1,0,1,pickup,19:45,0,0,0.0,Trung tâm,Cơm tấm,Phường Đức Nhuận
L11450,R010,2026-06-27,Cơm tấm đặc biệt,39000,46,21000,1,0,1,delivery,19:00,0,0,0.0,Trung tâm,Cơm tấm,Phường Đức Nhuận
L11451,R010,2026-06-27,Cơm tấm sườn nướng,36000,49,18000,1,0,1,pickup,19:15,0,0,0.0,Trung tâm,Cơm tấm,Phường Đức Nhuận
L11452,R011,2026-06-27,Bánh mì gà,22000,30,15000,6,2,4,delivery,20:15,30000,14000,0.333,Ngoại ô,Bánh mì,Xã Hiệp Phước
L11453,R012,2026-06-27,Phở gà,52000,60,21000,2,1,1,delivery,20:30,21000,31000,0.5,Dân cư đông,Phở,Phường Khánh Hội
L11454,R012,2026-06-27,Phở bò tái,58000,53,27000,2,1,1,delivery,20:15,27000,31000,0.5,Dân cư đông,Phở,Phường Khánh Hội
L11455,R013,2026-06-27,Phở bò chín,51000,51,25000,3,2,1,pickup,12:30,50000,52000,0.667,Sinh viên,Phở,Phường Long Bình
L11456,R013,2026-06-27,Phở bò viên,48000,46,26000,3,2,1,pickup,12:00,52000,44000,0.667,Sinh viên,Phở,Phường Long Bình
L11457,R013,2026-06-27,Phở bò tái nạm,48000,48,25000,4,3,1,delivery,12:15,75000,69000,0.75,Sinh viên,Phở,Phường Long Bình
L11458,R013,2026-06-27,Phở gà,57000,50,28000,4,3,1,delivery,12:30,84000,87000,0.75,Sinh viên,Phở,Phường Long Bình
L11459,R013,2026-06-27,Phở bò tái,49000,55,22000,3,2,1,delivery,12:15,44000,54000,0.667,Sinh viên,Phở,Phường Long Bình
L11460,R014,2026-06-27,Bánh mì trứng,24000,50,12000,1,0,1,delivery,12:30,0,0,0.0,Sinh viên,Bánh mì,Phường An Khánh
L11461,R014,2026-06-27,Bánh mì xíu mại,32000,56,14000,1,0,1,pickup,12:15,0,0,0.0,Sinh viên,Bánh mì,Phường An Khánh
L11462,R015,2026-06-27,Hủ tiếu bò kho,49000,43,28000,4,2,2,pickup,13:00,56000,42000,0.5,Sinh viên,Hủ tiếu,Phường Hiệp Bình
L11463,R015,2026-06-27,Hủ tiếu Nam Vang,53000,39,32000,6,3,3,pickup,13:00,96000,63000,0.5,Sinh viên,Hủ tiếu,Phường Hiệp Bình
L11464,R015,2026-06-27,Hủ tiếu thập cẩm,54000,43,31000,5,2,3,pickup,13:45,62000,46000,0.4,Sinh viên,Hủ tiếu,Phường Hiệp Bình
L11465,R016,2026-06-27,Phở gà,53000,50,26000,5,4,1,pickup,16:45,104000,108000,0.8,Sinh viên,Phở,Phường Tăng Nhơn Phú
L11466,R016,2026-06-27,Phở bò viên,51000,49,26000,3,2,1,pickup,16:00,52000,50000,0.667,Sinh viên,Phở,Phường Tăng Nhơn Phú
L11467,R016,2026-06-27,Phở bò chín,54000,47,29000,4,2,2,delivery,16:15,58000,50000,0.5,Sinh viên,Phở,Phường Tăng Nhơn Phú
L11468,R017,2026-06-27,Cơm tấm sườn trứng,39000,30,27000,14,4,10,delivery,13:30,108000,48000,0.286,Công nhân,Cơm tấm,Phường Dĩ An
L11469,R018,2026-06-27,Cơm tấm sườn nướng,34000,50,17000,2,1,1,delivery,16:15,17000,17000,0.5,Công nhân,Cơm tấm,Phường Lái Thiêu
L11470,R019,2026-06-27,Bún bò giò heo,42000,47,22000,6,3,3,delivery,18:45,66000,60000,0.5,Sinh viên,Bún bò,Phường Long Bình
L11471,R019,2026-06-27,Bún bò Huế đặc biệt,48000,45,26000,6,3,3,delivery,18:30,78000,66000,0.5,Sinh viên,Bún bò,Phường Long Bình
L11472,R020,2026-06-27,Phở bò tái,39000,40,23000,2,1,1,delivery,09:00,23000,16000,0.5,Công nhân,Phở,Phường Đông Hòa
L11473,R020,2026-06-27,Phở gà,49000,42,28000,1,0,1,delivery,09:15,0,0,0.0,Công nhân,Phở,Phường Đông Hòa
L11474,R020,2026-06-27,Phở bò tái nạm,44000,41,26000,2,1,1,delivery,09:00,26000,18000,0.5,Công nhân,Phở,Phường Đông Hòa
L11475,R020,2026-06-27,Phở bò viên,51000,41,30000,2,1,1,delivery,09:00,30000,21000,0.5,Công nhân,Phở,Phường Đông Hòa
L11476,R021,2026-06-27,Hủ tiếu Nam Vang,55000,40,33000,2,1,1,pickup,20:00,33000,22000,0.5,Sinh viên,Hủ tiếu,Phường Bình Trưng
L11477,R021,2026-06-27,Hủ tiếu sa tế,50000,46,27000,2,1,1,pickup,20:15,27000,23000,0.5,Sinh viên,Hủ tiếu,Phường Bình Trưng
L11478,R022,2026-06-27,Bánh mì thịt nguội,19000,60,8000,2,1,1,pickup,18:30,8000,11000,0.5,Sinh viên,Bánh mì,Phường Long Bình
L11479,R022,2026-06-27,Bánh mì chả lụa,23000,58,10000,2,1,1,delivery,18:30,10000,13000,0.5,Sinh viên,Bánh mì,Phường Long Bình
L11480,R022,2026-06-27,Bánh mì gà,23000,59,9000,2,1,1,delivery,18:45,9000,14000,0.5,Sinh viên,Bánh mì,Phường Long Bình
L11481,R022,2026-06-27,Bánh mì xíu mại,29000,57,12000,2,1,1,delivery,18:15,12000,17000,0.5,Sinh viên,Bánh mì,Phường Long Bình
L11482,R022,2026-06-27,Bánh mì trứng,25000,60,10000,1,0,1,delivery,18:00,0,0,0.0,Sinh viên,Bánh mì,Phường Long Bình
L11483,R023,2026-06-27,Bánh mì xíu mại,22000,34,15000,2,1,1,pickup,17:30,15000,7000,0.5,Công nhân,Bánh mì,Phường Tân Đông Hiệp
L11484,R023,2026-06-27,Bánh mì chả lụa,28000,30,20000,3,1,2,delivery,17:45,20000,8000,0.333,Công nhân,Bánh mì,Phường Tân Đông Hiệp
L11485,R024,2026-06-27,Hủ tiếu sa tế,44000,48,23000,13,8,5,pickup,14:15,184000,168000,0.615,Công nhân,Hủ tiếu,Phường An Phú
L11486,R025,2026-06-27,Cơm gà luộc,48000,33,32000,1,0,1,delivery,11:15,0,0,0.0,Dân cư đông,Cơm văn phòng,Phường An Hội Đông
L11487,R025,2026-06-27,Cơm thịt kho trứng,49000,31,34000,1,0,1,pickup,11:15,0,0,0.0,Dân cư đông,Cơm văn phòng,Phường An Hội Đông
L11488,R025,2026-06-27,Cơm sườn đậu hũ,45000,34,30000,1,0,1,delivery,11:15,0,0,0.0,Dân cư đông,Cơm văn phòng,Phường An Hội Đông
L11489,R025,2026-06-27,Cơm canh chua,36000,30,25000,2,1,1,pickup,11:00,25000,11000,0.5,Dân cư đông,Cơm văn phòng,Phường An Hội Đông
L11490,R025,2026-06-27,Cơm gà xối mỡ,42000,30,29000,2,1,1,delivery,11:15,29000,13000,0.5,Dân cư đông,Cơm văn phòng,Phường An Hội Đông
L11491,R026,2026-06-27,Bún riêu thập cẩm,41000,43,23000,3,1,2,delivery,16:30,23000,18000,0.333,Sinh viên,Bún riêu,Phường Tam Bình
L11492,R027,2026-06-27,Bún bò viên,41000,33,27000,3,1,2,pickup,17:00,27000,14000,0.333,Công nhân,Bún bò,Phường Hòa Lợi
L11493,R028,2026-06-27,Bánh mì thịt nguội,33000,60,13000,6,5,1,delivery,14:00,65000,100000,0.833,Công nhân,Bánh mì,Phường Tân Đông Hiệp
L11494,R029,2026-06-27,Phở bò viên,43000,54,20000,1,0,1,pickup,19:00,0,0,0.0,Trung tâm,Phở,Phường Bến Thành
L11495,R029,2026-06-27,Phở bò tái nạm,48000,51,24000,1,0,1,delivery,19:15,0,0,0.0,Trung tâm,Phở,Phường Bến Thành
L11496,R029,2026-06-27,Phở gà,53000,54,24000,1,0,1,pickup,19:00,0,0,0.0,Trung tâm,Phở,Phường Bến Thành
L11497,R029,2026-06-27,Phở bò tái,52000,55,23000,1,0,1,pickup,19:00,0,0,0.0,Trung tâm,Phở,Phường Bến Thành
L11498,R030,2026-06-27,Bún bò Huế đặc biệt,41000,52,20000,11,10,1,delivery,15:15,200000,210000,0.909,Công nhân,Bún bò,Phường An Phú
L11499,R030,2026-06-27,Bún bò viên,48000,54,22000,14,11,3,delivery,15:30,242000,286000,0.786,Công nhân,Bún bò,Phường An Phú
L11500,R031,2026-06-27,Phở bò chín,49000,47,26000,6,4,2,delivery,09:30,104000,92000,0.667,Sinh viên,Phở,Phường Phước Long
L11501,R031,2026-06-27,Phở gà,53000,38,33000,5,2,3,pickup,09:30,66000,40000,0.4,Sinh viên,Phở,Phường Phước Long
L11502,R032,2026-06-27,Cơm sườn đậu hũ,51000,37,32000,5,3,2,delivery,13:00,96000,57000,0.6,Trung tâm,Cơm văn phòng,Phường Cầu Ông Lãnh
L11503,R033,2026-06-27,Cơm tấm bì,30000,47,16000,1,0,1,pickup,13:15,0,0,0.0,Dân cư đông,Cơm tấm,Phường Tân Hòa
L11504,R033,2026-06-27,Cơm tấm đặc biệt,51000,52,24000,1,0,1,pickup,13:45,0,0,0.0,Dân cư đông,Cơm tấm,Phường Tân Hòa
L11505,R033,2026-06-27,Cơm tấm sườn trứng,52000,45,29000,1,0,1,pickup,13:00,0,0,0.0,Dân cư đông,Cơm tấm,Phường Tân Hòa
L11506,R033,2026-06-27,Cơm tấm sườn bì chả,37000,46,20000,1,0,1,pickup,13:15,0,0,0.0,Dân cư đông,Cơm tấm,Phường Tân Hòa
L11507,R033,2026-06-27,Cơm tấm sườn nướng,32000,42,19000,1,0,1,pickup,13:45,0,0,0.0,Dân cư đông,Cơm tấm,Phường Tân Hòa
L11508,R034,2026-06-27,Bún bò Huế đặc biệt,56000,37,35000,4,2,2,delivery,18:00,70000,42000,0.5,Ngoại ô,Bún bò,Xã Bình Chánh
L11509,R034,2026-06-27,Bún bò giò heo,44000,33,29000,5,1,4,delivery,18:00,29000,15000,0.2,Ngoại ô,Bún bò,Xã Bình Chánh
L11510,R035,2026-06-27,Bánh mì gà,20000,53,9000,1,0,1,delivery,12:15,0,0,0.0,Dân cư đông,Bánh mì,Phường Tân Sơn Nhất
L11511,R035,2026-06-27,Bánh mì chả lụa,22000,51,11000,1,0,1,delivery,12:15,0,0,0.0,Dân cư đông,Bánh mì,Phường Tân Sơn Nhất
L11512,R035,2026-06-27,Bánh mì thịt nguội,22000,59,9000,1,0,1,delivery,12:00,0,0,0.0,Dân cư đông,Bánh mì,Phường Tân Sơn Nhất
L11513,R035,2026-06-27,Bánh mì trứng,18000,55,8000,1,0,1,delivery,12:45,0,0,0.0,Dân cư đông,Bánh mì,Phường Tân Sơn Nhất
L11514,R035,2026-06-27,Bánh mì xíu mại,20000,53,9000,1,0,1,delivery,12:15,0,0,0.0,Dân cư đông,Bánh mì,Phường Tân Sơn Nhất
L11515,R036,2026-06-27,Bún bò Huế đặc biệt,54000,37,34000,4,1,3,pickup,14:45,34000,20000,0.25,Sinh viên,Bún bò,Phường Phước Long
L11516,R036,2026-06-27,Bún bò viên,47000,40,28000,4,2,2,pickup,14:45,56000,38000,0.5,Sinh viên,Bún bò,Phường Phước Long
L11517,R036,2026-06-27,Bún bò gân,44000,39,27000,4,1,3,delivery,14:00,27000,17000,0.25,Sinh viên,Bún bò,Phường Phước Long
L11518,R037,2026-06-27,Bún bò viên,45000,41,27000,7,5,2,delivery,15:00,135000,90000,0.714,Trung tâm,Bún bò,Phường Tân Định
L11519,R038,2026-06-27,Bún bò gân,45000,49,23000,1,0,1,pickup,17:30,0,0,0.0,Công nhân,Bún bò,Phường Thuận Giao
L11520,R038,2026-06-27,Bún bò thập cẩm,49000,49,25000,2,1,1,pickup,17:30,25000,24000,0.5,Công nhân,Bún bò,Phường Thuận Giao
L11521,R039,2026-06-27,Bún riêu cua mọc,43000,55,19000,25,19,6,pickup,09:30,361000,456000,0.76,Công nhân,Bún riêu,Phường Đông Hòa
L11522,R040,2026-06-27,Bún bò Huế đặc biệt,50000,60,20000,1,0,1,delivery,14:15,0,0,0.0,Sinh viên,Bún bò,Phường Bình Trưng
L11523,R041,2026-06-27,Phở bò chín,52000,47,28000,3,2,1,delivery,15:15,56000,48000,0.667,Công nhân,Phở,Phường Tân Khánh
L11524,R041,2026-06-27,Phở bò tái nạm,43000,51,21000,3,2,1,pickup,15:45,42000,44000,0.667,Công nhân,Phở,Phường Tân Khánh
L11525,R042,2026-06-27,Cơm tấm sườn trứng,30000,60,12000,2,1,1,pickup,11:15,12000,18000,0.5,Trung tâm,Cơm tấm,Phường Tân Định
L11526,R042,2026-06-27,Cơm tấm bì,37000,60,15000,2,1,1,delivery,11:30,15000,22000,0.5,Trung tâm,Cơm tấm,Phường Tân Định
L11527,R042,2026-06-27,Cơm tấm sườn bì chả,39000,57,17000,3,2,1,delivery,11:00,34000,44000,0.667,Trung tâm,Cơm tấm,Phường Tân Định
L11528,R043,2026-06-27,Cơm sườn đậu hũ,28000,60,11000,2,1,1,pickup,16:30,11000,17000,0.5,Dân cư đông,Cơm văn phòng,Phường Bảy Hiền
L11529,R043,2026-06-27,Cơm gà luộc,34000,60,14000,3,2,1,pickup,16:00,28000,40000,0.667,Dân cư đông,Cơm văn phòng,Phường Bảy Hiền
L11530,R043,2026-06-27,Cơm gà xối mỡ,40000,60,16000,2,1,1,pickup,16:00,16000,24000,0.5,Dân cư đông,Cơm văn phòng,Phường Bảy Hiền
L11531,R043,2026-06-27,Cơm thịt kho trứng,36000,57,15000,3,2,1,pickup,16:15,30000,42000,0.667,Dân cư đông,Cơm văn phòng,Phường Bảy Hiền
L11532,R043,2026-06-27,Cơm canh chua,37000,60,15000,3,2,1,pickup,16:30,30000,44000,0.667,Dân cư đông,Cơm văn phòng,Phường Bảy Hiền
L11533,R044,2026-06-27,Hủ tiếu Nam Vang,49000,45,27000,3,1,2,pickup,13:30,27000,22000,0.333,Sinh viên,Hủ tiếu,Phường Tam Bình
L11534,R044,2026-06-27,Hủ tiếu thập cẩm,41000,54,19000,2,1,1,delivery,13:45,19000,22000,0.5,Sinh viên,Hủ tiếu,Phường Tam Bình
L11535,R044,2026-06-27,Hủ tiếu bò kho,48000,46,26000,3,1,2,pickup,13:00,26000,22000,0.333,Sinh viên,Hủ tiếu,Phường Tam Bình
L11536,R045,2026-06-27,Bún bò viên,40000,43,23000,4,2,2,delivery,17:45,46000,34000,0.5,Công nhân,Bún bò,Phường Thuận An
L11537,R045,2026-06-27,Bún bò gân,41000,45,23000,4,3,1,pickup,17:15,69000,54000,0.75,Công nhân,Bún bò,Phường Thuận An
L11538,R045,2026-06-27,Bún bò thập cẩm,61000,46,33000,4,2,2,pickup,17:45,66000,56000,0.5,Công nhân,Bún bò,Phường Thuận An
L11539,R046,2026-06-27,Bánh mì xíu mại,21000,59,9000,3,2,1,pickup,13:15,18000,24000,0.667,Sinh viên,Bánh mì,Phường Cát Lái
L11540,R046,2026-06-27,Bánh mì gà,17000,56,7000,3,2,1,pickup,13:30,14000,20000,0.667,Sinh viên,Bánh mì,Phường Cát Lái
L11541,R046,2026-06-27,Bánh mì trứng,21000,57,9000,2,1,1,pickup,13:45,9000,12000,0.5,Sinh viên,Bánh mì,Phường Cát Lái
L11542,R046,2026-06-27,Bánh mì thịt nguội,32000,49,16000,2,1,1,pickup,13:45,16000,16000,0.5,Sinh viên,Bánh mì,Phường Cát Lái
L11543,R046,2026-06-27,Bánh mì chả lụa,21000,57,9000,3,2,1,pickup,13:30,18000,24000,0.667,Sinh viên,Bánh mì,Phường Cát Lái
L11544,R047,2026-06-27,Bún bò thập cẩm,53000,47,28000,24,17,7,delivery,17:15,476000,425000,0.708,Công nhân,Bún bò,Phường Tân Khánh
L11545,R048,2026-06-27,Bánh mì trứng,24000,58,10000,3,2,1,delivery,18:30,20000,28000,0.667,Công nhân,Bánh mì,Phường An Phú
L11546,R048,2026-06-27,Bánh mì xíu mại,34000,52,16000,4,2,2,delivery,18:00,32000,36000,0.5,Công nhân,Bánh mì,Phường An Phú
L11547,R049,2026-06-27,Phở bò tái nạm,37000,40,22000,1,0,1,delivery,12:45,0,0,0.0,Sinh viên,Phở,Phường Thủ Đức
L11548,R049,2026-06-27,Phở gà,40000,36,26000,1,0,1,delivery,12:30,0,0,0.0,Sinh viên,Phở,Phường Thủ Đức
L11549,R049,2026-06-27,Phở bò chín,53000,39,32000,1,0,1,delivery,12:30,0,0,0.0,Sinh viên,Phở,Phường Thủ Đức
L11550,R049,2026-06-27,Phở bò tái,52000,45,29000,1,0,1,pickup,12:00,0,0,0.0,Sinh viên,Phở,Phường Thủ Đức
L11551,R050,2026-06-27,Bánh mì xíu mại,27000,44,15000,1,0,1,pickup,17:15,0,0,0.0,Ngoại ô,Bánh mì,Xã Hưng Long
L11552,R051,2026-06-27,Hủ tiếu thập cẩm,53000,55,24000,5,3,2,delivery,13:30,72000,87000,0.6,Dân cư đông,Hủ tiếu,Phường Hạnh Thông
L11553,R052,2026-06-27,Cơm tấm sườn nướng,44000,34,29000,4,1,3,delivery,18:15,29000,15000,0.25,Dân cư đông,Cơm tấm,Phường Xóm Chiếu
L11554,R052,2026-06-27,Cơm tấm đặc biệt,35000,42,20000,4,2,2,delivery,18:45,40000,30000,0.5,Dân cư đông,Cơm tấm,Phường Xóm Chiếu
L11555,R052,2026-06-27,Cơm tấm sườn trứng,33000,35,21000,4,1,3,delivery,18:30,21000,12000,0.25,Dân cư đông,Cơm tấm,Phường Xóm Chiếu
L11556,R053,2026-06-27,Bánh mì trứng,22000,60,9000,4,3,1,pickup,17:45,27000,39000,0.75,Dân cư đông,Bánh mì,Phường Gia Định
L11557,R053,2026-06-27,Bánh mì xíu mại,23000,55,10000,3,2,1,delivery,17:00,20000,26000,0.667,Dân cư đông,Bánh mì,Phường Gia Định
L11558,R053,2026-06-27,Bánh mì gà,22000,60,9000,3,2,1,pickup,17:00,18000,26000,0.667,Dân cư đông,Bánh mì,Phường Gia Định
L11559,R053,2026-06-27,Bánh mì chả lụa,22000,60,9000,3,1,2,delivery,17:00,9000,13000,0.333,Dân cư đông,Bánh mì,Phường Gia Định
L11560,R053,2026-06-27,Bánh mì thịt nguội,21000,60,8000,3,2,1,delivery,17:30,16000,26000,0.667,Dân cư đông,Bánh mì,Phường Gia Định
L11561,R054,2026-06-27,Bánh mì gà,26000,50,13000,3,2,1,pickup,11:00,26000,26000,0.667,Công nhân,Bánh mì,Phường Bình Hòa
L11562,R054,2026-06-27,Bánh mì xíu mại,20000,49,10000,3,1,2,delivery,11:15,10000,10000,0.333,Công nhân,Bánh mì,Phường Bình Hòa
L11563,R054,2026-06-27,Bánh mì chả lụa,23000,52,11000,4,3,1,pickup,11:15,33000,36000,0.75,Công nhân,Bánh mì,Phường Bình Hòa
L11564,R054,2026-06-27,Bánh mì thịt nguội,33000,59,14000,4,3,1,delivery,11:45,42000,57000,0.75,Công nhân,Bánh mì,Phường Bình Hòa
L11565,R055,2026-06-27,Cơm tấm sườn nướng,41000,55,18000,1,0,1,delivery,12:00,0,0,0.0,Dân cư đông,Cơm tấm,Phường Thông Tây Hội
L11566,R055,2026-06-27,Cơm tấm đặc biệt,43000,60,17000,2,1,1,delivery,12:15,17000,26000,0.5,Dân cư đông,Cơm tấm,Phường Thông Tây Hội
L11567,R055,2026-06-27,Cơm tấm bì,47000,57,20000,1,0,1,pickup,12:30,0,0,0.0,Dân cư đông,Cơm tấm,Phường Thông Tây Hội
L11568,R055,2026-06-27,Cơm tấm sườn trứng,35000,60,14000,1,0,1,delivery,12:30,0,0,0.0,Dân cư đông,Cơm tấm,Phường Thông Tây Hội
L11569,R055,2026-06-27,Cơm tấm sườn bì chả,36000,55,16000,1,0,1,pickup,12:30,0,0,0.0,Dân cư đông,Cơm tấm,Phường Thông Tây Hội
L11570,R056,2026-06-27,Hủ tiếu sa tế,52000,34,34000,3,1,2,pickup,17:00,34000,18000,0.333,Trung tâm,Hủ tiếu,Phường Nhiêu Lộc
L11571,R056,2026-06-27,Hủ tiếu bò kho,62000,41,37000,4,2,2,delivery,17:15,74000,50000,0.5,Trung tâm,Hủ tiếu,Phường Nhiêu Lộc
L11572,R057,2026-06-27,Bún bò thập cẩm,46000,53,22000,1,0,1,pickup,18:15,0,0,0.0,Sinh viên,Bún bò,Phường Bình Trưng
L11573,R057,2026-06-27,Bún bò Huế đặc biệt,50000,48,26000,1,0,1,pickup,18:30,0,0,0.0,Sinh viên,Bún bò,Phường Bình Trưng
L11574,R058,2026-06-27,Bánh mì chả lụa,20000,35,13000,1,0,1,pickup,19:30,0,0,0.0,Trung tâm,Bánh mì,Phường Cầu Kiệu
L11575,R058,2026-06-27,Bánh mì trứng,18000,33,12000,1,0,1,pickup,19:00,0,0,0.0,Trung tâm,Bánh mì,Phường Cầu Kiệu
L11576,R058,2026-06-27,Bánh mì thịt nguội,22000,39,13000,1,0,1,pickup,19:45,0,0,0.0,Trung tâm,Bánh mì,Phường Cầu Kiệu
L11577,R058,2026-06-27,Bánh mì gà,24000,32,16000,1,0,1,pickup,19:00,0,0,0.0,Trung tâm,Bánh mì,Phường Cầu Kiệu
L11578,R059,2026-06-27,Cơm tấm sườn bì chả,37000,30,26000,2,1,1,delivery,14:15,26000,11000,0.5,Sinh viên,Cơm tấm,Phường Tam Bình
L11579,R059,2026-06-27,Cơm tấm sườn nướng,33000,30,23000,2,0,2,delivery,14:00,0,0,0.0,Sinh viên,Cơm tấm,Phường Tam Bình
L11580,R060,2026-06-27,Phở gà,51000,56,22000,2,1,1,delivery,10:00,22000,29000,0.5,Công nhân,Phở,Phường Tân Đông Hiệp
L11581,R061,2026-06-27,Cơm tấm đặc biệt,36000,43,21000,3,1,2,delivery,15:00,21000,15000,0.333,Sinh viên,Cơm tấm,Phường Tam Bình
L11582,R061,2026-06-27,Cơm tấm bì,36000,48,19000,4,2,2,pickup,15:45,38000,34000,0.5,Sinh viên,Cơm tấm,Phường Tam Bình
L11583,R062,2026-06-27,Phở gà,49000,30,34000,1,0,1,delivery,10:00,0,0,0.0,Dân cư đông,Phở,Phường Hạnh Thông
L11584,R062,2026-06-27,Phở bò tái,50000,34,33000,1,0,1,delivery,10:15,0,0,0.0,Dân cư đông,Phở,Phường Hạnh Thông
L11585,R062,2026-06-27,Phở bò viên,57000,30,40000,1,0,1,delivery,10:30,0,0,0.0,Dân cư đông,Phở,Phường Hạnh Thông
L11586,R062,2026-06-27,Phở bò chín,50000,33,34000,1,0,1,delivery,10:15,0,0,0.0,Dân cư đông,Phở,Phường Hạnh Thông
L11587,R062,2026-06-27,Phở bò tái nạm,46000,30,32000,1,0,1,delivery,10:00,0,0,0.0,Dân cư đông,Phở,Phường Hạnh Thông
L11588,R063,2026-06-27,Hủ tiếu sa tế,46000,38,29000,4,1,3,delivery,19:00,29000,17000,0.25,Công nhân,Hủ tiếu,Phường Thuận Giao
L11589,R063,2026-06-27,Hủ tiếu bò kho,44000,37,28000,4,2,2,delivery,19:00,56000,32000,0.5,Công nhân,Hủ tiếu,Phường Thuận Giao
L11590,R063,2026-06-27,Hủ tiếu mì,46000,45,25000,4,2,2,delivery,19:45,50000,42000,0.5,Công nhân,Hủ tiếu,Phường Thuận Giao
L11591,R064,2026-06-27,Bún bò thập cẩm,54000,41,32000,3,2,1,delivery,10:00,64000,44000,0.667,Sinh viên,Bún bò,Phường Tăng Nhơn Phú
L11592,R064,2026-06-27,Bún bò giò heo,60000,39,37000,3,1,2,pickup,10:00,37000,23000,0.333,Sinh viên,Bún bò,Phường Tăng Nhơn Phú
L11593,R064,2026-06-27,Bún bò gân,54000,39,33000,3,1,2,delivery,10:30,33000,21000,0.333,Sinh viên,Bún bò,Phường Tăng Nhơn Phú
L11594,R065,2026-06-27,Cơm tấm sườn trứng,53000,55,24000,2,1,1,pickup,19:00,24000,29000,0.5,Công nhân,Cơm tấm,Phường Đông Hòa
L11595,R065,2026-06-27,Cơm tấm sườn bì chả,47000,57,20000,2,1,1,pickup,19:45,20000,27000,0.5,Công nhân,Cơm tấm,Phường Đông Hòa
L11596,R065,2026-06-27,Cơm tấm đặc biệt,39000,48,20000,1,0,1,pickup,19:15,0,0,0.0,Công nhân,Cơm tấm,Phường Đông Hòa
L11597,R066,2026-06-27,Cơm canh chua,35000,55,16000,5,3,2,pickup,09:45,48000,57000,0.6,Sinh viên,Cơm văn phòng,Phường An Khánh
L11598,R066,2026-06-27,Cơm thịt kho trứng,43000,60,17000,4,3,1,pickup,09:00,51000,78000,0.75,Sinh viên,Cơm văn phòng,Phường An Khánh
L11599,R066,2026-06-27,Cơm gà luộc,36000,57,15000,4,3,1,pickup,09:15,45000,63000,0.75,Sinh viên,Cơm văn phòng,Phường An Khánh
L11600,R067,2026-06-27,Cơm gà luộc,47000,44,26000,1,0,1,delivery,19:45,0,0,0.0,Dân cư đông,Cơm văn phòng,Phường An Hội Đông
L11601,R067,2026-06-27,Cơm sườn đậu hũ,28000,44,16000,1,0,1,delivery,19:30,0,0,0.0,Dân cư đông,Cơm văn phòng,Phường An Hội Đông
L11602,R067,2026-06-27,Cơm canh chua,31000,47,16000,1,0,1,pickup,19:30,0,0,0.0,Dân cư đông,Cơm văn phòng,Phường An Hội Đông
L11603,R067,2026-06-27,Cơm gà xối mỡ,45000,45,25000,1,0,1,pickup,19:30,0,0,0.0,Dân cư đông,Cơm văn phòng,Phường An Hội Đông
L11604,R067,2026-06-27,Cơm thịt kho trứng,38000,45,21000,1,0,1,pickup,19:00,0,0,0.0,Dân cư đông,Cơm văn phòng,Phường An Hội Đông
L11605,R068,2026-06-27,Bún riêu cua,40000,31,28000,1,0,1,delivery,19:30,0,0,0.0,Trung tâm,Bún riêu,Phường Xuân Hòa
L11606,R068,2026-06-27,Bún riêu thập cẩm,46000,35,30000,1,0,1,delivery,19:00,0,0,0.0,Trung tâm,Bún riêu,Phường Xuân Hòa
L11607,R068,2026-06-27,Bún riêu cua đồng,37000,35,24000,1,0,1,delivery,19:00,0,0,0.0,Trung tâm,Bún riêu,Phường Xuân Hòa
L11608,R069,2026-06-27,Bánh mì trứng,23000,51,11000,1,0,1,pickup,20:30,0,0,0.0,Ngoại ô,Bánh mì,Xã Xuân Thới Sơn
L11609,R069,2026-06-27,Bánh mì gà,26000,42,15000,1,0,1,pickup,20:45,0,0,0.0,Ngoại ô,Bánh mì,Xã Xuân Thới Sơn
L11610,R069,2026-06-27,Bánh mì chả lụa,31000,51,15000,1,0,1,pickup,20:15,0,0,0.0,Ngoại ô,Bánh mì,Xã Xuân Thới Sơn
L11611,R070,2026-06-27,Hủ tiếu mì,57000,55,26000,1,0,1,pickup,19:30,0,0,0.0,Dân cư đông,Hủ tiếu,Phường Gò Vấp
L11612,R070,2026-06-27,Hủ tiếu sa tế,42000,56,18000,1,0,1,delivery,19:30,0,0,0.0,Dân cư đông,Hủ tiếu,Phường Gò Vấp
L11613,R070,2026-06-27,Hủ tiếu thập cẩm,50000,59,20000,1,0,1,pickup,19:00,0,0,0.0,Dân cư đông,Hủ tiếu,Phường Gò Vấp
L11614,R070,2026-06-27,Hủ tiếu Nam Vang,45000,60,18000,1,0,1,delivery,19:45,0,0,0.0,Dân cư đông,Hủ tiếu,Phường Gò Vấp
L11615,R071,2026-06-27,Cơm tấm sườn trứng,39000,34,26000,3,1,2,delivery,11:15,26000,13000,0.333,Sinh viên,Cơm tấm,Phường Bình Trưng
L11616,R071,2026-06-27,Cơm tấm sườn bì chả,48000,30,34000,3,1,2,delivery,11:30,34000,14000,0.333,Sinh viên,Cơm tấm,Phường Bình Trưng
L11617,R071,2026-06-27,Cơm tấm bì,42000,32,29000,3,1,2,delivery,11:15,29000,13000,0.333,Sinh viên,Cơm tấm,Phường Bình Trưng
L11618,R071,2026-06-27,Cơm tấm đặc biệt,44000,34,29000,3,1,2,pickup,11:30,29000,15000,0.333,Sinh viên,Cơm tấm,Phường Bình Trưng
L11619,R071,2026-06-27,Cơm tấm sườn nướng,39000,36,25000,4,1,3,pickup,11:30,25000,14000,0.25,Sinh viên,Cơm tấm,Phường Bình Trưng
L11620,R072,2026-06-27,Cơm canh chua,33000,51,16000,5,4,1,delivery,14:30,64000,68000,0.8,Trung tâm,Cơm văn phòng,Phường Bến Thành
L11621,R072,2026-06-27,Cơm thịt kho trứng,51000,50,26000,4,3,1,delivery,14:15,78000,75000,0.75,Trung tâm,Cơm văn phòng,Phường Bến Thành
L11622,R073,2026-06-27,Bánh mì thịt nguội,24000,45,13000,2,1,1,delivery,16:00,13000,11000,0.5,Dân cư đông,Bánh mì,Phường Vĩnh Hội
L11623,R073,2026-06-27,Bánh mì chả lụa,22000,41,13000,2,1,1,delivery,16:45,13000,9000,0.5,Dân cư đông,Bánh mì,Phường Vĩnh Hội
L11624,R074,2026-06-27,Cơm gà luộc,39000,30,27000,2,0,2,pickup,17:00,0,0,0.0,Dân cư đông,Cơm văn phòng,Phường Bình Lợi Trung
L11625,R074,2026-06-27,Cơm sườn đậu hũ,30000,32,20000,1,0,1,pickup,17:30,0,0,0.0,Dân cư đông,Cơm văn phòng,Phường Bình Lợi Trung
L11626,R074,2026-06-27,Cơm gà xối mỡ,31000,30,22000,2,1,1,pickup,17:00,22000,9000,0.5,Dân cư đông,Cơm văn phòng,Phường Bình Lợi Trung
L11627,R074,2026-06-27,Cơm canh chua,49000,30,34000,2,0,2,pickup,17:30,0,0,0.0,Dân cư đông,Cơm văn phòng,Phường Bình Lợi Trung
L11628,R074,2026-06-27,Cơm thịt kho trứng,37000,30,26000,2,1,1,pickup,17:15,26000,11000,0.5,Dân cư đông,Cơm văn phòng,Phường Bình Lợi Trung
L11629,R075,2026-06-27,Cơm tấm sườn nướng,38000,55,17000,4,3,1,delivery,15:15,51000,63000,0.75,Dân cư đông,Cơm tấm,Phường Vĩnh Hội
L11630,R075,2026-06-27,Cơm tấm sườn bì chả,40000,48,21000,3,1,2,delivery,15:30,21000,19000,0.333,Dân cư đông,Cơm tấm,Phường Vĩnh Hội
L11631,R075,2026-06-27,Cơm tấm bì,29000,51,14000,3,1,2,delivery,15:00,14000,15000,0.333,Dân cư đông,Cơm tấm,Phường Vĩnh Hội
L11632,R076,2026-06-27,Phở gà,46000,47,24000,5,3,2,pickup,12:00,72000,66000,0.6,Dân cư đông,Phở,Phường An Nhơn
L11633,R076,2026-06-27,Phở bò viên,45000,43,26000,5,3,2,pickup,12:45,78000,57000,0.6,Dân cư đông,Phở,Phường An Nhơn
L11634,R076,2026-06-27,Phở bò tái nạm,45000,41,27000,5,3,2,pickup,12:00,81000,54000,0.6,Dân cư đông,Phở,Phường An Nhơn
L11635,R077,2026-06-27,Cơm tấm sườn trứng,28000,47,15000,2,1,1,delivery,14:30,15000,13000,0.5,Trung tâm,Cơm tấm,Phường Xuân Hòa
L11636,R077,2026-06-27,Cơm tấm bì,40000,44,22000,2,1,1,delivery,14:00,22000,18000,0.5,Trung tâm,Cơm tấm,Phường Xuân Hòa
L11637,R077,2026-06-27,Cơm tấm sườn bì chả,32000,41,19000,2,1,1,delivery,14:45,19000,13000,0.5,Trung tâm,Cơm tấm,Phường Xuân Hòa
L11638,R078,2026-06-27,Bún riêu cua đồng,41000,40,25000,2,1,1,delivery,13:00,25000,16000,0.5,Công nhân,Bún riêu,Phường Tân Đông Hiệp
L11639,R078,2026-06-27,Bún riêu cua mọc,47000,38,29000,2,1,1,pickup,13:15,29000,18000,0.5,Công nhân,Bún riêu,Phường Tân Đông Hiệp
L11640,R078,2026-06-27,Bún riêu thập cẩm,40000,41,24000,2,1,1,delivery,13:30,24000,16000,0.5,Công nhân,Bún riêu,Phường Tân Đông Hiệp
L11641,R078,2026-06-27,Bún riêu cua,39000,41,23000,2,1,1,pickup,13:45,23000,16000,0.5,Công nhân,Bún riêu,Phường Tân Đông Hiệp
L11642,R079,2026-06-27,Cơm tấm đặc biệt,41000,48,21000,9,7,2,pickup,16:30,147000,140000,0.778,Sinh viên,Cơm tấm,Phường Bình Trưng
L11643,R080,2026-06-27,Cơm tấm sườn bì chả,39000,47,21000,1,0,1,delivery,09:45,0,0,0.0,Dân cư đông,Cơm tấm,Phường An Hội Đông
L11644,R080,2026-06-27,Cơm tấm bì,46000,49,23000,1,0,1,pickup,09:00,0,0,0.0,Dân cư đông,Cơm tấm,Phường An Hội Đông
L11645,R080,2026-06-27,Cơm tấm sườn trứng,47000,42,27000,1,0,1,pickup,09:00,0,0,0.0,Dân cư đông,Cơm tấm,Phường An Hội Đông
L11646,R080,2026-06-27,Cơm tấm đặc biệt,42000,48,22000,1,0,1,delivery,09:45,0,0,0.0,Dân cư đông,Cơm tấm,Phường An Hội Đông
L11647,R080,2026-06-27,Cơm tấm sườn nướng,40000,45,22000,2,1,1,pickup,09:00,22000,18000,0.5,Dân cư đông,Cơm tấm,Phường An Hội Đông
L11648,R081,2026-06-27,Bún riêu cua đồng,49000,49,25000,3,2,1,pickup,09:00,50000,48000,0.667,Công nhân,Bún riêu,Phường Đông Hòa
L11649,R081,2026-06-27,Bún riêu cua mọc,37000,55,17000,4,3,1,pickup,09:15,51000,60000,0.75,Công nhân,Bún riêu,Phường Đông Hòa
L11650,R081,2026-06-27,Bún riêu cua,39000,58,16000,3,2,1,pickup,09:00,32000,46000,0.667,Công nhân,Bún riêu,Phường Đông Hòa
L11651,R081,2026-06-27,Bún riêu thập cẩm,39000,55,18000,3,2,1,pickup,09:00,36000,42000,0.667,Công nhân,Bún riêu,Phường Đông Hòa
L11652,R082,2026-06-27,Hủ tiếu thập cẩm,64000,52,31000,11,9,2,pickup,19:45,279000,297000,0.818,Sinh viên,Hủ tiếu,Phường Tăng Nhơn Phú
L11653,R082,2026-06-27,Hủ tiếu Nam Vang,48000,56,21000,8,6,2,delivery,19:30,126000,162000,0.75,Sinh viên,Hủ tiếu,Phường Tăng Nhơn Phú
L11654,R083,2026-06-27,Cơm tấm sườn trứng,27000,36,17000,2,0,2,pickup,14:30,0,0,0.0,Trung tâm,Cơm tấm,Phường Sài Gòn
L11655,R083,2026-06-27,Cơm tấm sườn bì chả,45000,37,28000,1,0,1,delivery,14:15,0,0,0.0,Trung tâm,Cơm tấm,Phường Sài Gòn
L11656,R083,2026-06-27,Cơm tấm sườn nướng,30000,33,20000,1,0,1,pickup,14:30,0,0,0.0,Trung tâm,Cơm tấm,Phường Sài Gòn
L11657,R084,2026-06-27,Bún riêu cua đồng,44000,37,28000,1,0,1,delivery,18:45,0,0,0.0,Sinh viên,Bún riêu,Phường Hiệp Bình
L11658,R085,2026-06-27,Bánh mì gà,23000,60,9000,15,11,4,pickup,20:15,99000,154000,0.733,Sinh viên,Bánh mì,Phường Tăng Nhơn Phú
L11659,R086,2026-06-27,Phở bò chín,43000,58,18000,1,0,1,delivery,10:30,0,0,0.0,Dân cư đông,Phở,Phường Tân Sơn Nhất
L11660,R086,2026-06-27,Phở gà,44000,59,18000,1,0,1,delivery,10:45,0,0,0.0,Dân cư đông,Phở,Phường Tân Sơn Nhất
L11661,R086,2026-06-27,Phở bò tái,54000,50,27000,1,0,1,delivery,10:00,0,0,0.0,Dân cư đông,Phở,Phường Tân Sơn Nhất
L11662,R086,2026-06-27,Phở bò viên,56000,58,24000,1,0,1,delivery,10:15,0,0,0.0,Dân cư đông,Phở,Phường Tân Sơn Nhất
L11663,R086,2026-06-27,Phở bò tái nạm,48000,51,24000,1,0,1,delivery,10:30,0,0,0.0,Dân cư đông,Phở,Phường Tân Sơn Nhất
L11664,R087,2026-06-27,Phở bò viên,55000,39,34000,11,4,7,pickup,13:00,136000,84000,0.364,Công nhân,Phở,Phường Thuận An
L11665,R087,2026-06-27,Phở gà,39000,32,27000,12,6,6,pickup,13:00,162000,72000,0.5,Công nhân,Phở,Phường Thuận An
L11666,R088,2026-06-27,Cơm tấm đặc biệt,32000,54,15000,2,1,1,delivery,09:00,15000,17000,0.5,Dân cư đông,Cơm tấm,Phường Gò Vấp
L11667,R088,2026-06-27,Cơm tấm bì,31000,60,12000,2,1,1,pickup,09:00,12000,19000,0.5,Dân cư đông,Cơm tấm,Phường Gò Vấp
L11668,R088,2026-06-27,Cơm tấm sườn trứng,32000,57,14000,3,2,1,delivery,09:45,28000,36000,0.667,Dân cư đông,Cơm tấm,Phường Gò Vấp
L11669,R088,2026-06-27,Cơm tấm sườn nướng,50000,59,20000,3,2,1,pickup,09:45,40000,60000,0.667,Dân cư đông,Cơm tấm,Phường Gò Vấp
L11670,R088,2026-06-27,Cơm tấm sườn bì chả,40000,60,16000,3,2,1,pickup,09:15,32000,48000,0.667,Dân cư đông,Cơm tấm,Phường Gò Vấp
L11671,R089,2026-06-27,Hủ tiếu mì,38000,34,25000,1,0,1,delivery,15:30,0,0,0.0,Công nhân,Hủ tiếu,Phường Đông Hòa
L11672,R089,2026-06-27,Hủ tiếu Nam Vang,42000,34,28000,1,0,1,delivery,15:30,0,0,0.0,Công nhân,Hủ tiếu,Phường Đông Hòa
L11673,R089,2026-06-27,Hủ tiếu thập cẩm,47000,39,29000,1,0,1,pickup,15:45,0,0,0.0,Công nhân,Hủ tiếu,Phường Đông Hòa
L11674,R089,2026-06-27,Hủ tiếu sa tế,41000,37,26000,1,0,1,delivery,15:00,0,0,0.0,Công nhân,Hủ tiếu,Phường Đông Hòa
L11675,R090,2026-06-27,Hủ tiếu sa tế,57000,37,36000,14,6,8,delivery,09:00,216000,126000,0.429,Sinh viên,Hủ tiếu,Phường Thủ Đức
L11676,R091,2026-06-27,Bánh mì trứng,25000,60,10000,3,2,1,pickup,12:30,20000,30000,0.667,Dân cư đông,Bánh mì,Phường Xóm Chiếu
L11677,R092,2026-06-27,Cơm tấm sườn nướng,31000,39,19000,3,1,2,pickup,17:15,19000,12000,0.333,Dân cư đông,Cơm tấm,Phường Gia Định
L11678,R092,2026-06-27,Cơm tấm sườn trứng,41000,30,29000,2,1,1,delivery,17:15,29000,12000,0.5,Dân cư đông,Cơm tấm,Phường Gia Định
L11679,R092,2026-06-27,Cơm tấm sườn bì chả,44000,36,28000,3,1,2,delivery,17:45,28000,16000,0.333,Dân cư đông,Cơm tấm,Phường Gia Định
L11680,R092,2026-06-27,Cơm tấm bì,52000,31,36000,2,0,2,delivery,17:30,0,0,0.0,Dân cư đông,Cơm tấm,Phường Gia Định
L11681,R092,2026-06-27,Cơm tấm đặc biệt,31000,31,21000,3,1,2,pickup,17:15,21000,10000,0.333,Dân cư đông,Cơm tấm,Phường Gia Định
L11682,R093,2026-06-27,Phở bò tái,46000,31,32000,6,3,3,delivery,09:30,96000,42000,0.5,Công nhân,Phở,Phường Tân Đông Hiệp
L11683,R093,2026-06-27,Phở bò chín,57000,39,35000,5,3,2,delivery,09:15,105000,66000,0.6,Công nhân,Phở,Phường Tân Đông Hiệp
L11684,R093,2026-06-27,Phở bò tái nạm,49000,41,29000,5,3,2,pickup,09:30,87000,60000,0.6,Công nhân,Phở,Phường Tân Đông Hiệp
L11685,R093,2026-06-27,Phở gà,49000,35,32000,6,3,3,delivery,09:15,96000,51000,0.5,Công nhân,Phở,Phường Tân Đông Hiệp
L11686,R094,2026-06-27,Hủ tiếu thập cẩm,55000,52,26000,9,6,3,delivery,12:30,156000,174000,0.667,Dân cư đông,Hủ tiếu,Phường Bình Lợi Trung
L11687,R095,2026-06-27,Cơm tấm sườn nướng,46000,60,18000,2,1,1,pickup,14:00,18000,28000,0.5,Công nhân,Cơm tấm,Phường Lái Thiêu
L11688,R095,2026-06-27,Cơm tấm đặc biệt,31000,55,14000,2,1,1,pickup,14:30,14000,17000,0.5,Công nhân,Cơm tấm,Phường Lái Thiêu
L11689,R095,2026-06-27,Cơm tấm sườn bì chả,34000,60,14000,2,1,1,pickup,14:00,14000,20000,0.5,Công nhân,Cơm tấm,Phường Lái Thiêu
L11690,R095,2026-06-27,Cơm tấm bì,41000,60,16000,2,1,1,delivery,14:30,16000,25000,0.5,Công nhân,Cơm tấm,Phường Lái Thiêu
L11691,R096,2026-06-27,Cơm gà xối mỡ,39000,48,20000,9,5,4,pickup,14:45,100000,95000,0.556,Công nhân,Cơm văn phòng,Phường Lái Thiêu
L11692,R096,2026-06-27,Cơm canh chua,28000,40,17000,8,5,3,pickup,14:30,85000,55000,0.625,Công nhân,Cơm văn phòng,Phường Lái Thiêu
L11693,R097,2026-06-27,Hủ tiếu bò kho,43000,54,20000,2,1,1,delivery,20:45,20000,23000,0.5,Công nhân,Hủ tiếu,Phường Tân Đông Hiệp
L11694,R097,2026-06-27,Hủ tiếu Nam Vang,52000,51,25000,3,1,2,delivery,20:00,25000,27000,0.333,Công nhân,Hủ tiếu,Phường Tân Đông Hiệp
L11695,R097,2026-06-27,Hủ tiếu mì,63000,49,32000,2,1,1,delivery,20:15,32000,31000,0.5,Công nhân,Hủ tiếu,Phường Tân Đông Hiệp
L11696,R098,2026-06-27,Bún riêu cua đồng,45000,37,28000,2,0,2,pickup,16:00,0,0,0.0,Trung tâm,Bún riêu,Phường Xuân Hòa
L11697,R099,2026-06-27,Cơm gà xối mỡ,47000,60,19000,1,0,1,pickup,09:30,0,0,0.0,Sinh viên,Cơm văn phòng,Phường An Khánh
L11698,R099,2026-06-27,Cơm gà luộc,27000,60,11000,1,0,1,pickup,09:00,0,0,0.0,Sinh viên,Cơm văn phòng,Phường An Khánh
L11699,R099,2026-06-27,Cơm thịt kho trứng,30000,57,13000,1,0,1,pickup,09:45,0,0,0.0,Sinh viên,Cơm văn phòng,Phường An Khánh
L11700,R099,2026-06-27,Cơm canh chua,44000,54,20000,1,0,1,pickup,09:00,0,0,0.0,Sinh viên,Cơm văn phòng,Phường An Khánh
L11701,R099,2026-06-27,Cơm sườn đậu hũ,29000,57,12000,1,0,1,pickup,09:45,0,0,0.0,Sinh viên,Cơm văn phòng,Phường An Khánh
L11702,R100,2026-06-27,Hủ tiếu sa tế,54000,44,30000,2,1,1,delivery,15:15,30000,24000,0.5,Trung tâm,Hủ tiếu,Phường Tân Định
L11703,R100,2026-06-27,Hủ tiếu mì,58000,37,37000,3,1,2,delivery,15:45,37000,21000,0.333,Trung tâm,Hủ tiếu,Phường Tân Định
L11704,R101,2026-06-27,Phở bò chín,54000,30,38000,1,0,1,pickup,09:30,0,0,0.0,Công nhân,Phở,Phường Bình Hòa
L11705,R101,2026-06-27,Phở bò tái nạm,47000,30,33000,1,0,1,pickup,09:45,0,0,0.0,Công nhân,Phở,Phường Bình Hòa
L11706,R101,2026-06-27,Phở bò viên,46000,31,32000,1,0,1,pickup,09:30,0,0,0.0,Công nhân,Phở,Phường Bình Hòa
L11707,R102,2026-06-27,Bún bò viên,40000,59,16000,2,1,1,pickup,15:45,16000,24000,0.5,Sinh viên,Bún bò,Phường Thủ Đức
L11708,R102,2026-06-27,Bún bò gân,52000,56,23000,2,1,1,delivery,15:30,23000,29000,0.5,Sinh viên,Bún bò,Phường Thủ Đức
L11709,R102,2026-06-27,Bún bò Huế đặc biệt,42000,59,17000,1,0,1,pickup,15:45,0,0,0.0,Sinh viên,Bún bò,Phường Thủ Đức
L11710,R102,2026-06-27,Bún bò giò heo,52000,55,23000,1,0,1,delivery,15:30,0,0,0.0,Sinh viên,Bún bò,Phường Thủ Đức
L11711,R103,2026-06-27,Cơm gà xối mỡ,34000,33,23000,6,2,4,delivery,11:00,46000,22000,0.333,Công nhân,Cơm văn phòng,Phường Đông Hòa
L11712,R103,2026-06-27,Cơm canh chua,42000,37,26000,5,2,3,delivery,11:30,52000,32000,0.4,Công nhân,Cơm văn phòng,Phường Đông Hòa
L11713,R103,2026-06-27,Cơm gà luộc,33000,33,22000,6,3,3,pickup,11:30,66000,33000,0.5,Công nhân,Cơm văn phòng,Phường Đông Hòa
L11714,R104,2026-06-27,Bánh mì xíu mại,26000,44,15000,1,0,1,pickup,19:15,0,0,0.0,Dân cư đông,Bánh mì,Phường Thông Tây Hội
L11715,R104,2026-06-27,Bánh mì trứng,19000,49,10000,1,0,1,pickup,19:15,0,0,0.0,Dân cư đông,Bánh mì,Phường Thông Tây Hội
L11716,R104,2026-06-27,Bánh mì chả lụa,19000,48,10000,1,0,1,pickup,19:15,0,0,0.0,Dân cư đông,Bánh mì,Phường Thông Tây Hội
L11717,R104,2026-06-27,Bánh mì gà,26000,54,12000,1,0,1,pickup,19:15,0,0,0.0,Dân cư đông,Bánh mì,Phường Thông Tây Hội
L11718,R104,2026-06-27,Bánh mì thịt nguội,19000,48,10000,1,0,1,pickup,19:45,0,0,0.0,Dân cư đông,Bánh mì,Phường Thông Tây Hội
L11719,R105,2026-06-27,Bánh mì chả lụa,31000,37,20000,5,1,4,pickup,16:30,20000,11000,0.2,Sinh viên,Bánh mì,Phường Tam Bình
L11720,R105,2026-06-27,Bánh mì gà,20000,30,14000,5,3,2,pickup,16:30,42000,18000,0.6,Sinh viên,Bánh mì,Phường Tam Bình
L11721,R106,2026-06-27,Phở bò chín,40000,57,17000,8,5,3,pickup,11:00,85000,115000,0.625,Công nhân,Phở,Phường An Phú
L11722,R106,2026-06-27,Phở gà,44000,55,20000,7,5,2,pickup,11:30,100000,120000,0.714,Công nhân,Phở,Phường An Phú
L11723,R106,2026-06-27,Phở bò viên,43000,59,18000,8,7,1,pickup,11:45,126000,175000,0.875,Công nhân,Phở,Phường An Phú
L11724,R107,2026-06-27,Hủ tiếu bò kho,49000,39,30000,18,5,13,delivery,09:30,150000,95000,0.278,Dân cư đông,Hủ tiếu,Phường Gò Vấp
L11725,R108,2026-06-27,Cơm tấm sườn bì chả,45000,49,23000,3,2,1,pickup,16:00,46000,44000,0.667,Sinh viên,Cơm tấm,Phường Thủ Đức
L11726,R108,2026-06-27,Cơm tấm đặc biệt,30000,44,17000,4,2,2,delivery,16:45,34000,26000,0.5,Sinh viên,Cơm tấm,Phường Thủ Đức
L11727,R108,2026-06-27,Cơm tấm sườn nướng,37000,44,21000,3,2,1,delivery,16:00,42000,32000,0.667,Sinh viên,Cơm tấm,Phường Thủ Đức
L11728,R108,2026-06-27,Cơm tấm sườn trứng,33000,50,16000,4,3,1,pickup,16:45,48000,51000,0.75,Sinh viên,Cơm tấm,Phường Thủ Đức
L11729,R109,2026-06-27,Hủ tiếu bò kho,48000,60,19000,1,0,1,pickup,11:30,0,0,0.0,Trung tâm,Hủ tiếu,Phường Sài Gòn
L11730,R109,2026-06-27,Hủ tiếu sa tế,48000,55,22000,1,0,1,pickup,11:45,0,0,0.0,Trung tâm,Hủ tiếu,Phường Sài Gòn
L11731,R109,2026-06-27,Hủ tiếu thập cẩm,38000,55,17000,1,0,1,pickup,11:45,0,0,0.0,Trung tâm,Hủ tiếu,Phường Sài Gòn
L11732,R110,2026-06-27,Phở bò tái,45000,60,18000,4,3,1,pickup,10:00,54000,81000,0.75,Sinh viên,Phở,Phường Hiệp Bình
L11733,R110,2026-06-27,Phở bò viên,55000,56,24000,3,2,1,delivery,10:00,48000,62000,0.667,Sinh viên,Phở,Phường Hiệp Bình
L11734,R111,2026-06-27,Bánh mì chả lụa,16000,53,8000,5,4,1,delivery,09:45,32000,32000,0.8,Sinh viên,Bánh mì,Phường Long Bình
L11735,R112,2026-06-27,Hủ tiếu thập cẩm,41000,53,19000,1,0,1,pickup,11:30,0,0,0.0,Dân cư đông,Hủ tiếu,Phường Gò Vấp
L11736,R112,2026-06-27,Hủ tiếu bò kho,53000,51,26000,1,0,1,delivery,11:45,0,0,0.0,Dân cư đông,Hủ tiếu,Phường Gò Vấp
L11737,R112,2026-06-27,Hủ tiếu mì,41000,50,20000,1,0,1,delivery,11:45,0,0,0.0,Dân cư đông,Hủ tiếu,Phường Gò Vấp
L11738,R112,2026-06-27,Hủ tiếu sa tế,41000,51,20000,1,0,1,pickup,11:15,0,0,0.0,Dân cư đông,Hủ tiếu,Phường Gò Vấp
L11739,R112,2026-06-27,Hủ tiếu Nam Vang,54000,54,25000,1,0,1,pickup,11:45,0,0,0.0,Dân cư đông,Hủ tiếu,Phường Gò Vấp
L11740,R113,2026-06-27,Bánh mì gà,25000,47,13000,1,0,1,delivery,10:45,0,0,0.0,Dân cư đông,Bánh mì,Phường Tân Hòa
L11741,R113,2026-06-27,Bánh mì xíu mại,23000,53,11000,1,0,1,delivery,10:45,0,0,0.0,Dân cư đông,Bánh mì,Phường Tân Hòa
L11742,R113,2026-06-27,Bánh mì trứng,18000,46,10000,1,0,1,delivery,10:15,0,0,0.0,Dân cư đông,Bánh mì,Phường Tân Hòa
L11743,R113,2026-06-27,Bánh mì thịt nguội,19000,52,9000,1,0,1,delivery,10:30,0,0,0.0,Dân cư đông,Bánh mì,Phường Tân Hòa
L11744,R113,2026-06-27,Bánh mì chả lụa,21000,44,12000,1,0,1,delivery,10:15,0,0,0.0,Dân cư đông,Bánh mì,Phường Tân Hòa
L11745,R114,2026-06-27,Cơm gà xối mỡ,41000,43,23000,2,1,1,delivery,10:30,23000,18000,0.5,Công nhân,Cơm văn phòng,Phường Bình Hòa
L11746,R114,2026-06-27,Cơm canh chua,33000,45,18000,1,0,1,pickup,10:30,0,0,0.0,Công nhân,Cơm văn phòng,Phường Bình Hòa
L11747,R114,2026-06-27,Cơm gà luộc,31000,43,18000,1,0,1,pickup,10:30,0,0,0.0,Công nhân,Cơm văn phòng,Phường Bình Hòa
L11748,R114,2026-06-27,Cơm sườn đậu hũ,31000,46,17000,2,1,1,delivery,10:45,17000,14000,0.5,Công nhân,Cơm văn phòng,Phường Bình Hòa
L11749,R115,2026-06-27,Cơm tấm sườn trứng,47000,39,29000,1,0,1,pickup,14:15,0,0,0.0,Dân cư đông,Cơm tấm,Phường Khánh Hội
L11750,R115,2026-06-27,Cơm tấm đặc biệt,38000,42,22000,1,0,1,pickup,14:45,0,0,0.0,Dân cư đông,Cơm tấm,Phường Khánh Hội
L11751,R116,2026-06-27,Cơm gà xối mỡ,42000,34,28000,2,0,2,pickup,20:15,0,0,0.0,Dân cư đông,Cơm văn phòng,Phường Bình Lợi Trung
L11752,R116,2026-06-27,Cơm gà luộc,34000,41,20000,2,1,1,pickup,20:30,20000,14000,0.5,Dân cư đông,Cơm văn phòng,Phường Bình Lợi Trung
L11753,R117,2026-06-27,Bánh mì chả lụa,21000,37,13000,1,0,1,delivery,09:45,0,0,0.0,Sinh viên,Bánh mì,Phường Hiệp Bình
L11754,R117,2026-06-27,Bánh mì thịt nguội,31000,39,19000,1,0,1,delivery,09:00,0,0,0.0,Sinh viên,Bánh mì,Phường Hiệp Bình
L11755,R117,2026-06-27,Bánh mì trứng,29000,37,18000,1,0,1,delivery,09:00,0,0,0.0,Sinh viên,Bánh mì,Phường Hiệp Bình
L11756,R118,2026-06-27,Bánh mì thịt nguội,19000,30,13000,3,1,2,pickup,10:00,13000,6000,0.333,Dân cư đông,Bánh mì,Phường Gò Vấp
L11757,R118,2026-06-27,Bánh mì chả lụa,22000,30,15000,4,1,3,pickup,10:00,15000,7000,0.25,Dân cư đông,Bánh mì,Phường Gò Vấp
L11758,R118,2026-06-27,Bánh mì gà,19000,36,12000,3,1,2,pickup,10:45,12000,7000,0.333,Dân cư đông,Bánh mì,Phường Gò Vấp
L11759,R119,2026-06-27,Bún bò thập cẩm,58000,55,26000,7,5,2,pickup,14:30,130000,160000,0.714,Công nhân,Bún bò,Phường Đông Hòa
L11760,R120,2026-06-27,Bún bò gân,45000,55,20000,1,0,1,pickup,11:00,0,0,0.0,Dân cư đông,Bún bò,Phường Hạnh Thông
L11761,R120,2026-06-27,Bún bò giò heo,50000,58,21000,1,0,1,pickup,11:30,0,0,0.0,Dân cư đông,Bún bò,Phường Hạnh Thông
L11762,R120,2026-06-27,Bún bò thập cẩm,42000,53,20000,1,0,1,pickup,11:00,0,0,0.0,Dân cư đông,Bún bò,Phường Hạnh Thông
L11763,R120,2026-06-27,Bún bò viên,54000,59,22000,2,1,1,pickup,11:00,22000,32000,0.5,Dân cư đông,Bún bò,Phường Hạnh Thông
L11764,R120,2026-06-27,Bún bò Huế đặc biệt,52000,60,21000,1,0,1,pickup,11:45,0,0,0.0,Dân cư đông,Bún bò,Phường Hạnh Thông
L11765,R121,2026-06-27,Cơm canh chua,44000,37,28000,1,0,1,pickup,12:30,0,0,0.0,Dân cư đông,Cơm văn phòng,Phường Gò Vấp
L11766,R121,2026-06-27,Cơm gà luộc,45000,36,29000,1,0,1,pickup,12:30,0,0,0.0,Dân cư đông,Cơm văn phòng,Phường Gò Vấp
L11767,R121,2026-06-27,Cơm thịt kho trứng,47000,42,27000,1,0,1,pickup,12:30,0,0,0.0,Dân cư đông,Cơm văn phòng,Phường Gò Vấp
L11768,R121,2026-06-27,Cơm sườn đậu hũ,46000,35,30000,1,0,1,pickup,12:15,0,0,0.0,Dân cư đông,Cơm văn phòng,Phường Gò Vấp
L11769,R121,2026-06-27,Cơm gà xối mỡ,37000,40,22000,1,0,1,pickup,12:15,0,0,0.0,Dân cư đông,Cơm văn phòng,Phường Gò Vấp
L11770,R122,2026-06-27,Bún riêu thập cẩm,38000,51,19000,7,6,1,pickup,09:45,114000,114000,0.857,Sinh viên,Bún riêu,Phường Linh Xuân
L11771,R123,2026-06-27,Cơm canh chua,42000,52,20000,14,11,3,pickup,16:30,220000,242000,0.786,Sinh viên,Cơm văn phòng,Phường Bình Trưng
L11772,R124,2026-06-27,Bún bò viên,40000,31,28000,3,1,2,pickup,15:15,28000,12000,0.333,Sinh viên,Bún bò,Phường Cát Lái
L11773,R124,2026-06-27,Bún bò Huế đặc biệt,42000,30,29000,2,1,1,pickup,15:15,29000,13000,0.5,Sinh viên,Bún bò,Phường Cát Lái
L11774,R124,2026-06-27,Bún bò giò heo,41000,30,29000,3,1,2,delivery,15:00,29000,12000,0.333,Sinh viên,Bún bò,Phường Cát Lái
L11775,R124,2026-06-27,Bún bò thập cẩm,58000,30,41000,3,1,2,delivery,15:00,41000,17000,0.333,Sinh viên,Bún bò,Phường Cát Lái
L11776,R124,2026-06-27,Bún bò gân,55000,30,38000,2,0,2,pickup,15:30,0,0,0.0,Sinh viên,Bún bò,Phường Cát Lái
L11777,R125,2026-06-27,Bánh mì chả lụa,18000,57,8000,2,1,1,pickup,15:45,8000,10000,0.5,Công nhân,Bánh mì,Phường Lái Thiêu
L11778,R125,2026-06-27,Bánh mì gà,30000,53,14000,2,1,1,pickup,15:45,14000,16000,0.5,Công nhân,Bánh mì,Phường Lái Thiêu
L11779,R126,2026-06-27,Phở bò chín,54000,34,36000,2,0,2,delivery,11:00,0,0,0.0,Dân cư đông,Phở,Phường Gò Vấp
L11780,R126,2026-06-27,Phở bò tái,44000,31,30000,2,0,2,delivery,11:15,0,0,0.0,Dân cư đông,Phở,Phường Gò Vấp
L11781,R126,2026-06-27,Phở gà,44000,31,30000,2,1,1,delivery,11:30,30000,14000,0.5,Dân cư đông,Phở,Phường Gò Vấp
L11782,R126,2026-06-27,Phở bò tái nạm,48000,32,33000,3,1,2,delivery,11:15,33000,15000,0.333,Dân cư đông,Phở,Phường Gò Vấp
L11783,R126,2026-06-27,Phở bò viên,54000,34,36000,3,1,2,delivery,11:15,36000,18000,0.333,Dân cư đông,Phở,Phường Gò Vấp
L11784,R127,2026-06-27,Cơm canh chua,39000,37,25000,2,0,2,delivery,18:00,0,0,0.0,Dân cư đông,Cơm văn phòng,Phường Tân Sơn Nhất
L11785,R127,2026-06-27,Cơm gà luộc,30000,30,21000,2,1,1,delivery,18:45,21000,9000,0.5,Dân cư đông,Cơm văn phòng,Phường Tân Sơn Nhất
L11786,R127,2026-06-27,Cơm thịt kho trứng,38000,38,24000,2,1,1,delivery,18:15,24000,14000,0.5,Dân cư đông,Cơm văn phòng,Phường Tân Sơn Nhất
L11787,R127,2026-06-27,Cơm sườn đậu hũ,37000,37,23000,2,0,2,delivery,18:00,0,0,0.0,Dân cư đông,Cơm văn phòng,Phường Tân Sơn Nhất
L11788,R127,2026-06-27,Cơm gà xối mỡ,44000,30,31000,2,1,1,delivery,18:45,31000,13000,0.5,Dân cư đông,Cơm văn phòng,Phường Tân Sơn Nhất
L11789,R128,2026-06-27,Bánh mì gà,26000,37,16000,4,2,2,delivery,18:45,32000,20000,0.5,Trung tâm,Bánh mì,Phường Đức Nhuận
L11790,R128,2026-06-27,Bánh mì trứng,22000,30,15000,4,1,3,pickup,18:00,15000,7000,0.25,Trung tâm,Bánh mì,Phường Đức Nhuận
L11791,R129,2026-06-27,Phở bò tái,54000,51,26000,2,1,1,pickup,11:30,26000,28000,0.5,Công nhân,Phở,Phường Dĩ An
L11792,R129,2026-06-27,Phở bò viên,45000,51,22000,2,1,1,pickup,11:45,22000,23000,0.5,Công nhân,Phở,Phường Dĩ An
L11793,R129,2026-06-27,Phở bò tái nạm,54000,51,26000,2,1,1,pickup,11:15,26000,28000,0.5,Công nhân,Phở,Phường Dĩ An
L11794,R130,2026-06-27,Phở gà,46000,41,27000,4,2,2,delivery,10:00,54000,38000,0.5,Công nhân,Phở,Phường Lái Thiêu
L11795,R130,2026-06-27,Phở bò tái,52000,49,27000,3,2,1,delivery,10:45,54000,50000,0.667,Công nhân,Phở,Phường Lái Thiêu
L11796,R130,2026-06-27,Phở bò chín,46000,43,26000,4,2,2,delivery,10:45,52000,40000,0.5,Công nhân,Phở,Phường Lái Thiêu
L11797,R130,2026-06-27,Phở bò viên,46000,44,26000,4,3,1,delivery,10:45,78000,60000,0.75,Công nhân,Phở,Phường Lái Thiêu
L11798,R131,2026-06-27,Bún bò giò heo,49000,52,24000,1,0,1,delivery,20:45,0,0,0.0,Sinh viên,Bún bò,Phường Phước Long
L11799,R131,2026-06-27,Bún bò viên,44000,53,21000,1,0,1,pickup,20:15,0,0,0.0,Sinh viên,Bún bò,Phường Phước Long
L11800,R131,2026-06-27,Bún bò thập cẩm,58000,51,28000,1,0,1,pickup,20:30,0,0,0.0,Sinh viên,Bún bò,Phường Phước Long
L11801,R131,2026-06-27,Bún bò Huế đặc biệt,60000,56,26000,1,0,1,delivery,20:45,0,0,0.0,Sinh viên,Bún bò,Phường Phước Long
L11802,R132,2026-06-27,Cơm gà luộc,44000,43,25000,3,1,2,pickup,09:45,25000,19000,0.333,Sinh viên,Cơm văn phòng,Phường Linh Xuân
L11803,R132,2026-06-27,Cơm sườn đậu hũ,39000,49,20000,4,2,2,delivery,09:15,40000,38000,0.5,Sinh viên,Cơm văn phòng,Phường Linh Xuân
L11804,R132,2026-06-27,Cơm gà xối mỡ,43000,43,25000,4,2,2,delivery,09:45,50000,36000,0.5,Sinh viên,Cơm văn phòng,Phường Linh Xuân
L11805,R133,2026-06-27,Hủ tiếu Nam Vang,53000,36,34000,12,4,8,delivery,15:00,136000,76000,0.333,Sinh viên,Hủ tiếu,Phường Cát Lái
L11806,R134,2026-06-27,Cơm tấm sườn trứng,38000,36,24000,1,0,1,delivery,15:45,0,0,0.0,Dân cư đông,Cơm tấm,Phường An Nhơn
L11807,R134,2026-06-27,Cơm tấm bì,30000,35,20000,1,0,1,delivery,15:00,0,0,0.0,Dân cư đông,Cơm tấm,Phường An Nhơn
L11808,R134,2026-06-27,Cơm tấm sườn bì chả,36000,32,24000,1,0,1,delivery,15:00,0,0,0.0,Dân cư đông,Cơm tấm,Phường An Nhơn
L11809,R135,2026-06-27,Bún bò viên,50000,51,24000,6,4,2,pickup,20:30,96000,104000,0.667,Sinh viên,Bún bò,Phường Cát Lái
L11810,R135,2026-06-27,Bún bò Huế đặc biệt,46000,44,26000,6,3,3,pickup,20:00,78000,60000,0.5,Sinh viên,Bún bò,Phường Cát Lái
L11811,R135,2026-06-27,Bún bò gân,42000,49,21000,6,4,2,pickup,20:45,84000,84000,0.667,Sinh viên,Bún bò,Phường Cát Lái
L11812,R136,2026-06-27,Bún bò gân,48000,58,20000,6,4,2,delivery,10:00,80000,112000,0.667,Công nhân,Bún bò,Phường Đông Hòa
L11813,R136,2026-06-27,Bún bò viên,46000,58,19000,7,5,2,delivery,10:15,95000,135000,0.714,Công nhân,Bún bò,Phường Đông Hòa
L11814,R136,2026-06-27,Bún bò Huế đặc biệt,48000,57,21000,6,5,1,delivery,10:00,105000,135000,0.833,Công nhân,Bún bò,Phường Đông Hòa
L11815,R137,2026-06-27,Hủ tiếu thập cẩm,53000,50,26000,1,0,1,delivery,15:45,0,0,0.0,Dân cư đông,Hủ tiếu,Phường Tân Sơn Nhất
L11816,R137,2026-06-27,Hủ tiếu sa tế,44000,51,22000,1,0,1,delivery,15:45,0,0,0.0,Dân cư đông,Hủ tiếu,Phường Tân Sơn Nhất
L11817,R137,2026-06-27,Hủ tiếu mì,40000,44,22000,1,0,1,delivery,15:15,0,0,0.0,Dân cư đông,Hủ tiếu,Phường Tân Sơn Nhất
L11818,R137,2026-06-27,Hủ tiếu Nam Vang,59000,51,29000,1,0,1,delivery,15:30,0,0,0.0,Dân cư đông,Hủ tiếu,Phường Tân Sơn Nhất
L11819,R137,2026-06-27,Hủ tiếu bò kho,46000,48,24000,1,0,1,delivery,15:00,0,0,0.0,Dân cư đông,Hủ tiếu,Phường Tân Sơn Nhất
L11820,R138,2026-06-27,Cơm tấm sườn nướng,28000,53,13000,1,0,1,delivery,16:15,0,0,0.0,Công nhân,Cơm tấm,Phường Đông Hòa
L11821,R138,2026-06-27,Cơm tấm bì,29000,60,12000,1,0,1,delivery,16:15,0,0,0.0,Công nhân,Cơm tấm,Phường Đông Hòa
L11822,R138,2026-06-27,Cơm tấm sườn trứng,30000,54,14000,1,0,1,delivery,16:30,0,0,0.0,Công nhân,Cơm tấm,Phường Đông Hòa
L11823,R138,2026-06-27,Cơm tấm đặc biệt,43000,58,18000,1,0,1,delivery,16:30,0,0,0.0,Công nhân,Cơm tấm,Phường Đông Hòa
L11824,R139,2026-06-27,Bánh mì gà,27000,57,12000,3,1,2,delivery,09:00,12000,15000,0.333,Ngoại ô,Bánh mì,Xã Bà Điểm
L11825,R139,2026-06-27,Bánh mì thịt nguội,28000,52,13000,3,2,1,delivery,09:45,26000,30000,0.667,Ngoại ô,Bánh mì,Xã Bà Điểm
L11826,R139,2026-06-27,Bánh mì chả lụa,19000,57,8000,3,2,1,delivery,09:00,16000,22000,0.667,Ngoại ô,Bánh mì,Xã Bà Điểm
L11827,R140,2026-06-27,Bún riêu thập cẩm,38000,43,22000,5,2,3,delivery,17:15,44000,32000,0.4,Ngoại ô,Bún riêu,Xã Hiệp Phước
L11828,R140,2026-06-27,Bún riêu cua mọc,36000,38,22000,6,1,5,delivery,17:45,22000,14000,0.167,Ngoại ô,Bún riêu,Xã Hiệp Phước
L11829,R141,2026-06-27,Cơm canh chua,45000,30,31000,3,1,2,delivery,15:30,31000,14000,0.333,Sinh viên,Cơm văn phòng,Phường Long Bình
L11830,R141,2026-06-27,Cơm gà luộc,39000,35,25000,3,1,2,delivery,15:00,25000,14000,0.333,Sinh viên,Cơm văn phòng,Phường Long Bình
L11831,R142,2026-06-27,Bún riêu cua đồng,33000,49,17000,4,2,2,pickup,11:45,34000,32000,0.5,Công nhân,Bún riêu,Phường Thuận An
L11832,R142,2026-06-27,Bún riêu cua,47000,43,27000,6,4,2,pickup,11:45,108000,80000,0.667,Công nhân,Bún riêu,Phường Thuận An
L11833,R142,2026-06-27,Bún riêu thập cẩm,44000,48,23000,4,2,2,pickup,11:45,46000,42000,0.5,Công nhân,Bún riêu,Phường Thuận An
L11834,R142,2026-06-27,Bún riêu cua mọc,40000,44,22000,4,2,2,pickup,11:15,44000,36000,0.5,Công nhân,Bún riêu,Phường Thuận An
L11835,R143,2026-06-27,Bánh mì thịt nguội,19000,50,10000,2,1,1,pickup,16:45,10000,9000,0.5,Sinh viên,Bánh mì,Phường Cát Lái
L11836,R143,2026-06-27,Bánh mì trứng,31000,44,17000,3,2,1,delivery,16:45,34000,28000,0.667,Sinh viên,Bánh mì,Phường Cát Lái
L11837,R143,2026-06-27,Bánh mì chả lụa,28000,50,14000,3,2,1,delivery,16:15,28000,28000,0.667,Sinh viên,Bánh mì,Phường Cát Lái
L11838,R143,2026-06-27,Bánh mì xíu mại,19000,49,10000,2,1,1,delivery,16:30,10000,9000,0.5,Sinh viên,Bánh mì,Phường Cát Lái
L11839,R144,2026-06-27,Bún bò viên,41000,55,18000,3,2,1,pickup,15:15,36000,46000,0.667,Sinh viên,Bún bò,Phường Phước Long
L11840,R144,2026-06-27,Bún bò Huế đặc biệt,43000,55,19000,2,1,1,pickup,15:00,19000,24000,0.5,Sinh viên,Bún bò,Phường Phước Long
L11841,R144,2026-06-27,Bún bò gân,45000,58,19000,3,2,1,pickup,15:30,38000,52000,0.667,Sinh viên,Bún bò,Phường Phước Long
L11842,R145,2026-06-27,Cơm tấm đặc biệt,33000,48,17000,2,1,1,delivery,19:00,17000,16000,0.5,Trung tâm,Cơm tấm,Phường Phú Nhuận
L11843,R145,2026-06-27,Cơm tấm sườn bì chả,40000,45,22000,1,0,1,pickup,19:30,0,0,0.0,Trung tâm,Cơm tấm,Phường Phú Nhuận
L11844,R145,2026-06-27,Cơm tấm sườn trứng,37000,47,20000,1,0,1,delivery,19:30,0,0,0.0,Trung tâm,Cơm tấm,Phường Phú Nhuận
L11845,R145,2026-06-27,Cơm tấm bì,51000,46,28000,2,1,1,pickup,19:45,28000,23000,0.5,Trung tâm,Cơm tấm,Phường Phú Nhuận
L11846,R146,2026-06-27,Bún bò gân,47000,51,23000,2,1,1,delivery,16:45,23000,24000,0.5,Công nhân,Bún bò,Phường Tân Đông Hiệp
L11847,R146,2026-06-27,Bún bò giò heo,53000,50,26000,2,1,1,delivery,16:00,26000,27000,0.5,Công nhân,Bún bò,Phường Tân Đông Hiệp
L11848,R146,2026-06-27,Bún bò Huế đặc biệt,58000,58,24000,2,1,1,delivery,16:30,24000,34000,0.5,Công nhân,Bún bò,Phường Tân Đông Hiệp
L11849,R147,2026-06-27,Phở bò viên,39000,30,27000,4,1,3,delivery,14:00,27000,12000,0.25,Công nhân,Phở,Phường Dĩ An
L11850,R147,2026-06-27,Phở bò tái,48000,30,34000,3,1,2,delivery,14:45,34000,14000,0.333,Công nhân,Phở,Phường Dĩ An
L11851,R148,2026-06-27,Bún bò gân,43000,30,30000,4,1,3,pickup,17:30,30000,13000,0.25,Trung tâm,Bún bò,Phường Cầu Kiệu
L11852,R148,2026-06-27,Bún bò viên,56000,30,39000,3,1,2,delivery,17:00,39000,17000,0.333,Trung tâm,Bún bò,Phường Cầu Kiệu
L11853,R149,2026-06-27,Bún bò thập cẩm,47000,30,33000,16,5,11,delivery,13:30,165000,70000,0.312,Sinh viên,Bún bò,Phường An Khánh
